
1515073084.9513686
1515073090.9909074
1515073090.9909518
1515073090.9909668
1515073090.9909785
1515073090.9909916
1515073090.991002
1515073090.9910123
1515073092.3475754
1515073092.3476079
1515073092.3476198
1515073092.34763
1515073092.3476396
1515073092.3476489
1515073092.347658
1515073093.5802517
1515073093.5807357
1515073093.5807667
1515073093.5807836
1515073093.5807989
1515073093.5808134
1515073093.5808277
1515073095.540896
1515073095.5409813
1515073095.5410419
1515073095.5410957
1515073095.54115
1515073095.5412018
1515073095.5412529
1515073097.2052941
1515073097.2053409
1515073097.2053547
1515073097.205366
1515073097.2053766
1515073097.2053869
1515073097.2053971
1515073098.9576826
1515073098.9577677
1515073098.9577854
1515073098.9577992
1515073098.9578116
1515073098.957824
1515073098.9578364
1515073100.5467527
1515073100.546889
1515073100.5469768
1515073100.5470545
1515073100.5471315
1515073100.5472064
1515073100.5472803
1515073101.980615
1515073101.980642
1515073101.9806528
1515073101.980662
1515073101.9806707
1515073101.980679
1515073101.9806871
1515073103.374602
1515073103.3746276
1515073103.3746402
1515073103.3746495
1515073103.3746583
1515073103.374667
1515073103.3746758
1515073105.1772838
1515073105.1773102
1515073105.1773214
1515073105.1773312
1515073105.1773403
1515073105.1773493
1515073105.1773584
1515073107.086709
1515073107.0867696
1515073107.0867982
1515073107.0868096
1515073107.08682
1515073107.0868297
1515073107.0868397
1515073107.8020048
1515073107.8024418
1515073107.8024633
1515073107.8024757
1515073107.8024864
1515073107.802497
1515073107.8025074
1515073108.336738
1515073108.3367739
1515073108.3367841
1515073108.3367922
1515073108.3368015
1515073108.3368096
1515073108.3368177
1515073108.7766192
1515073108.7766483
1515073108.7766585
1515073108.7766676
1515073108.7766764
1515073108.776685
1515073108.7766936
1515073109.8196578
1515073109.8196914
1515073109.819702
1515073109.8197107
1515073109.8197196
1515073109.8197277
1515073109.819736
1515073110.7983806
1515073110.7984118
1515073110.7984223
1515073110.7984312
1515073110.7984397
1515073110.7984483
1515073110.798457
1515073111.5698984
1515073111.5699258
1515073111.569935
1515073111.569943
1515073111.5699506
1515073111.5699582
1515073111.5699658
1515073112.2656097
1515073112.265994
1515073112.2660134
1515073112.2660248
1515073112.2660346
1515073112.2660441
1515073112.2660532
1515073112.930014
1515073112.9302313
1515073112.930794
1515073112.930809
1515073112.930818
1515073112.9308264
1515073112.930834
1515073113.6320093
1515073113.6323621
1515073113.6323838
1515073113.632396
1515073113.6324067
1515073113.6324172
1515073113.6324272
1515073114.3482883
1515073114.3483195
1515073114.3483343
1515073114.3483465
1515073114.3483584
1515073114.34837
1515073114.3483818
1515073114.9767456
1515073114.9767776
1515073114.9767873
1515073114.9767957
1515073114.9768035
1515073114.9768112
1515073114.9768186
1515073115.62411
1515073115.624141
1515073115.6241517
1515073115.6241612
1515073115.6241698
1515073115.6241786
1515073115.624187
1515073116.1978135
1515073116.1978476
1515073116.19786
1515073116.1978707
1515073116.1978812
1515073116.1978912
1515073116.1979017
1515073116.708989
1515073116.7090204
1515073116.7090309
1515073116.7090394
1515073116.7090478
1515073116.709059
1515073116.7090676
1515073117.348512
1515073117.3578153
1515073117.357845
1515073117.3578582
1515073117.3578696
1515073117.3578808
1515073117.3578916
1515073117.9598353
1515073117.9598675
1515073117.9598794
1515073117.959918
1515073117.959928
1515073117.9599376
1515073117.9599473