
1515073084.9223077
1515073091.218406
1515073091.2184484
1515073091.2184622
1515073091.2184737
1515073091.2184858
1515073091.2184968
1515073091.2185073
1515073093.1899567
1515073093.1899981
1515073093.1900146
1515073093.1900294
1515073093.1900437
1515073093.1900582
1515073093.1900725
1515073094.817715
1515073094.8177645
1515073094.8177803
1515073094.8177917
1515073094.8178027
1515073094.8178134
1515073094.8178244
1515073096.028891
1515073096.0289288
1515073096.0289443
1515073096.0289574
1515073096.0289714
1515073096.0289862
1515073096.0289984
1515073097.1998603
1515073097.199923
1515073097.1999383
1515073097.1999493
1515073097.199958
1515073097.199967
1515073097.1999755
1515073098.4487371
1515073098.448774
1515073098.448788
1515073098.4488003
1515073098.4488122
1515073098.448824
1515073098.4488356
1515073099.6761258
1515073099.6764047
1515073099.6764202
1515073099.6764295
1515073099.6764395
1515073099.6764505
1515073099.6764586
1515073101.0012426
1515073101.0016816
1515073101.001705
1515073101.0017176
1515073101.0017288
1515073101.00174
1515073101.0017507
1515073102.2065141
1515073102.2065637
1515073102.2065802
1515073102.2065933
1515073102.206605
1515073102.2066164
1515073102.2066278
1515073103.4887822
1515073103.4888098
1515073103.488819
1515073103.4888268
1515073103.4888344
1515073103.488842
1515073103.4888494
1515073104.4360998
1515073104.4361436
1515073104.436156
1515073104.4361656
1515073104.4361744
1515073104.436183
1515073104.4361918
1515073105.3059785
1515073105.3067
1515073105.3067174
1515073105.306727
1515073105.3067348
1515073105.3067424
1515073105.30675
1515073106.2234662
1515073106.2268248
1515073106.2268505
1515073106.2268634
1515073106.2268748
1515073106.226885
1515073106.2268956
1515073107.0569394
1515073107.0569725
1515073107.0569842
1515073107.0569942
1515073107.057004
1515073107.0570138
1515073107.0570235
1515073107.7002542
1515073107.7005417
1515073107.700559
1515073107.7005687
1515073107.7005773
1515073107.7005854
1515073107.7005937
1515073108.4978807
1515073108.4979203
1515073108.49793
1515073108.4979382
1515073108.497946
1515073108.4979537
1515073108.4979613
1515073109.2136207
1515073109.2136497
1515073109.2136593
1515073109.2136672
1515073109.2136748
1515073109.2136822
1515073109.2136898
1515073110.3223598
1515073110.3223875
1515073110.3223963
1515073110.3224044
1515073110.322412
1515073110.3224194
1515073110.322427
1515073111.5144832
1515073111.5182567
1515073111.5182788
1515073111.5182898
1515073111.5182998
1515073111.518309
1515073111.5183187
1515073112.5735288
1515073112.5735629
1515073112.5735729
1515073112.5735817
1515073112.5735903
1515073112.5735986
1515073112.573607
1515073113.5546415
1515073113.5547302
1515073113.5548086
1515073113.5548716
1515073113.5549276
1515073113.555414
1515073113.5554814
1515073114.4809885
1515073114.4810243
1515073114.481034
1515073114.4810448
1515073114.4810526
1515073114.4810603
1515073114.4810677
1515073115.311256
1515073115.3112905
1515073115.311316
1515073115.3113275
1515073115.3113387
1515073115.3113494
1515073115.3113601
1515073116.2434998
1515073116.2435284
1515073116.2435381
1515073116.2435465
1515073116.2435546
1515073116.2435622
1515073116.24357
1515073117.3911219
1515073117.3911538
1515073117.3911638
1515073117.3911726
1515073117.3911812
1515073117.3911908
1515073117.3911994
1515073118.3101308
1515073118.3101594
1515073118.3101683
1515073118.3101764
1515073118.310184
1515073118.3101916
1515073118.3101993
1515073119.2174363
1515073119.217463
1515073119.2174728
1515073119.217481
1515073119.217489
1515073119.2174969
1515073119.2175047
1515073120.1346154
1515073120.134928
1515073120.1349454
1515073120.1349545
1515073120.1349626
1515073120.1349702
1515073120.1349778
1515073120.928991
1515073120.9290218
1515073120.9290335
1515073120.929043
1515073120.9290524
1515073120.9290626
1515073120.9290717
1515073121.4853776
1515073121.4854379
1515073121.4854577
1515073121.4854727
1515073121.4854875