
1515073084.9079175
1515073090.681697
1515073090.6817343
1515073090.6817474
1515073090.6817584
1515073090.681771
1515073090.6817822
1515073090.6817927
1515073091.3330355
1515073091.3360765
1515073091.3361259
1515073091.3361447
1515073091.3361597
1515073091.3361742
1515073091.3361886
1515073091.9857318
1515073091.9857838
1515073091.9857972
1515073091.9858077
1515073091.9858174
1515073091.9858274
1515073091.9858372
1515073092.7712803
1515073092.772068
1515073092.772108
1515073092.7721324
1515073092.7721596
1515073092.7721834
1515073092.7722056
1515073094.2482333
1515073094.2482998
1515073094.2483222
1515073094.248342
1515073094.2483616
1515073094.2483811
1515073094.2484004
1515073095.4158726
1515073095.4159358
1515073095.4159513
1515073095.4159644
1515073095.4159787
1515073095.4159908
1515073095.4160032
1515073096.975184
1515073096.9752192
1515073096.9752312
1515073096.9752414
1515073096.9752533
1515073096.9752629
1515073096.9752727
1515073098.8915672
1515073098.8916023
1515073098.8916175
1515073098.8916304
1515073098.891643
1515073098.8916554
1515073098.8916676
1515073100.5841415
1515073100.5841684
1515073100.5841796
1515073100.5841885
1515073100.584197
1515073100.5842052
1515073100.5842133
1515073102.220108
1515073102.2201345
1515073102.2201455
1515073102.2201548
1515073102.2201633
1515073102.220172
1515073102.2201805
1515073103.4687314
1515073103.4687672
1515073103.468781
1515073103.4687905
1515073103.4687994
1515073103.4688082
1515073103.4688168
1515073104.8402793
1515073104.8406134
1515073104.8406312
1515073104.8406405
1515073104.8406484
1515073104.840656
1515073104.8406634
1515073106.2543087
1515073106.254822
1515073106.254847
1515073106.2548606
1515073106.2548745
1515073106.2548864
1515073106.254898
1515073107.32814
1515073107.328174
1515073107.3281837
1515073107.3281918
1515073107.3281996
1515073107.328207
1515073107.3282144
1515073108.8488364
1515073108.8488762
1515073108.8488934
1515073108.8489082
1515073108.8489225
1515073108.8489368
1515073108.8489506
1515073110.2845154
1515073110.2845557
1515073110.2845721
1515073110.284586
1515073110.2845998
1515073110.2846134
1515073110.2846265
1515073111.7488103
1515073111.748849
1515073111.7488613
1515073111.7489016
1515073111.748914
1515073111.748924
1515073111.7489343
1515073113.1004925
1515073113.1005278
1515073113.100538
1515073113.1005466
1515073113.1005547
1515073113.1005628
1515073113.1005707
1515073114.3476322
1515073114.3476615
1515073114.3476722
1515073114.3476813
1515073114.3477316
1515073114.3477457
1515073114.3477545
1515073115.353822
1515073115.353848
1515073115.3538573
1515073115.3538654
1515073115.353873
1515073115.3538804
1515073115.353888
1515073116.2980378
1515073116.2980683
1515073116.2980783
1515073116.298087
1515073116.2980955
1515073116.2981038
1515073116.2981124
1515073117.216191
1515073117.2162182
1515073117.2162278
1515073117.2162359
1515073117.2162435
1515073117.2162514
1515073117.2162592
1515073118.1641874
1515073118.1642127
1515073118.164222
1515073118.16423
1515073118.1642377
1515073118.1642454
1515073118.1642528
1515073119.144765
1515073119.1448014
1515073119.144813
1515073119.1448226
1515073119.1448317
1515073119.1448407
1515073119.1448495
1515073119.9716198
1515073119.9716487
1515073119.9716582
1515073119.9716666
1515073119.9716747
1515073119.9716833
1515073119.9716911
1515073120.5684783
1515073120.5685196
1515073120.5685341
1515073120.5685472
1515073120.56856
1515073120.568572
1515073120.5685844
1515073121.2231915
1515073121.223225
1515073121.2232392
1515073121.2232513
1515073121.223263
1515073121.2232745
1515073121.223286
1515073121.7161794
1515073121.7162185
1515073121.7162356
1515073121.716251
1515073121.7162657
1515073121.71628
1515073121.7162943
1515073121.9646287
1515073121.96466
1515073121.9646716
1515073121.9646814