
1515073084.9355454
1515073090.584976
1515073090.5850143
1515073090.5850277
1515073090.585039
1515073090.585053
1515073090.5850635
1515073090.585074
1515073091.3307002
1515073091.33073
1515073091.3307424
1515073091.3307524
1515073091.3307621
1515073091.3307717
1515073091.330796
1515073092.311844
1515073092.3118973
1515073092.3119109
1515073092.3119192
1515073092.311927
1515073092.3119347
1515073092.3119423
1515073093.8876894
1515073093.8877208
1515073093.8877332
1515073093.8877435
1515073093.8877556
1515073093.8877654
1515073093.8877754
1515073094.7301433
1515073094.7301812
1515073094.7301953
1515073094.7302074
1515073094.7302194
1515073094.7302306
1515073094.7302423
1515073095.4973032
1515073095.4973686
1515073095.4973848
1515073095.4973938
1515073095.4974027
1515073095.497411
1515073095.4974194
1515073096.366726
1515073096.3667622
1515073096.3667748
1515073096.3668187
1515073096.3668332
1515073096.3668437
1515073096.366854
1515073097.44663
1515073097.4466722
1515073097.4466856
1515073097.4466965
1515073097.4467068
1515073097.4467177
1515073097.446728
1515073098.5591671
1515073098.5592663
1515073098.5593364
1515073098.559399
1515073098.5594585
1515073098.5595164
1515073098.5595744
1515073100.0690908
1515073100.0691266
1515073100.069139
1515073100.0691497
1515073100.06916
1515073100.0691698
1515073100.0691795
1515073101.5047786
1515073101.5048203
1515073101.5048358
1515073101.5048466
1515073101.504857
1515073101.504867
1515073101.5048773
1515073102.7247066
1515073102.7247314
1515073102.7247407
1515073102.7247486
1515073102.7247562
1515073102.7247636
1515073102.724771
1515073104.0870492
1515073104.0870867
1515073104.087099
1515073104.087123
1515073104.0871344
1515073104.087144
1515073104.0871537
1515073106.0416486
1515073106.041705
1515073106.0417156
1515073106.0417252
1515073106.041734
1515073106.0417426
1515073106.0417511
1515073107.8652673
1515073107.865298
1515073107.8653083
1515073107.8653176
1515073107.8653264
1515073107.865335
1515073107.8653438
1515073110.0147753
1515073110.0148427
1515073110.0148544
1515073110.014864
1515073110.014873
1515073110.0148818
1515073110.0148902
1515073111.3879216
1515073111.3879552
1515073111.3879676
1515073111.3883889
1515073111.388419
1515073111.3884304
1515073111.3884408
1515073112.5763314
1515073112.5763614
1515073112.576372
1515073112.5763807
1515073112.57639
1515073112.5763986
1515073112.5764072
1515073113.6976202
1515073113.6976523
1515073113.6976645
1515073113.6976748
1515073113.6976848
1515073113.6976945
1515073113.6977043
1515073114.6982646
1515073114.6982942
1515073114.6983042
1515073114.6983132
1515073114.6983218
1515073114.6983302
1515073114.6983385
1515073115.5926476
1515073115.5926905
1515073115.5927076
1515073115.592722
1515073115.592736
1515073115.5927496
1515073115.5927634
1515073116.3339715
1515073116.3340018
1515073116.334012
1515073116.334021
1515073116.3340294
1515073116.3340378
1515073116.3340461
1515073117.2671566
1515073117.267193
1515073117.2672043
1515073117.2672138
1515073117.267223
1515073117.267232
1515073117.2672415
1515073118.1200135
1515073118.1200445
1515073118.1200547
1515073118.1200638
1515073118.1200728
1515073118.120081
1515073118.1200895
1515073118.9585109
1515073118.958547
1515073118.9585578
1515073118.9585676
1515073118.9585767
1515073118.9585865
1515073118.9585958
1515073119.652534
1515073119.6528914
1515073119.652913
1515073119.6529253
1515073119.6529355
1515073119.6529455
1515073119.6529553
1515073120.3132455
1515073120.313277
1515073120.3132885
1515073120.3132982
1515073120.3133075
1515073120.3133168