
1515073084.8955286
1515073092.218629
1515073092.2186599
1515073092.2186706
1515073092.2186792
1515073092.218688
1515073092.218696
1515073092.2187037
1515073093.2132752
1515073093.213302
1515073093.213312
1515073093.2133205
1515073093.2133288
1515073093.2133372
1515073093.2133453
1515073094.4046283
1515073094.4046712
1515073094.4046855
1515073094.4046957
1515073094.4047055
1515073094.404715
1515073094.4047248
1515073095.9018857
1515073095.9026773
1515073095.9027064
1515073095.9027226
1515073095.9027398
1515073095.9027534
1515073095.902767
1515073097.3647025
1515073097.3647475
1515073097.3647642
1515073097.364778
1515073097.3647916
1515073097.364805
1515073097.3648183
1515073098.8721492
1515073098.8721843
1515073098.8721964
1515073098.872207
1515073098.8722167
1515073098.8722265
1515073098.872236
1515073100.3650465
1515073100.36509
1515073100.3651063
1515073100.36512
1515073100.3651369
1515073100.3651502
1515073100.3651638
1515073101.610457
1515073101.6104863
1515073101.6104958
1515073101.6105037
1515073101.6105113
1515073101.610519
1515073101.6105263
1515073102.8843267
1515073102.884366
1515073102.884382
1515073102.8843935
1515073102.8844101
1515073102.8844213
1515073102.884432
1515073103.5933323
1515073103.5933723
1515073103.5933883
1515073103.5934024
1515073103.5934157
1515073103.5934289
1515073103.5934417
1515073104.6780179
1515073104.678445
1515073104.6784713
1515073104.678486
1515073104.6784995
1515073104.678512
1515073104.678525
1515073105.8111775
1515073105.8112302
1515073105.8112433
1515073105.8112545
1515073105.8112657
1515073105.8112764
1515073105.811287
1515073107.050972
1515073107.0515928
1515073107.0516124
1515073107.0516222
1515073107.0516322
1515073107.0516405
1515073107.0516484
1515073108.1741846
1515073108.1742146
1515073108.174224
1515073108.1742325
1515073108.1742406
1515073108.1742485
1515073108.1742563
1515073109.2092972
1515073109.2093344
1515073109.2093482
1515073109.2093596
1515073109.2093709
1515073109.2093818
1515073109.2093925
1515073110.09341
1515073110.0934403
1515073110.0934498
1515073110.0934582
1515073110.0934658
1515073110.0934734
1515073110.093481
1515073110.9719179
1515073110.9722517
1515073110.9722705
1515073110.9722807
1515073110.9722898
1515073110.9722986
1515073110.9723074
1515073111.7564893
1515073111.7565138
1515073111.7565234
1515073111.7565355
1515073111.756544
1515073111.756552
1515073111.7565598
1515073112.6002982
1515073112.6007793
1515073112.6007993
1515073112.60081
1515073112.6008196
1515073112.6008286
1515073112.6008375
1515073113.3930976
1515073113.3931284
1515073113.3931377
1515073113.3931458
1515073113.3931537
1515073113.3931613
1515073113.3931684
1515073114.207001
1515073114.2073472
1515073114.207364
1515073114.207373
1515073114.2073808
1515073114.2073884
1515073114.2073965
1515073114.9151802
1515073114.9152129
1515073114.9152236
1515073114.915233
1515073114.9152415
1515073114.9152503
1515073114.915259
1515073115.6414149
1515073115.6414392
1515073115.6414483
1515073115.6414561
1515073115.641464
1515073115.6414716
1515073115.6414793
1515073116.3809652
1515073116.3809931
1515073116.3810024
1515073116.3810103
1515073116.3810182
1515073116.3810258
1515073116.3810332
1515073117.192497
1515073117.1928065
1515073117.192824
1515073117.192833
1515073117.192841
1515073117.1928527
1515073117.1928608
1515073117.9157736
1515073117.9158096
1515073117.915822
1515073117.915833
1515073117.9158432
1515073117.9158535
1515073117.9158638
1515073118.5362668
1515073118.5362961
1515073118.5363057
1515073118.5363138
1515073118.5363216
1515073118.5363295
1515073118.536337
1515073119.2255986
1515073119.2256265
1515073119.2256389
1515073119.2256496
1515073119.22566
1515073119.22567
1515073119.22568
1515073120.0231452
1515073120.0231774
1515073120.0231886
1515073120.023198
1515073120.0232072
1515073120.0232172
1515073120.0232265
1515073120.2106757
1515073120.2107122