
1515073084.9080856
1515073090.9387927
1515073090.9388435
1515073090.9388607
1515073090.938875
1515073090.9388902
1515073090.9389038
1515073090.9389176
1515073093.1596339
1515073093.159663
1515073093.159673
1515073093.1596816
1515073093.1596901
1515073093.1596985
1515073093.159707
1515073094.7218728
1515073094.7219281
1515073094.7219453
1515073094.721957
1515073094.721968
1515073094.7219787
1515073094.7220058
1515073095.5746424
1515073095.5747173
1515073095.574769
1515073095.5748558
1515073095.5749228
1515073095.57497
1515073095.575015
1515073096.6527681
1515073096.6528087
1515073096.6528258
1515073096.6528683
1515073096.6528883
1515073096.6529021
1515073096.6529152
1515073097.8072906
1515073097.807337
1515073097.8073492
1515073097.8073592
1515073097.8073683
1515073097.8073773
1515073097.8073864
1515073099.0625913
1515073099.0626352
1515073099.0626493
1515073099.0626876
1515073099.0627067
1515073099.0627189
1515073099.0627303
1515073100.2938051
1515073100.2938368
1515073100.2938473
1515073100.2938564
1515073100.2938652
1515073100.293874
1515073100.2938826
1515073101.5758529
1515073101.5759442
1515073101.5763614
1515073101.5764427
1515073101.5765078
1515073101.576568
1515073101.5766258
1515073102.7207773
1515073102.7208066
1515073102.7208169
1515073102.7208254
1515073102.7208338
1515073102.7208424
1515073102.720851
1515073103.704651
1515073103.704691
1515073103.7047043
1515073103.7047145
1515073103.7047243
1515073103.704734
1515073103.7047439
1515073105.019815
1515073105.0202034
1515073105.0202255
1515073105.0202372
1515073105.0202472
1515073105.020257
1515073105.020267
1515073106.2812054
1515073106.2816517
1515073106.2816706
1515073106.2816803
1515073106.28169
1515073106.2816982
1515073106.281707
1515073107.407372
1515073107.4074075
1515073107.4074204
1515073107.4074311
1515073107.4074414
1515073107.4074516
1515073107.407462
1515073108.9264555
1515073108.9264796
1515073108.9264889
1515073108.9264967
1515073108.9265041
1515073108.9265118
1515073108.9265192
1515073110.32979
1515073110.329824
1515073110.3298392
1515073110.3298519
1515073110.3298643
1515073110.3298764
1515073110.3298883
1515073111.5964081
1515073111.5968735
1515073111.5968933
1515073111.596904
1515073111.5969136
1515073111.5969226
1515073111.5969312
1515073112.677653
1515073112.677679
1515073112.6776884
1515073112.6776962
1515073112.677704
1515073112.6777117
1515073112.677719
1515073113.844123
1515073113.8444784
1515073113.8444922
1515073113.844501
1515073113.8445094
1515073113.8445177
1515073113.844526
1515073114.83134
1515073114.831373
1515073114.8313844
1515073114.8313942
1515073114.8314037
1515073114.8314133
1515073114.8314226
1515073115.708232
1515073115.7082753
1515073115.7082915
1515073115.7083056
1515073115.7083192
1515073115.7083325
1515073115.7083457
1515073116.6300821
1515073116.630199
1515073116.6302664
1515073116.630327
1515073116.6303852
1515073116.6304426
1515073116.630499
1515073118.1322973
1515073118.1323247
1515073118.1323357
1515073118.1323454
1515073118.132355
1515073118.132364
1515073118.1323733
1515073119.2533562
1515073119.2533858
1515073119.2533975
1515073119.2534075
1515073119.2534175
1515073119.2534268
1515073119.253436
1515073120.2893302
1515073120.2893665
1515073120.2893765
1515073120.289385
1515073120.2893934
1515073120.2894049
1515073120.2894135
1515073121.2018347
1515073121.2018692
1515073121.2018812
1515073121.2018912
1515073121.2019007
1515073121.2019105
1515073121.20192
1515073121.810232
1515073121.810629
1515073121.8106503
1515073121.810663
1515073121.8106794
1515073121.8106902
1515073121.8107004
1515073122.1769788
1515073122.1770115
1515073122.1770227
1515073122.1770322
1515073122.1770408
1515073122.1770496
1515073122.1770582
1515073122.506908
1515073122.506944
1515073122.5069556
1515073122.5069659
1515073122.5069761
1515073122.506989
1515073122.506999