
1515073084.9235287
1515073090.6726036
1515073090.6726484
1515073090.672661
1515073090.672672
1515073090.6726851
1515073090.6726954
1515073090.6727054
1515073091.317634
1515073091.3176653
1515073091.317676
1515073091.317685
1515073091.3176932
1515073091.3177016
1515073091.3177097
1515073092.2280512
1515073092.228079
1515073092.2280915
1515073092.2281013
1515073092.2281106
1515073092.2281196
1515073092.2281287
1515073093.3115647
1515073093.3115916
1515073093.3116012
1515073093.3116097
1515073093.31162
1515073093.311628
1515073093.311636
1515073094.8659916
1515073094.8660293
1515073094.8660445
1515073094.866058
1515073094.866071
1515073094.8660834
1515073094.8660958
1515073096.2859132
1515073096.2859504
1515073096.2859633
1515073096.285974
1515073096.285985
1515073096.2859957
1515073096.286006
1515073098.1050267
1515073098.105056
1515073098.1050658
1515073098.1050744
1515073098.1050842
1515073098.1050923
1515073098.1051002
1515073099.8974593
1515073099.8975801
1515073099.897662
1515073099.8977373
1515073099.8978095
1515073099.8978796
1515073099.8979497
1515073101.8274982
1515073101.8275273
1515073101.827537
1515073101.8275452
1515073101.8275528
1515073101.8275602
1515073101.827568
1515073103.4168172
1515073103.416845
1515073103.4168546
1515073103.4168625
1515073103.4168704
1515073103.416878
1515073103.4168854
1515073105.165711
1515073105.1657414
1515073105.165753
1515073105.1657617
1515073105.1657703
1515073105.1657786
1515073105.165787
1515073106.6314301
1515073106.6314676
1515073106.6314805
1515073106.6314914
1515073106.6315017
1515073106.6315117
1515073106.631522
1515073108.557524
1515073108.5575526
1515073108.5575643
1515073108.5575745
1515073108.5575864
1515073108.5575964
1515073108.557606
1515073110.4900072
1515073110.4900377
1515073110.490047
1515073110.4900548
1515073110.4900625
1515073110.4900699
1515073110.4900773
1515073111.9599462
1515073111.9599814
1515073111.9599934
1515073111.9600036
1515073111.9600134
1515073111.9600232
1515073111.9600327
1515073113.1547673
1515073113.1548195
1515073113.154831
1515073113.154841
1515073113.1548502
1515073113.1548593
1515073113.1548684
1515073114.341342
1515073114.3413875
1515073114.3414047
1515073114.34142
1515073114.3414342
1515073114.3414488
1515073114.341463
1515073115.2928731
1515073115.2929044
1515073115.2929137
1515073115.2929215
1515073115.2929292
1515073115.2929368
1515073115.2929502
1515073116.3927681
1515073116.3928146
1515073116.392834
1515073116.3928504
1515073116.3928668
1515073116.392883
1515073116.392899
1515073117.431601
1515073117.4316316
1515073117.4316857
1515073117.4316955
1515073117.4317048
1515073117.4317143
1515073117.4317234
1515073118.2996721
1515073118.299704
1515073118.2997162
1515073118.2997265
1515073118.2997363
1515073118.2997458
1515073118.2997553
1515073119.200451
1515073119.2004838
1515073119.200495
1515073119.2005038
1515073119.2005124
1515073119.2005208
1515073119.200529
1515073120.0956364
1515073120.0956626
1515073120.0956717
1515073120.0956795
1515073120.095687
1515073120.0956943
1515073120.0957015
1515073120.9200797
1515073120.9201174
1515073120.9201314
1515073120.9201438
1515073120.9201553
1515073120.9201667
1515073120.9201782
1515073121.5928674
1515073121.593355
1515073121.5933807
1515073121.5933957
1515073121.593476
1515073121.593497
1515073121.593511
1515073121.9876542
1515073121.9876862
1515073121.9876993
1515073121.9877114
1515073121.9877234
1515073121.9877353
1515073121.987747
1515073122.2225518
1515073122.2225924
1515073122.2226026
1515073122.2226107
1515073122.2226188
1515073122.2226264
1515073122.2226343
1515073122.3833747
1515073122.3834062
1515073122.3834178