
1515073084.9107609
1515073090.8216565
1515073090.8216863
1515073090.8216982
1515073090.8217084
1515073090.8217192
1515073090.821729
1515073090.8217382
1515073091.5417972
1515073091.5418358
1515073091.5418496
1515073091.541861
1515073091.541872
1515073091.5418835
1515073091.5418944
1515073092.1958168
1515073092.1958613
1515073092.1958783
1515073092.1959105
1515073092.1959214
1515073092.1959314
1515073092.1959412
1515073092.6560555
1515073092.6563663
1515073092.6563845
1515073092.656394
1515073092.6564045
1515073092.656413
1515073092.6564212
1515073093.1336546
1515073093.1336987
1515073093.1337101
1515073093.1337194
1515073093.1337283
1515073093.1337368
1515073093.1337457
1515073093.9814386
1515073093.981473
1515073093.9814851
1515073093.981496
1515073093.9815063
1515073093.9815173
1515073093.9815278
1515073094.418122
1515073094.41816
1515073094.4181716
1515073094.4181814
1515073094.4181933
1515073094.4182029
1515073094.4182124
1515073094.9427922
1515073094.9432087
1515073094.9432275
1515073094.943238
1515073094.9432468
1515073094.9432554
1515073094.9432635
1515073095.5005152
1515073095.5005524
1515073095.5005653
1515073095.5005748
1515073095.5005836
1515073095.5005925
1515073095.5006015
1515073096.4736264
1515073096.4736717
1515073096.4736881
1515073096.4737027
1515073096.473716
1515073096.4737291
1515073096.4737425
1515073097.4540637
1515073097.4541206
1515073097.4541385
1515073097.4541516
1515073097.4541638
1515073097.4541755
1515073097.4541872
1515073098.4768267
1515073098.4768581
1515073098.4768677
1515073098.4768763
1515073098.4768841
1515073098.476892
1515073098.4768999
1515073099.4393222
1515073099.439367
1515073099.43938
1515073099.4393904
1515073099.4394019
1515073099.439412
1515073099.4394221
1515073100.6116915
1515073100.6117215
1515073100.6117332
1515073100.6117432
1515073100.611753
1515073100.6117625
1515073100.611772
1515073101.612239
1515073101.6123698
1515073101.61245
1515073101.61252
1515073101.612588
1515073101.6126554
1515073101.6127222
1515073102.5665967
1515073102.566632
1515073102.5666444
1515073102.5666552
1515073102.5666654
1515073102.5666754
1515073102.5666857
1515073103.3667974
1515073103.3668416
1515073103.366853
1515073103.3668623
1515073103.3668714
1515073103.3668802
1515073103.366889
1515073104.5210218
1515073104.5210567
1515073104.5210702
1515073104.5210817
1515073104.5210924
1515073104.5211034
1515073104.5211143
1515073105.8166804
1515073105.8171258
1515073105.8171432
1515073105.8171525
1515073105.8171606
1515073105.8171685
1515073105.8171804
1515073107.238431
1515073107.2384694
1515073107.2384825
1515073107.2384927
1515073107.238503
1515073107.238513
1515073107.238523
1515073108.883263
1515073108.8832967
1515073108.8833117
1515073108.8833246
1515073108.8833375
1515073108.88335
1515073108.883362
1515073110.2764277
1515073110.2764773
1515073110.276492
1515073110.2765048
1515073110.2765167
1515073110.2765284
1515073110.2765403
1515073111.4310808
1515073111.4311082
1515073111.431119
1515073111.4311395
1515073111.4311483
1515073111.4311566
1515073111.431165
1515073112.4546044
1515073112.454644
1515073112.4546554
1515073112.4546654
1515073112.4546752
1515073112.454685
1515073112.4546945
1515073113.3383908
1515073113.3384533
1515073113.3384726
1515073113.338488
1515073113.3385026
1515073113.3385217
1515073113.3385365
1515073113.7713327
1515073113.7716718
1515073113.771694