
1515073084.898217
1515073086.0910227
1515073086.0910525
1515073086.091062
1515073086.09107
1515073086.091079
1515073086.0910864
1515073086.091094
1515073086.0911117
1515073086.091127
1515073086.091135
1515073086.091143
1515073086.0911505
1515073086.091158
1515073086.0911655
1515073086.091173
1515073086.0911865
1515073086.0911953
1515073086.0912027
1515073086.0912104
1515073086.0912178
1515073086.0912251
1515073086.0912328
1515073086.0912461
1515073086.091254
1515073086.0912616
1515073086.0912695
1515073086.0912771
1515073086.0912845
1515073086.091292
1515073086.092563
1515073086.0926683
1515073086.0927246
1515073086.0927732
1515073086.0928192
1515073086.0928643
1515073086.0929122
1515073086.9644752
1515073086.964512
1515073086.9645252
1515073086.9645376
1515073086.9645495
1515073086.9645615
1515073086.9645736
1515073086.9645972
1515073086.96461
1515073086.9646218
1515073086.9646351
1515073086.9646468
1515073086.9646587
1515073086.9646704
1515073086.964692
1515073086.9647045
1515073086.9647164
1515073086.964728
1515073086.9647398
1515073086.9647515
1515073086.9647634
1515073086.9647844
1515073086.9647975
1515073086.9648094
1515073086.964821
1515073086.964833
1515073086.9648447
1515073086.9648564
1515073086.964878
1515073086.9648907
1515073086.9649026
1515073086.9649143
1515073086.964926
1515073086.9649377
1515073086.9649494
1515073086.965683
1515073087.8241386
1515073087.8241758
1515073087.8241892
1515073087.824201
1515073087.8242133
1515073087.824225
1515073087.8242369
1515073087.8242602
1515073087.8242733
1515073087.824285
1515073087.8242967
1515073087.8243086
1515073087.8243206
1515073087.8243322
1515073087.8243535
1515073087.824366
1515073087.82438
1515073087.8243916
1515073087.8244035
1515073087.8244152
1515073087.824427
1515073087.8244476
1515073087.82446
1515073087.8244715
1515073087.8244832
1515073087.8244956
1515073087.8245075
1515073087.8245192
1515073087.8245404
1515073087.825273
1515073087.8253915
1515073087.8254678
1515073087.8255394
1515073087.8256078
1515073087.8256779
1515073087.825745
1515073088.6606946
1515073088.6607313
1515073088.6607435
1515073088.6607537
1515073088.6607635
1515073088.6607733
1515073088.660783
1515073088.6607928
1515073088.6608107
1515073088.6608212
1515073088.6608307
1515073088.6608403
1515073088.66085
1515073088.6608596
1515073088.6608694
1515073088.660887
1515073088.6608973
1515073088.660907
1515073088.6609187
1515073088.6609285
1515073088.660938
1515073088.6609478
1515073088.6609647
1515073088.6609747
1515073088.6609962
1515073088.6610157
1515073088.661025
1515073088.661034
1515073088.6610432
1515073088.6616359
1515073088.6617312
1515073088.6617932
1515073088.66185
1515073088.6619267
1515073088.661993
1515073088.6620457
1515073089.7608318
1515073089.7608814
1515073089.7608998
1515073089.7609153
1515073089.7609315
1515073089.760946
1515073089.7609603
1515073090.9757907
1515073090.9758177
1515073090.9758272
1515073090.975835
1515073090.9758427
1515073090.9758503
1515073090.9758577
1515073093.489154
1515073093.4891872
1515073093.4892
1515073093.489211
1515073093.4892216
1515073093.4892318
1515073093.489242
1515073095.868138
1515073095.868168
1515073095.8681781
1515073095.8681872
1515073095.8681955
1515073095.868204
1515073095.8682125
1515073098.030925
1515073098.030965
1515073098.0309768
1515073098.0309868
1515073098.0309968
1515073098.0310066
1515073098.0310163
1515073099.9227293
1515073099.9227579
1515073099.9227679
1515073099.9227767
1515073099.9227977
1515073099.922806
1515073099.9228144
1515073101.750335
1515073101.7503645
1515073101.7503748
1515073101.7503834
1515073101.7503917
1515073101.7503996
1515073101.7504075
1515073103.5361247
1515073103.536156
1515073103.5361686
1515073103.536179
1515073103.5361896
1515073103.5361998
1515073103.53621
1515073105.3004653
1515073105.3004978
1515073105.3005097
1515073105.30052
1515073105.3005302
1515073105.3005397
1515073105.3005493
1515073107.2966416
1515073107.2966783
1515073107.296688
1515073107.2966974
1515073107.2967055
1515073107.2967138
1515073107.2967222
1515073109.0520422
1515073109.0520744
1515073109.052087
1515073109.052098
1515073109.0521083
1515073109.0521188
1515073109.052129
1515073110.2684133
1515073110.2684522
1515073110.2684672
1515073110.2684803
1515073110.268493
1515073110.2685053
1515073110.2685177
1515073111.5921948
1515073111.5922365
1515073111.592255
1515073111.5922706
1515073111.5922859
1515073111.592302
1515073111.592317
1515073112.9043753
1515073112.904412
1515073112.9044251
1515073112.904437
1515073112.9044485
1515073112.9044592
1515073112.90447
1515073114.0957842
1515073114.0959082
1515073114.0959754
1515073114.096029
1515073114.0960798
1515073114.09613
1515073114.0961785
1515073115.078868
1515073115.0789063
1515073115.0789201
1515073115.078931
1515073115.0789416
1515073115.078952
1515073115.0789623
1515073116.1522765
1515073116.1523142
1515073116.1523268
1515073116.1523373
1515073116.1523478
1515073116.1523583
1515073116.1523688
1515073117.1398613
1515073117.1402047
1515073117.140224
1515073117.140234
1515073117.1402426
1515073117.140251
1515073117.140263
1515073118.01562
1515073118.0165992
1515073118.016619
1515073118.016628
1515073118.016636
1515073118.0166435
1515073118.0166512
1515073118.8417847
1515073118.841828
1515073118.8418455
1515073118.841861
1515073118.8418756
1515073118.84189
1515073118.8419044
1515073119.51086
1515073119.5108962
1515073119.5109084
1515073119.5109189
1515073119.5109289
1515073119.5109527
1515073119.5109625
1515073120.214872
1515073120.214905
1515073120.214918
1515073120.214929
1515073120.2149396
1515073120.2149506
1515073120.2149615
1515073120.8450081
1515073120.8450434
1515073120.8450568
1515073120.8450682
1515073120.8450792
1515073120.8450902
1515073120.8451009
1515073121.4109683
1515073121.4110086
1515073121.411025
1515073121.4110396
1515073121.4110584
1515073121.4110727
1515073121.4110866
1515073121.8133476
1515073121.8133845
1515073121.8133998
1515073121.8134124
1515073121.8134248
1515073121.813437
1515073121.813449
1515073122.0077002
1515073122.00773
1515073122.007744