
1515073084.9004025
1515073090.8131216
1515073090.8131528
1515073090.813164
1515073090.8131735
1515073090.813183
1515073090.813192
1515073090.8132005
1515073092.2666636
1515073092.2666929
1515073092.2667038
1515073092.2667134
1515073092.2667224
1515073092.2667313
1515073092.2667398
1515073093.5138476
1515073093.5138848
1515073093.5139086
1515073093.5139265
1515073093.513944
1515073093.5139608
1515073093.5139778
1515073094.7604458
1515073094.7608528
1515073094.7608714
1515073094.7608807
1515073094.7608912
1515073094.7608993
1515073094.7609072
1515073096.0580363
1515073096.0580845
1515073096.058098
1515073096.0581088
1515073096.0581195
1515073096.0581295
1515073096.0581398
1515073097.5572343
1515073097.5572696
1515073097.5572793
1515073097.5572877
1515073097.5572958
1515073097.5573037
1515073097.5573118
1515073098.8885152
1515073098.8885648
1515073098.8885808
1515073098.8885944
1515073098.888608
1515073098.888621
1515073098.8886337
1515073100.1809661
1515073100.1810062
1515073100.1810212
1515073100.1810343
1515073100.1810467
1515073100.1810591
1515073100.1810713
1515073101.746412
1515073101.7464483
1515073101.7464633
1515073101.7464757
1515073101.7464879
1515073101.7464998
1515073101.746512
1515073103.3193865
1515073103.3194752
1515073103.3194883
1515073103.3195171
1515073103.3195283
1515073103.3195364
1515073103.3195443
1515073104.763918
1515073104.7639477
1515073104.7639616
1515073104.7639704
1515073104.7639792
1515073104.7639873
1515073104.7639956
1515073106.2953093
1515073106.2956316
1515073106.2956483
1515073106.2956574
1515073106.295665
1515073106.295673
1515073106.2956805
1515073107.4939158
1515073107.493951
1515073107.4939616
1515073107.4939709
1515073107.4939811
1515073107.4939902
1515073107.4939992
1515073108.8952167
1515073108.8952458
1515073108.8952556
1515073108.8952641
1515073108.8952823
1515073108.8952901
1515073108.8952978
1515073110.1956134
1515073110.1956418
1515073110.195651
1515073110.1956592
1515073110.195667
1515073110.1956744
1515073110.195682
1515073111.557081
1515073111.5573995
1515073111.5574157
1515073111.5574245
1515073111.557433
1515073111.5574408
1515073111.5574484
1515073112.7941337
1515073112.794165
1515073112.794176
1515073112.7941854
1515073112.7941945
1515073112.7942035
1515073112.794212
1515073114.0411913
1515073114.041235
1515073114.0412533
1515073114.0412679
1515073114.0412824
1515073114.0412965
1515073114.0413105
1515073115.1431203
1515073115.1431594
1515073115.143171
1515073115.1431806
1515073115.1431897
1515073115.1431987
1515073115.1432078
1515073116.4362214
1515073116.4362648
1515073116.4362845
1515073116.4363022
1515073116.4363194
1515073116.4363363
1515073116.436353
1515073117.6502466
1515073117.6502836
1515073117.650295
1515073117.6503046
1515073117.6503139
1515073117.6503232
1515073117.6503327
1515073118.6353192
1515073118.635358
1515073118.6353712
1515073118.6353824
1515073118.6353927
1515073118.635403
1515073118.6354132
1515073119.4441342
1515073119.444167
1515073119.444178
1515073119.4441879
1515073119.4441972
1515073119.4442065
1515073119.444216
1515073120.364403
1515073120.365252
1515073120.3652763
1515073120.365289
1515073120.3653002
1515073120.3653107
1515073120.365321
1515073121.186911
1515073121.1869504
1515073121.1869626
1515073121.1869729
1515073121.1869829
1515073121.1869934
1515073121.1870034
1515073121.6546857
1515073121.6547208
1515073121.6547341
1515073121.6547465
1515073121.6547585