
1515073084.9450793
1515073090.8159254
1515073090.8159518
1515073090.8159618
1515073090.8159702
1515073090.8159804
1515073090.8159883
1515073090.8159957
1515073092.0338259
1515073092.0338554
1515073092.0338652
1515073092.0338733
1515073092.0338812
1515073092.033889
1515073092.0338972
1515073093.3242877
1515073093.3243303
1515073093.324347
1515073093.3243594
1515073093.3243716
1515073093.3243835
1515073093.3243952
1515073094.362341
1515073094.3623765
1515073094.362391
1515073094.3624034
1515073094.3624182
1515073094.3624299
1515073094.3624413
1515073095.741174
1515073095.7412121
1515073095.7412243
1515073095.7412348
1515073095.7412446
1515073095.741254
1515073095.7412634
1515073097.0182455
1515073097.0182877
1515073097.0183
1515073097.0183103
1515073097.0183203
1515073097.0183296
1515073097.0183394
1515073098.2926621
1515073098.2927153
1515073098.2927396
1515073098.292761
1515073098.2927814
1515073098.2928023
1515073098.2928243
1515073099.4209182
1515073099.4209502
1515073099.4209614
1515073099.4209714
1515073099.4209807
1515073099.42099
1515073099.4209993
1515073100.6898584
1515073100.6899061
1515073100.6899242
1515073100.6899347
1515073100.6899443
1515073100.6899538
1515073100.6899633
1515073101.6658127
1515073101.6658409
1515073101.6658528
1515073101.665863
1515073101.665873
1515073101.6658826
1515073101.6658921
1515073102.724576
1515073102.7246132
1515073102.7246265
1515073102.7246363
1515073102.7246454
1515073102.7246547
1515073102.7246637
1515073103.806359
1515073103.806391
1515073103.8064024
1515073103.8064125
1515073103.8064222
1515073103.8064315
1515073103.8064408
1515073104.2851005
1515073104.2851512
1515073104.285165
1515073104.2851763
1515073104.285193
1515073104.285204
1515073104.2852154
1515073104.7176406
1515073104.7185743
1515073104.718598
1515073104.7186537
1515073104.71867
1515073104.7186806
1515073104.7186909
1515073105.281655
1515073105.281717
1515073105.2817297
1515073105.2817407
1515073105.2817512
1515073105.2817614
1515073105.281772
1515073105.670576
1515073105.6706073
1515073105.6706176
1515073105.670626
1515073105.6706338
1515073105.6706417
1515073105.6706495
1515073106.075803
1515073106.075834
1515073106.0758452
1515073106.0758553
1515073106.0758646
1515073106.0758739
1515073106.0759041
1515073106.5677133
1515073106.567755
1515073106.567766
1515073106.5677748
1515073106.5677834
1515073106.5677917
1515073106.5677998
1515073107.0030594
1515073107.003096
1515073107.003108
1515073107.0031183
1515073107.0031285
1515073107.003138
1515073107.0031478
1515073107.6436725
1515073107.64402
1515073107.644037
1515073107.6440458
1515073107.6440537
1515073107.6440616
1515073107.6440692
1515073108.0377328
1515073108.0377762
1515073108.037788
1515073108.0377975
1515073108.0378067
1515073108.0378158
1515073108.037825
1515073108.434285
1515073108.4343185
1515073108.4343295
1515073108.4343386
1515073108.4343474
1515073108.4343562
1515073108.4343646
1515073108.9181497
1515073108.9181845
1515073108.9181957
1515073108.918205
1515073108.9182138
1515073108.9182224
1515073108.9182312
1515073109.5197275
1515073109.519764
1515073109.5197752
1515073109.5197847
1515073109.5197937
1515073109.5198028
1515073109.5198116
1515073110.0967293
1515073110.0967672
1515073110.0967798
1515073110.0967898
1515073110.0967996
1515073110.0968103
1515073110.0968204
1515073110.6831577
1515073110.683189
1515073110.6832004
1515073110.68321
1515073110.6832192
1515073110.6832283
1515073110.6832373
1515073111.2320113
1515073111.232062
1515073111.232075
1515073111.2320855
1515073111.2320957
1515073111.2321053
1515073111.232115
1515073111.6274736
1515073111.6275005
1515073111.6275105
1515073111.6275184
1515073111.6275263