
1515073084.9447327
1515073090.4555476
1515073090.455596
1515073090.4556134
1515073090.4556274
1515073090.455645
1515073090.4556584
1515073090.455672
1515073091.9271495
1515073091.9271877
1515073091.9272003
1515073091.927211
1515073091.9272215
1515073091.9272318
1515073091.927242
1515073093.1908731
1515073093.1908991
1515073093.1909103
1515073093.1909187
1515073093.1909263
1515073093.1909335
1515073093.190941
1515073095.0225368
1515073095.0225682
1515073095.022579
1515073095.022588
1515073095.0225985
1515073095.0226073
1515073095.022616
1515073096.5885177
1515073096.588554
1515073096.5885665
1515073096.5885773
1515073096.5885878
1515073096.588598
1515073096.588608
1515073098.0352013
1515073098.0352364
1515073098.0352485
1515073098.035259
1515073098.0352688
1515073098.0352786
1515073098.0352883
1515073099.6142035
1515073099.6145642
1515073099.6145844
1515073099.6145952
1515073099.614606
1515073099.614615
1515073099.6146238
1515073101.047611
1515073101.0481765
1515073101.0481958
1515073101.0482056
1515073101.0482137
1515073101.0482213
1515073101.0482287
1515073102.6929123
1515073102.692947
1515073102.6929593
1515073102.6929686
1515073102.6929772
1515073102.6929858
1515073102.6929946
1515073103.979154
1515073103.9791849
1515073103.9791963
1515073103.979206
1515073103.9792151
1515073103.9792244
1515073103.9792333
1515073105.480761
1515073105.4807951
1515073105.4808083
1515073105.480819
1515073105.4808288
1515073105.4808385
1515073105.480848
1515073106.6490397
1515073106.6490822
1515073106.6490946
1515073106.6491048
1515073106.6491146
1515073106.6491244
1515073106.6491342
1515073107.6553068
1515073107.6556442
1515073107.6556637
1515073107.6556752
1515073107.6556857
1515073107.6556957
1515073107.6557052
1515073108.7567055
1515073108.7567477
1515073108.7567573
1515073108.7567651
1515073108.7567728
1515073108.7567801
1515073108.7567878
1515073109.9801738
1515073109.9802055
1515073109.9802165
1515073109.9802256
1515073109.9802349
1515073109.9802437
1515073109.9802525
1515073111.2788274
1515073111.2789116
1515073111.278939
1515073111.2789586
1515073111.2789724
1515073111.2789822
1515073111.278992
1515073112.6383016
1515073112.6383312
1515073112.6383405
1515073112.6383483
1515073112.638356
1515073112.6383636
1515073112.6383712
1515073114.0552397
1515073114.0552883
1515073114.0553005
1515073114.05531
1515073114.055319
1515073114.0553281
1515073114.0553374
1515073115.1385396
1515073115.138573
1515073115.1385846
1515073115.1385949
1515073115.1386044
1515073115.138614
1515073115.1386235
1515073116.2444944
1515073116.2445185
1515073116.2445288
1515073116.244537
1515073116.2445455
1515073116.2445538
1515073116.244562
1515073117.331465
1515073117.3318293
1515073117.3318512
1515073117.331864
1515073117.3318756
1515073117.3319108
1515073117.3319228
1515073118.2352777
1515073118.2356293
1515073118.2356462
1515073118.235655
1515073118.235663
1515073118.2356706
1515073118.235678
1515073119.1185544
1515073119.118605
1515073119.1186182
1515073119.1186295
1515073119.11864
1515073119.1186502
1515073119.1186607
1515073119.8882492
1515073119.8885822
1515073119.8886018
1515073119.8886127
1515073119.8886225
1515073119.8886318
1515073119.8886409
1515073120.4744186
1515073120.474468
1515073120.47448
1515073120.4744892
1515073120.4744987
1515073120.474513
1515073120.4745228
1515073121.1034787
1515073121.1035123
1515073121.1035242
1515073121.103534
1515073121.1035435
1515073121.1035526
1515073121.1035619
1515073121.7049038
1515073121.7049356
1515073121.704946
1515073121.704955
1515073121.704964
1515073121.7049723
1515073121.7049809
1515073122.1168468
1515073122.1168814
1515073122.116893
1515073122.1169033
1515073122.116913
1515073122.1169226
1515073122.1169322
1515073122.3299234
1515073122.3299618
1515073122.3299756
1515073122.3299878
1515073122.3299987
1515073122.3300114