
1514640460.7035975
1514640466.9192896
1514640466.9193614
1514640466.9193857
1514640467.4061003
1514640467.4061396
1514640467.4061563
1514640467.9669511
1514640467.9669836
1514640467.9669957
1514640468.4959338
1514640468.4959664
1514640468.4959776
1514640469.0801606
1514640469.0801861
1514640469.0801961
1514640469.8120193
1514640469.8123357
1514640469.8123527
1514640470.4325168
1514640470.432546
1514640470.4325557
1514640470.9303076
1514640470.9303355
1514640470.930345
1514640471.8373034
1514640471.837351
1514640471.8373687
1514640472.6884303
1514640472.6887076
1514640472.6887236
1514640473.712411
1514640473.7124326
1514640473.7124422
1514640474.8514292
1514640474.851455
1514640474.851465
1514640475.8693652
1514640475.869394
1514640475.8694036
1514640476.7847836
1514640476.7848125
1514640476.7848217
1514640477.6631818
1514640477.6632109
1514640477.6632206
1514640478.588984
1514640478.5893316
1514640478.5893514
1514640479.4611208
1514640479.4611616
1514640479.4611738
1514640480.340533
1514640480.3405569
1514640480.3405669
1514640481.5527065
1514640481.5527356
1514640481.5527453
1514640482.4748075
1514640482.4748445
1514640482.4748547
1514640483.409881
1514640483.4099205
1514640483.409931
1514640484.3445246
1514640484.3445568
1514640484.3445683
1514640485.3430035
1514640485.343032
1514640485.3430424
1514640486.154902
1514640486.1549299
1514640486.1549397
1514640487.364844
1514640487.3648744
1514640487.3648849
1514640488.6374907
1514640488.6375186
1514640488.637528
1514640489.8422973
1514640489.8423257
1514640489.8423352
1514640491.346777
1514640491.346807
1514640491.3468175
1514640492.1455014
1514640492.1455748
1514640492.145585
1514640492.697091
1514640492.6971204
1514640492.6971302
1514640493.1883993
1514640493.1884272
1514640493.1884367
1514640493.639563
1514640493.6396508
1514640493.6397064
1514640494.1125095
1514640494.1125383
1514640494.112548
1514640494.661995
1514640494.6620317
1514640494.6620429
1514640495.1192832
1514640495.1193106
1514640495.1193204
1514640495.6558712
1514640495.655899
1514640495.6559086
1514640496.1148098
1514640496.1148386
1514640496.1148484
1514640496.611551
1514640496.6115782
1514640496.6115875
1514640497.102579
1514640497.102605
1514640497.1026146
1514640497.6305616
1514640497.6305895
1514640497.6305988
1514640498.1172628
1514640498.117312
1514640498.117322
1514640498.5869558
1514640498.5870044
1514640498.5870297
1514640499.0669963
1514640499.0670295
1514640499.06704
1514640499.641582
1514640499.6416092
1514640499.641619
1514640500.213459
1514640500.213494
1514640500.2135074
1514640500.722156
1514640500.72219
1514640500.722202
1514640501.1680682
1514640501.1680954
1514640501.168105
1514640501.594886
1514640501.5949101
1514640501.5949197
1514640502.1230795
1514640502.1231086
1514640502.1231194
1514640502.6782722
1514640502.6788769
1514640502.6788952
1514640503.1529105
1514640503.1529388
1514640503.1529484
1514640503.6265793
1514640503.626613
1514640503.626624
1514640504.020742
1514640504.0207734
1514640504.020788
1514640504.59531
1514640504.5957346
1514640504.5957558
1514640505.0382543
1514640505.0382817
1514640505.0382912
1514640505.599554
1514640505.599997
1514640505.6000407
1514640506.339543
1514640506.3395693
1514640506.3395789
1514640506.87021
1514640506.8702374
1514640506.87025
1514640507.4122527
1514640507.412276
1514640507.4122858
1514640508.0632238
1514640508.0632546
1514640508.0632658
1514640508.7220035
1514640508.7222779
1514640508.7222934
1514640509.6226928
1514640509.6227686
1514640509.6242485
1514640510.576665
1514640510.5766902
1514640510.5767
1514640511.4430473
1514640511.4430752
1514640511.4430845
1514640512.2927048
1514640512.292732
1514640512.2927415
1514640513.161886
1514640513.1619084
1514640513.161918
1514640514.058345
1514640514.0583737
1514640514.058383
1514640514.915856
1514640514.915883
1514640514.915893
1514640515.5441105
1514640515.5441403
1514640515.5441506
1514640516.4356902
1514640516.435712
1514640516.4357214
1514640517.3048868
1514640517.304922
1514640517.304935
1514640518.1933122
1514640518.193588
1514640518.1936038
1514640518.861829
1514640518.8618677
1514640518.8618777
1514640519.7760797
1514640519.776104
1514640519.7761135
1514640520.3936417
1514640520.393995
1514640520.394012
1514640521.2575798
1514640521.257608
1514640521.257617
1514640522.0449128
1514640522.0449405
1514640522.0449498
1514640522.7422469
1514640522.7422855
1514640522.7422998
1514640523.3416085
1514640523.3416378
1514640523.3416476
1514640523.9632509
1514640523.963286
1514640523.9633005
1514640524.7976675
1514640524.797693
1514640524.7977033
1514640525.6391969
1514640525.639537
1514640525.6395535