
1514640460.7300546
1514640467.9059806
1514640467.9060223
1514640467.9060383
1514640469.3078015
1514640469.3078306
1514640469.3078403
1514640470.4867892
1514640470.4868155
1514640470.4868255
1514640471.3958263
1514640471.395902
1514640471.3959606
1514640472.4225857
1514640472.4226646
1514640472.4227173
1514640473.5927448
1514640473.5927753
1514640473.592785
1514640474.9887388
1514640474.9887755
1514640474.9887855
1514640476.445552
1514640476.4456446
1514640476.4457095
1514640477.4095023
1514640477.409535
1514640477.4095461
1514640478.4574301
1514640478.4575205
1514640478.4576113
1514640479.3421779
1514640479.3422012
1514640479.3422108
1514640480.2765288
1514640480.2765503
1514640480.276562
1514640481.1575475
1514640481.1575842
1514640481.157594
1514640482.0545921
1514640482.0546322
1514640482.0546467
1514640483.042606
1514640483.0426478
1514640483.0426636
1514640483.8697224
1514640483.8697748
1514640483.8697882
1514640484.6086447
1514640484.6091337
1514640484.6091511
1514640485.5242376
1514640485.524265
1514640485.524275
1514640486.2505963
1514640486.2506416
1514640486.2506542
1514640486.991824
1514640486.9918556
1514640486.9918664
1514640487.820406
1514640487.8204386
1514640487.8204503
1514640488.61044
1514640488.6104772
1514640488.6104875
1514640489.3844993
1514640489.384522
1514640489.3845313
1514640490.206806
1514640490.2068336
1514640490.2068431
1514640490.8232274
1514640490.8236048
1514640490.8236234
1514640491.6959336
1514640491.69598
1514640491.6959982
1514640492.5172758
1514640492.5173032
1514640492.5173137
1514640493.3895502
1514640493.3898807
1514640493.3898966
1514640494.3037453
1514640494.3037715
1514640494.303781
1514640495.3049874
1514640495.3063557
1514640495.3063712
1514640496.2182927
1514640496.218323
1514640496.218333
1514640497.2447796
1514640497.244806
1514640497.2448153
1514640498.4603834
1514640498.4604654
1514640498.4605162
1514640499.3742502
1514640499.3742855
1514640499.3742952
1514640500.189848
1514640500.189872
1514640500.1898818
1514640501.1037369
1514640501.1037645
1514640501.103774
1514640501.5815825
1514640501.5816193
1514640501.5816293
1514640502.3886168
1514640502.3886423
1514640502.3886516
1514640503.2505705
1514640503.2505977
1514640503.250607
1514640503.956021
1514640503.9563687
1514640503.956385
1514640504.8424888
1514640504.8425155
1514640504.8425248
1514640505.5901563
1514640505.5904155
1514640505.5904307
1514640506.4571478
1514640506.4571855
1514640506.457196
1514640507.3784873
1514640507.3785293
1514640507.3785489
1514640508.2995934
1514640508.2996268
1514640508.299639
1514640509.108877
1514640509.1089108
1514640509.1089213
1514640509.728247
1514640509.7282736
1514640509.7282832
1514640510.6431096
1514640510.6431406
1514640510.6431513
1514640511.4758577
1514640511.4758933
1514640511.4759035
1514640512.2418194
1514640512.2422233
1514640512.242246
1514640513.1439946
1514640513.1440208
1514640513.1440306
1514640514.0777342
1514640514.0777678
1514640514.077778
1514640514.9268901
1514640514.9269168
1514640514.9269264
1514640515.588792
1514640515.5888271
1514640515.5888429
1514640516.428723
1514640516.4287608
1514640516.4287717
1514640517.284699
1514640517.284722
1514640517.2847314
1514640518.1184568
1514640518.1184835
1514640518.118493
1514640518.737757
1514640518.7377913
1514640518.7378025
1514640519.4740903
1514640519.4741173
1514640519.474127
1514640520.1656704
1514640520.1659808
1514640520.1659968
1514640520.8299818
1514640520.8303263
1514640520.830345
1514640521.3923876
1514640521.3924148
1514640521.3924243
1514640522.2716198
1514640522.271671
1514640522.2716856
1514640523.0793197
1514640523.0793824
1514640523.079396
1514640523.848956
1514640523.8489819
1514640523.8489916
1514640524.6480815
1514640524.6481133
1514640524.6481228
1514640525.2283366
1514640525.2289596
1514640525.229025
1514640525.885247
1514640525.8852751
1514640525.8852856
1514640526.5599575
1514640526.5600348
1514640526.560085
1514640527.2548513
1514640527.254884
1514640527.2548938
1514640528.0401554
1514640528.0402
1514640528.0402768
1514640528.3761053
1514640528.3761475
1514640528.3761628
1514640528.956979
1514640528.9570158
1514640528.9570255
1514640529.5263157
1514640529.5263457
1514640529.5263572
1514640529.8238127
1514640529.8243034
1514640529.8243282
1514640530.181909
1514640530.1819491