
1514640460.72135
1514640462.3048887
1514640462.3049176
1514640462.3049276
1514640462.3049464
1514640462.3049557
1514640462.3049638
1514640462.3049784
1514640462.3049867
1514640462.3049948
1514640462.3050084
1514640462.305017
1514640462.3050249
1514640462.305411
1514640462.305488
1514640462.3055406
1514640463.5780063
1514640463.5780356
1514640463.5780456
1514640463.578062
1514640463.578071
1514640463.5780792
1514640463.5780933
1514640463.5781019
1514640463.57811
1514640463.5781236
1514640463.578132
1514640463.5781398
1514640463.5789118
1514640463.5790074
1514640463.5790668
1514640464.931187
1514640464.9312131
1514640464.9312234
1514640464.9312394
1514640464.931248
1514640464.9312575
1514640464.9312716
1514640464.9312797
1514640464.9312878
1514640464.9313014
1514640464.93131
1514640464.9313178
1514640464.931756
1514640464.9318457
1514640464.9318984
1514640467.1348639
1514640467.1348925
1514640467.1349027
1514640468.0746288
1514640468.0746608
1514640468.074672
1514640468.5501297
1514640468.5501626
1514640468.5501742
1514640469.0644844
1514640469.064514
1514640469.0645244
1514640469.783017
1514640469.7830472
1514640469.7830577
1514640470.3687842
1514640470.368818
1514640470.3688293
1514640471.4661582
1514640471.4662352
1514640471.4663215
1514640472.5420465
1514640472.5421019
1514640472.54212
1514640473.540657
1514640473.5406854
1514640473.5406952
1514640474.7593114
1514640474.7593637
1514640474.7593765
1514640475.8230367
1514640475.8230643
1514640475.8230739
1514640476.8679712
1514640476.868012
1514640476.868022
1514640477.8990538
1514640477.8990848
1514640477.899096
1514640478.9112616
1514640478.9112895
1514640478.9112992
1514640480.0701883
1514640480.0702138
1514640480.0702248
1514640481.105198
1514640481.1052258
1514640481.1052363
1514640482.2856903
1514640482.2857296
1514640482.2857413
1514640483.2464342
1514640483.2464623
1514640483.2464724
1514640484.1843956
1514640484.1844318
1514640484.1844447
1514640485.0926948
1514640485.0927222
1514640485.092732
1514640486.0862358
1514640486.0862656
1514640486.0862758
1514640487.0996058
1514640487.0996335
1514640487.0996432
1514640488.0687952
1514640488.0688279
1514640488.0688398
1514640488.9335268
1514640488.9335608
1514640488.9335852
1514640489.7742567
1514640489.774286
1514640489.7742958
1514640490.5388985
1514640490.5389264
1514640490.5389361
1514640491.5926125
1514640491.5926473
1514640491.59266
1514640492.4699671
1514640492.4699967
1514640492.4700072
1514640493.4224842
1514640493.422557
1514640493.422607
1514640494.267765
1514640494.2677927
1514640494.2678025
1514640495.240902
1514640495.2409296
1514640495.2409399
1514640496.1289732
1514640496.1290004
1514640496.1290116
1514640496.904315
1514640496.9046135
1514640496.90463
1514640497.6586473
1514640497.6586723
1514640497.6586816
1514640498.469471
1514640498.4695418
1514640498.4695914
1514640499.3464541
1514640499.346486
1514640499.3464975
1514640500.1800973
1514640500.1804197
1514640500.180436
1514640500.9953804
1514640500.995408
1514640500.9954183
1514640501.478416
1514640501.4784434
1514640501.4784532
1514640502.3697557
1514640502.3697777
1514640502.3697875
1514640503.1943312
1514640503.1946127
1514640503.1946285
1514640503.923283
1514640503.923309
1514640503.9233196
1514640504.7726383
1514640504.7726653
1514640504.794363
1514640505.4558232
1514640505.4558985
1514640505.4639902
1514640506.2290764
1514640506.229104
1514640506.2291143
1514640506.7871144
1514640506.787139
1514640506.7871485
1514640507.3910367
1514640507.3910635
1514640507.3910732
1514640508.0959105
1514640508.0959375
1514640508.0959473
1514640508.816977
1514640508.8172927
1514640508.8173091
1514640509.52561
1514640509.5259933
1514640509.5260139
1514640510.190548
1514640510.1905744
1514640510.1905847
1514640510.9488125
1514640510.9488413
1514640510.948851
1514640511.920555
1514640511.920828
1514640511.9208436
1514640513.0534828
1514640513.0535161
1514640513.0535278
1514640513.9673178
1514640513.9673638
1514640513.9673743
1514640514.7939007
1514640514.7939398
1514640514.793954
1514640515.4996624
1514640515.4996927
1514640515.499704
1514640516.2759233
1514640516.275951
1514640516.275975
1514640517.0470114
1514640517.0470438
1514640517.0470562
1514640517.8987758
1514640517.8991208
1514640517.89914
1514640518.4946728
1514640518.4947007
1514640518.4947104
1514640519.3665392
1514640519.3665667
1514640519.3665762
1514640520.1734285
1514640520.1734562
1514640520.173468
1514640521.0435905
1514640521.0438948
1514640521.0439117
1514640521.7096019
1514640521.7096293
1514640521.709639
1514640522.336144
1514640522.3361704
1514640522.3361802
1514640523.1199749
1514640523.1200027
1514640523.1200125
1514640523.8774796
1514640523.8777614
1514640523.8777773
1514640524.7531755
1514640524.7531977
1514640524.7532074
1514640525.7110949
1514640525.7111285
1514640525.7111404
1514640526.5448182
1514640526.544846
1514640526.544857
1514640527.243439
1514640527.2434666
1514640527.2434766
1514640527.9354496
1514640527.9354842
1514640527.9354963
1514640528.2816834
1514640528.281711
1514640528.2817204
1514640528.9078627
1514640528.907893
1514640528.907904
1514640529.481203
1514640529.4812832
1514640529.4813368
1514640529.835793
1514640529.8358238
1514640529.835837
1514640530.2683115
1514640530.2683368
1514640530.2683465
1514640530.7737515
1514640530.773838
1514640530.7738948
1514640531.1449435
1514640531.1449728
1514640531.1449835
1514640531.446943
1514640531.4469802
1514640531.4469934
1514640531.8459616
1514640531.8459916
1514640531.8460014
1514640532.3222544
1514640532.3222775
1514640532.3222873
1514640532.7060738
1514640532.7061028
1514640532.7061124
1514640533.009502
1514640533.009534
1514640533.009546
1514640533.2575457
1514640533.2575762
1514640533.2575867
1514640533.4755363
1514640533.4755642
1514640533.4755738
1514640533.7225955
1514640533.7226264
1514640533.722637
1514640533.9973857
1514640533.9974177
1514640533.9974296
1514640534.2626805
1514640534.2627106
1514640534.2627223
1514640534.3634799