
1514640460.7235057
1514640467.3760595
1514640467.3760936
1514640467.3761294
1514640468.312117
1514640468.3121464
1514640468.3124588
1514640469.189599
1514640469.1896226
1514640469.1896331
1514640470.1047187
1514640470.1050417
1514640470.1050594
1514640470.8509526
1514640470.8509786
1514640470.8509946
1514640471.649353
1514640471.6497388
1514640471.6497562
1514640472.4878821
1514640472.487906
1514640472.487915
1514640473.2328234
1514640473.2328541
1514640473.2328646
1514640474.0893354
1514640474.089368
1514640474.0893803
1514640475.0250506
1514640475.0250905
1514640475.025107
1514640475.9909744
1514640475.9919293
1514640475.9919443
1514640477.1293566
1514640477.1293883
1514640477.1293986
1514640478.2666924
1514640478.266735
1514640478.2667549
1514640479.291252
1514640479.2912781
1514640479.2912877
1514640480.2877674
1514640480.2877944
1514640480.2878036
1514640481.4519613
1514640481.452055
1514640481.452109
1514640482.644473
1514640482.644513
1514640482.6445246
1514640483.6243665
1514640483.624394
1514640483.6244037
1514640484.4996395
1514640484.4997146
1514640484.4997666
1514640485.5407302
1514640485.5407565
1514640485.540766
1514640486.413774
1514640486.4138043
1514640486.4138157
1514640487.4357445
1514640487.4357722
1514640487.435782
1514640488.4603262
1514640488.4606385
1514640488.4606555
1514640489.4142551
1514640489.4142783
1514640489.4142878
1514640490.3325374
1514640490.3325677
1514640490.332578
1514640491.230265
1514640491.2302957
1514640491.2303057
1514640492.0668044
1514640492.0668337
1514640492.0668435
1514640492.902271
1514640492.902298
1514640492.9023075
1514640493.5334027
1514640493.5334969
1514640493.5335646
1514640494.364985
1514640494.3650122
1514640494.3650222
1514640495.2665915
1514640495.2666144
1514640495.2666237
1514640496.135774
1514640496.1357963
1514640496.1358056
1514640497.0649621
1514640497.064989
1514640497.0649989
1514640498.0198307
1514640498.019862
1514640498.0198731
1514640498.7503834
1514640498.7508044
1514640498.7508264
1514640499.4744036
1514640499.4744387
1514640499.474449
1514640500.2146158
1514640500.21464
1514640500.2146497
1514640501.0661976
1514640501.0662413
1514640501.0662549
1514640501.5200064
1514640501.5200338
1514640501.5200434
1514640502.291982
1514640502.2920098
1514640502.29202
1514640503.104592
1514640503.104654
1514640503.1046648
1514640503.8629153
1514640503.8629906
1514640503.8630426
1514640504.7718482
1514640504.7718759
1514640504.7718854
1514640505.541494
1514640505.5415683
1514640505.5416183
1514640506.4644947
1514640506.464521
1514640506.4645302
1514640507.2840557
1514640507.2840838
1514640507.2840934
1514640508.126298
1514640508.126323
1514640508.1263359
1514640508.8399327
1514640508.839966
1514640508.8399773
1514640509.7483377
1514640509.7483742
1514640509.7483892
1514640510.5921373
1514640510.5921612
1514640510.592171
1514640511.31543
1514640511.3154614
1514640511.3154755
1514640511.952903
1514640511.9529269
1514640511.9529364
1514640512.7320652
1514640512.7320926
1514640512.732102
1514640513.287504
1514640513.287536
1514640513.287547
1514640513.9361756
1514640513.936204
1514640513.936217
1514640514.5995808
1514640514.5996747
1514640514.6024146
1514640515.239733
1514640515.2400596
1514640515.2400763
1514640515.9283142
1514640515.9283423
1514640515.9283543
1514640516.547473
1514640516.5480742
1514640516.548096
1514640517.223804
1514640517.2238343
1514640517.2238445
1514640517.9723222
1514640517.97235
1514640517.9723587
1514640518.5274026
1514640518.5274286
1514640518.5274384
1514640519.2425594
1514640519.2425914
1514640519.2426035
1514640520.062422
1514640520.0624623
1514640520.0624778
1514640520.6352928
1514640520.6354132
1514640520.6354787
1514640521.336826
1514640521.3368616
1514640521.3368788
1514640521.9537597
1514640521.9538085
1514640521.9538188
1514640522.5319457
1514640522.5320005
1514640522.5320103
1514640523.155798
1514640523.155827
1514640523.1558373
1514640523.884629
1514640523.8846512
1514640523.8846607
1514640524.721078
1514640524.7211049
1514640524.7211144
1514640525.3843
1514640525.3843281
1514640525.3843377
1514640525.98867
1514640525.989026
1514640525.989044
1514640526.5738168
1514640526.573839
1514640526.5738485
1514640527.2192595
1514640527.2192874
1514640527.219297
1514640528.151574
1514640528.1516066
1514640528.1516166
1514640528.9391356
1514640528.9391642
1514640528.9391742
1514640529.6749458
1514640529.6750202
1514640529.675073
1514640530.2482316
1514640530.2482595
1514640530.2482693
1514640530.8625104
1514640530.8625417
1514640530.8625515
1514640531.3462038
1514640531.3465354
1514640531.3465524
1514640531.8485541
1514640531.848576
1514640531.8485856
1514640532.3456466
1514640532.3456845
1514640532.3457024
1514640532.7685087
1514640532.7685835
1514640532.768634
1514640533.0796838
1514640533.079725
1514640533.079743
1514640533.3735752
1514640533.3736157
1514640533.3736293
1514640533.6287723
1514640533.6288092
1514640533.6288207
1514640533.8808558
1514640533.8808901
1514640533.8809023