
1514640460.733875
1514640467.588851
1514640467.5888844
1514640467.588897
1514640469.2479622
1514640469.2480018
1514640469.248012
1514640470.540003
1514640470.540026
1514640470.540036
1514640471.540129
1514640471.540153
1514640471.5401626
1514640472.6177437
1514640472.6177669
1514640472.6177764
1514640473.725188
1514640473.7252107
1514640473.7252207
1514640474.6139438
1514640474.6139712
1514640474.613981
1514640475.4332738
1514640475.433369
1514640475.4334316
1514640476.2173448
1514640476.2173815
1514640476.2173939
1514640477.063391
1514640477.0640507
1514640477.0640697
1514640477.9759693
1514640477.9760087
1514640477.976019
1514640478.945322
1514640478.945348
1514640478.945358
1514640479.6791246
1514640479.6791608
1514640479.6791751
1514640480.4144752
1514640480.4145033
1514640480.414513
1514640481.118476
1514640481.1184993
1514640481.1185093
1514640482.3506272
1514640482.3506575
1514640482.3506675
1514640483.3604279
1514640483.3604567
1514640483.3604665
1514640484.4037745
1514640484.403799
1514640484.403809
1514640485.4642537
1514640485.464281
1514640485.4642909
1514640486.2018323
1514640486.2018614
1514640486.2018716
1514640487.0307705
1514640487.0308022
1514640487.030815
1514640487.929544
1514640487.9309578
1514640487.9309766
1514640488.8079612
1514640488.8079987
1514640488.8080091
1514640489.6958618
1514640489.695893
1514640489.695904
1514640490.528433
1514640490.528512
1514640490.5285647
1514640491.5082684
1514640491.5083055
1514640491.508321
1514640492.4080465
1514640492.4080746
1514640492.4080844
1514640493.4823287
1514640493.4823651
1514640493.4823775
1514640494.4397495
1514640494.4401371
1514640494.4401574
1514640495.5332618
1514640495.533304
1514640495.5333192
1514640496.5981789
1514640496.5982647
1514640496.5983272
1514640497.4612072
1514640497.4612348
1514640497.4612443
1514640498.5058305
1514640498.5059016
1514640498.5059516
1514640499.474627
1514640499.4746547
1514640499.4746652
1514640500.297714
1514640500.2977424
1514640500.2977521
1514640501.4225051
1514640501.4225278
1514640501.422538
1514640502.3681629
1514640502.3681855
1514640502.368195
1514640503.2844934
1514640503.28452
1514640503.2845292
1514640503.9917104
1514640503.992049
1514640503.9920654
1514640504.8997624
1514640504.8997846
1514640504.8997939
1514640505.907034
1514640505.9076588
1514640505.907676
1514640506.7666502
1514640506.7666771
1514640506.7666867
1514640507.6560433
1514640507.6560655
1514640507.6560752
1514640508.5336747
1514640508.5337052
1514640508.5337162
1514640509.4489744
1514640509.4490016
1514640509.449011
1514640510.0740685
1514640510.0740957
1514640510.0741057
1514640510.9640884
1514640510.9641128
1514640510.9641228
1514640511.924748
1514640511.9247706
1514640511.9247804
1514640513.1519916
1514640513.1520166
1514640513.1520264
1514640514.1252053
1514640514.125234
1514640514.1252434
1514640515.2332733
1514640515.2338133
1514640515.2338357
1514640516.2276185
1514640516.2276478
1514640516.2276585
1514640517.1065948
1514640517.106639
1514640517.1066558
1514640517.9860718
1514640517.9860961
1514640517.9861054
1514640518.6735654
1514640518.673598
1514640518.67361
1514640519.505744
1514640519.50577
1514640519.5057812
1514640520.1996152
1514640520.1996396
1514640520.199649
1514640520.9485533
1514640520.948585
1514640520.9485993
1514640521.5529394
1514640521.5529666
1514640521.5529778
1514640522.2281368
1514640522.2281644
1514640522.2281737
1514640523.0097988
1514640523.0098255
1514640523.0098352
1514640523.7047818
1514640523.70486
1514640523.7049134
1514640524.2574806
1514640524.2575068
1514640524.2575166
1514640524.7684326
1514640524.768455
1514640524.7684648
1514640525.4038317
1514640525.4038594
1514640525.4038692
1514640525.8957453
1514640525.8957736
1514640525.8957863
1514640526.511091
1514640526.5111177
1514640526.511128
1514640527.1668398
1514640527.1671546
1514640527.1671703
1514640527.695181
1514640527.6952102
1514640527.695221
1514640528.2319903
1514640528.232017
1514640528.2320268
1514640528.8830545
1514640528.883088
1514640528.8830993
1514640529.2834146
1514640529.2834425
1514640529.283452
1514640529.705848
1514640529.7059193
1514640529.7059705
1514640530.2091494
1514640530.2091782
1514640530.2091875
1514640530.5733643
1514640530.5733936
1514640530.5734036
1514640530.8875031
1514640530.8875299
1514640530.8875418
1514640531.302081
1514640531.3021092
1514640531.3021193
1514640531.756205
1514640531.7566113
1514640531.756632
1514640532.2215924
1514640532.2216227
1514640532.2216423
1514640532.6110253
1514640532.611054
1514640532.6110642
1514640532.8699727
1514640532.8699996
1514640532.8700092
1514640533.1645231
1514640533.1645603
1514640533.164574
1514640533.4136157
1514640533.4136453
1514640533.413657
1514640533.5092025