
1514640460.721694
1514640467.131383
1514640467.1314125
1514640467.1314228
1514640467.725808
1514640467.7258358
1514640467.7258456
1514640468.2398493
1514640468.2398846
1514640468.2399008
1514640468.8500845
1514640468.8501313
1514640468.8501441
1514640469.399018
1514640469.3991303
1514640469.3992114
1514640469.9469323
1514640469.9469614
1514640469.9469714
1514640470.5262926
1514640470.5263374
1514640470.5263574
1514640470.9988372
1514640470.9988658
1514640470.9988754
1514640471.5185354
1514640471.5189
1514640471.5189183
1514640472.0384898
1514640472.0385215
1514640472.0385318
1514640472.4718685
1514640472.4718971
1514640472.4719067
1514640473.0476325
1514640473.0476696
1514640473.0476885
1514640473.5499318
1514640473.549955
1514640473.5499644
1514640474.044896
1514640474.044929
1514640474.0449412
1514640474.579006
1514640474.5790327
1514640474.5790422
1514640475.1013432
1514640475.1013668
1514640475.1013763
1514640475.6428595
1514640475.643202
1514640475.6432214
1514640476.1356966
1514640476.1357327
1514640476.1357446
1514640476.9714587
1514640476.9714947
1514640476.9715064
1514640477.7460518
1514640477.746085
1514640477.7460966
1514640478.434836
1514640478.4349113
1514640478.4349637
1514640479.3324525
1514640479.332497
1514640479.3325167
1514640480.2750397
1514640480.27507
1514640480.2750804
1514640480.9686093
1514640480.9686368
1514640480.9686463
1514640481.589301
1514640481.5893278
1514640481.5893378
1514640482.3551652
1514640482.3551962
1514640482.3552063
1514640483.1065428
1514640483.106576
1514640483.1065881
1514640483.6902683
1514640483.6902957
1514640483.6903052
1514640484.3879578
1514640484.3879967
1514640484.3880076
1514640485.241834
1514640485.2430336
1514640485.243052
1514640485.9967341
1514640485.9967623
1514640485.996772
1514640486.80201
1514640486.8020382
1514640486.8020484
1514640487.5580945
1514640487.5585783
1514640487.5585976
1514640488.4255486
1514640488.4255807
1514640488.425592
1514640489.3201916
1514640489.3202221
1514640489.320233
1514640490.329949
1514640490.3299768
1514640490.3299866
1514640491.1484394
1514640491.1487715
1514640491.1487906
1514640491.8242097
1514640491.8242507
1514640491.8242624
1514640492.5072844
1514640492.5073125
1514640492.507322
1514640493.3122904
1514640493.3123178
1514640493.3123276
1514640494.1925306
1514640494.1925583
1514640494.1925683
1514640495.1060135
1514640495.106055
1514640495.106073
1514640495.7444775
1514640495.7445052
1514640495.7445147
1514640496.5418534
1514640496.5419638
1514640496.5420494
1514640497.2739944
1514640497.2740297
1514640497.2740405
1514640498.0518022
1514640498.0518286
1514640498.0518384
1514640498.6164935
1514640498.6170688
1514640498.6171443
1514640499.5707495
1514640499.570845
1514640499.5709088
1514640500.034965
1514640500.035004
1514640500.0350146
1514640500.4008338
1514640500.400863
1514640500.400873
1514640500.8644607
1514640500.8644884
1514640500.8644984
1514640501.4135623
1514640501.4135892
1514640501.4135988
1514640502.0600522
1514640502.0600927
1514640502.060106
1514640502.53541
1514640502.535435
1514640502.5354447
1514640502.9993625
1514640502.999835
1514640502.9998574
1514640503.3738568
1514640503.3738844
1514640503.373894
1514640503.8723938
1514640503.872421
1514640503.8724306
1514640504.410815
1514640504.4108424
1514640504.410854
1514640504.8564143
1514640504.856441
1514640504.8564506
1514640505.281867
1514640505.281897
1514640505.2819083
1514640505.74904
1514640505.749406
1514640505.7494266
1514640506.1629322
1514640506.1629596
1514640506.1629689
1514640506.6754286
1514640506.6754577
1514640506.675467
1514640507.0809991
1514640507.0810273
1514640507.0810368
1514640507.603407
1514640507.6034374
1514640507.6034484
1514640508.0727448
1514640508.0727704
1514640508.0727804
1514640508.5934136
1514640508.5934837
1514640508.593535
1514640509.083137
1514640509.0835273
1514640509.0835469
1514640509.5578825
1514640509.5579133
1514640509.5579238
1514640510.0292366
1514640510.029265
1514640510.0292747
1514640510.546431
1514640510.5464592
1514640510.546469
1514640511.105583
1514640511.1056116
1514640511.1056223
1514640511.6035247
1514640511.6035986
1514640511.6036482
1514640512.009426
1514640512.0094533
1514640512.0094633
1514640512.6631782
1514640512.6632085
1514640512.6632192
1514640513.1970088
1514640513.1970465
1514640513.197062
1514640513.655443
1514640513.6554854
1514640513.655503
1514640514.0598655
1514640514.0598881