
1514640460.710504
1514640466.745737
1514640466.7457786
1514640466.7457943
1514640467.8132284
1514640467.813261
1514640467.8132713
1514640469.3121564
1514640469.3121822
1514640469.3121943
1514640470.5225482
1514640470.5228746
1514640470.5228932
1514640471.5433903
1514640471.5434127
1514640471.5434222
1514640472.6032577
1514640472.6032875
1514640472.603297
1514640473.6269581
1514640473.6269846
1514640473.626994
1514640474.4694767
1514640474.469506
1514640474.4695172
1514640475.4505124
1514640475.4505882
1514640475.4506397
1514640476.3154774
1514640476.3155146
1514640476.315528
1514640477.1484582
1514640477.148815
1514640477.1488318
1514640478.1212437
1514640478.1212716
1514640478.121283
1514640479.1379337
1514640479.1382043
1514640479.1382198
1514640480.1622202
1514640480.1622531
1514640480.1622658
1514640480.992023
1514640480.9920585
1514640480.9920685
1514640481.7821412
1514640481.7821689
1514640481.7821784
1514640482.6895804
1514640482.6896143
1514640482.689625
1514640483.4385304
1514640483.438559
1514640483.4385693
1514640484.2313507
1514640484.2313843
1514640484.231403
1514640485.0540073
1514640485.0540383
1514640485.0540488
1514640485.8031778
1514640485.803211
1514640485.803224
1514640486.462436
1514640486.462466
1514640486.4624758
1514640487.1597445
1514640487.1597714
1514640487.1597812
1514640487.9483187
1514640487.9483411
1514640487.9483502
1514640488.6701849
1514640488.670217
1514640488.6702268
1514640489.4457896
1514640489.4458153
1514640489.4458282
1514640490.2791355
1514640490.2791631
1514640490.2791724
1514640490.9311647
1514640490.9314907
1514640490.931507
1514640491.6679544
1514640491.6679933
1514640491.6680033
1514640492.360205
1514640492.3602388
1514640492.3602495
1514640493.2233198
1514640493.223369
1514640493.2233794
1514640494.0506706
1514640494.0506983
1514640494.0507421
1514640494.946564
1514640494.9465878
1514640494.9465976
1514640495.59521
1514640495.5952423
1514640495.595255
1514640496.5218372
1514640496.522107
1514640496.5221224
1514640497.3447144
1514640497.3447435
1514640497.3447533
1514640498.4634213
1514640498.4634438
1514640498.4634535
1514640499.6854746
1514640499.6855
1514640499.68551
1514640501.325246
1514640501.32528
1514640501.325292
1514640502.519437
1514640502.5197334
1514640502.5197492
1514640504.0063999
1514640504.0064237
1514640504.0064332
1514640505.366839
1514640505.3668659
1514640505.3668756
1514640506.3184497
1514640506.3184767
1514640506.3184857
1514640507.2380407
1514640507.2380714
1514640507.238083
1514640508.185011
1514640508.1850388
1514640508.1850486
1514640509.2489471
1514640509.2489748
1514640509.248984
1514640509.7955873
1514640509.7956173
1514640509.7956269
1514640510.2989194
1514640510.2989502
1514640510.2989616
1514640510.8782377
1514640510.8782666
1514640510.8782766
1514640511.392885
1514640511.392925
1514640511.3929365
1514640511.8770056
1514640511.8770337
1514640511.8770435
1514640512.432108
1514640512.4321375
1514640512.4321482
1514640512.9441373
1514640512.944168
1514640512.9441779
1514640513.4059932
1514640513.4060216
1514640513.4060314
1514640513.9868033
1514640513.9868267
1514640513.9868362
1514640514.642696
1514640514.6427314
1514640514.6427479
1514640515.209232
1514640515.2092693
1514640515.20928
1514640515.8547182
1514640515.854746
1514640515.8547575
1514640516.3963246
1514640516.3963559
1514640516.3963675
1514640517.0522811
1514640517.0523045
1514640517.0523143
1514640517.6838548
1514640517.6842008
1514640517.68422
1514640518.3037913
1514640518.303819
1514640518.3038285
1514640519.1391983
1514640519.1392236
1514640519.1392329
1514640520.1013649
1514640520.101759
1514640520.1017792
1514640520.8243172
1514640520.8250735
1514640520.825099
1514640521.5433314
1514640521.5433776
1514640521.5433874
1514640522.2604346
1514640522.260462
1514640522.2604716
1514640523.0110893
1514640523.0111108
1514640523.0111198
1514640523.784113
1514640523.7841463
1514640523.7841566
1514640524.4638999
1514640524.4639258
1514640524.4639354
1514640524.9762702
1514640524.9762943
1514640524.9763038
1514640525.7053118
1514640525.705333
1514640525.7053423
1514640526.4383047
1514640526.4383323
1514640526.4383416
1514640527.0946407
1514640527.094669
1514640527.0946789
1514640527.6563737
1514640527.6564045
1514640527.6564157
1514640528.1629884
1514640528.1630561