
1514640460.7301903
1514640462.4320712
1514640462.4321024
1514640462.4321117
1514640462.4321294
1514640462.4321387
1514640462.4321465
1514640462.4321606
1514640462.432169
1514640462.4321773
1514640462.432197
1514640462.432206
1514640462.4322138
1514640462.4326518
1514640462.432744
1514640462.432797
1514640463.7114277
1514640463.7114627
1514640463.7114735
1514640463.7114906
1514640463.7115004
1514640463.7115092
1514640463.711524
1514640463.7115333
1514640463.7115417
1514640463.711556
1514640463.7115653
1514640463.7115738
1514640463.7124104
1514640463.7125194
1514640463.712582
1514640465.0504503
1514640465.0504773
1514640465.0504868
1514640465.0505023
1514640465.0505111
1514640465.0505204
1514640465.0505342
1514640465.0505428
1514640465.0505507
1514640465.0505645
1514640465.0505729
1514640465.0505805
1514640465.0509734
1514640465.0510595
1514640465.0511138
1514640467.0723276
1514640467.0723753
1514640467.072387
1514640467.6880183
1514640467.6880467
1514640467.6880565
1514640468.3412414
1514640468.341264
1514640468.3412735
1514640469.0018303
1514640469.0018733
1514640469.0018916
1514640469.842485
1514640469.8427503
1514640469.8427656
1514640470.8505595
1514640470.8505871
1514640470.8505971
1514640471.4616468
1514640471.4619699
1514640471.4619915
1514640471.9167914
1514640471.9168248
1514640471.9168348
1514640472.4052787
1514640472.4053543
1514640472.4054046
1514640473.0364013
1514640473.036436
1514640473.0364494
1514640473.450463
1514640473.4504921
1514640473.4505076
1514640473.9440951
1514640473.9441323
1514640473.9441452
1514640474.4129262
1514640474.412958
1514640474.4129694
1514640474.9034474
1514640474.9034796
1514640474.9034903
1514640475.3996785
1514640475.3997061
1514640475.399716
1514640475.9381692
1514640475.941446
1514640475.9414723
1514640476.5474298
1514640476.547525
1514640476.5475872
1514640477.019331
1514640477.0193849
1514640477.0193968
1514640477.4776335
1514640477.477663
1514640477.4776728
1514640478.0383246
1514640478.0383632
1514640478.0383787
1514640478.5938983
1514640478.593931
1514640478.5939436
1514640479.1517713
1514640479.1517935
1514640479.1518033
1514640479.6076005
1514640479.6076343
1514640479.6076462
1514640480.2457423
1514640480.2457907
1514640480.2458026
1514640480.7610927
1514640480.7611203
1514640480.76113
1514640481.1997516
1514640481.1997778
1514640481.1997874
1514640481.7004387
1514640481.7007725
1514640481.700794
1514640482.1555705
1514640482.155608
1514640482.1556187
1514640482.6267848
1514640482.6268117
1514640482.6268213
1514640483.1335135
1514640483.133539
1514640483.133549
1514640483.5673716
1514640483.5673995
1514640483.567409
1514640484.0670128
1514640484.0670538
1514640484.0670688
1514640484.6006851
1514640484.6010742
1514640484.6010966
1514640485.129437
1514640485.1294646
1514640485.1294746
1514640485.6727018
1514640485.672748
1514640485.672765
1514640486.1092174
1514640486.10924
1514640486.1092498
1514640486.662654
1514640486.6626854
1514640486.6626968
1514640487.1905751
1514640487.1908805
1514640487.190896
1514640487.6655695
1514640487.6655967
1514640487.6656063
1514640488.2283614
1514640488.2283907
1514640488.2284005
1514640488.776796
1514640488.7768233
1514640488.7768328
1514640489.370698
1514640489.3707256
1514640489.3707354
1514640490.2454357
1514640490.2454753
1514640490.2454906
1514640490.9431872
1514640490.9435027
1514640490.9435186
1514640491.7014182
1514640491.7014427
1514640491.7014523
1514640492.427036
1514640492.42739
1514640492.4274077
1514640493.231239
1514640493.2312605
1514640493.23127
1514640493.7976162
1514640493.7978861
1514640493.7979016
1514640494.4024985
1514640494.4025257
1514640494.4025352
1514640495.292601
1514640495.292632
1514640495.2926428
1514640495.9960964
1514640495.996123
1514640495.9961324
1514640496.7166457
1514640496.7166736
1514640496.7166831
1514640497.393251
1514640497.3932781
1514640497.3932881
1514640498.3868802
1514640498.3872077
1514640498.3872242
1514640499.1662946
1514640499.1663232
1514640499.1663325
1514640500.2533867
1514640500.253412
1514640500.253423
1514640501.4181113
1514640501.4181325
1514640501.4181426
1514640502.399666
1514640502.3996892
1514640502.399699
1514640503.416542
1514640503.4166462
1514640503.4167063
1514640504.3425894
1514640504.342627
1514640504.3426418
1514640505.4034753
1514640505.4035034
1514640505.4035134
1514640506.497329
1514640506.4973543
1514640506.497364
1514640507.643199
1514640507.643226
1514640507.6432366
1514640508.6481295
1514640508.6481571
1514640508.648167
1514640509.7374322
1514640509.7374544
1514640509.7374642
1514640510.8322854
1514640510.8323202
1514640510.8323324
1514640511.8952892
1514640511.8953145
1514640511.8953242
1514640513.1304233
1514640513.130451
1514640513.1304603
1514640514.158157
1514640514.1584826
1514640514.1584985
1514640515.245173
1514640515.2455182
1514640515.2455385
1514640516.2093863
1514640516.2094164
1514640516.2094283
1514640517.0888722
1514640517.0888963
1514640517.0889063
1514640518.0445228
1514640518.0448978
1514640518.044921
1514640518.7043579
1514640518.7043862
1514640518.704396
1514640519.4884272
1514640519.4884515
1514640519.4884639
1514640520.2070377
1514640520.207064
1514640520.2070744
1514640521.0104587
1514640521.0104873
1514640521.0104978
1514640521.6443126
1514640521.6443403
1514640521.6443503
1514640522.305532
1514640522.305558
1514640522.305568
1514640523.0828712
1514640523.0832527
1514640523.0832765
1514640523.7448635
1514640523.7451248
1514640523.7451398
1514640524.3225315
1514640524.322559
1514640524.3225687
1514640524.8547177
1514640524.8548315
1514640524.85489
1514640525.7136974
1514640525.7137203
1514640525.7137296
1514640526.4578116
1514640526.457886
1514640526.457936
1514640527.1891472
1514640527.189175
1514640527.1891844
1514640527.789791
1514640527.7898178
1514640527.7898273
1514640528.271818
1514640528.2718446
1514640528.2718542
1514640528.5238004