
1514640460.7265577
1514640467.5607235
1514640467.5607603
1514640467.5607717
1514640468.3467407
1514640468.3467734
1514640468.346784
1514640469.1622765
1514640469.162304
1514640469.1623142
1514640470.0613942
1514640470.0616932
1514640470.0617092
1514640470.8388948
1514640470.838929
1514640470.8389394
1514640471.6575382
1514640471.6575615
1514640471.657571
1514640472.6139984
1514640472.6140256
1514640472.6140356
1514640473.7098143
1514640473.7098413
1514640473.7098508
1514640474.8213878
1514640474.8214157
1514640474.8214254
1514640475.9097474
1514640475.9097736
1514640475.9097836
1514640477.0030591
1514640477.0031028
1514640477.003123
1514640478.1969383
1514640478.196966
1514640478.196977
1514640479.3678715
1514640479.3678958
1514640479.3679054
1514640480.327693
1514640480.3277204
1514640480.32773
1514640481.1902046
1514640481.1902394
1514640481.1902494
1514640481.9386783
1514640481.9387145
1514640481.9387245
1514640482.6775095
1514640482.6775367
1514640482.6775463
1514640483.5410762
1514640483.5411036
1514640483.5411134
1514640484.4410079
1514640484.441081
1514640484.44113
1514640485.4648964
1514640485.4649189
1514640485.4649282
1514640486.2483416
1514640486.2483685
1514640486.2483783
1514640487.4576902
1514640487.4577632
1514640487.4600124
1514640488.6629653
1514640488.6629918
1514640488.6630015
1514640489.5667255
1514640489.5667617
1514640489.5667741
1514640490.350754
1514640490.3507812
1514640490.3507922
1514640491.180398
1514640491.1804304
1514640491.1804414
1514640491.9490454
1514640491.9490738
1514640491.9490838
1514640492.6226068
1514640492.6226344
1514640492.622644
1514640493.3582132
1514640493.358241
1514640493.3582504
1514640494.1432886
1514640494.1437333
1514640494.14375
1514640494.925096
1514640494.9251235
1514640494.9251332
1514640495.497174
1514640495.497203
1514640495.4972134
1514640496.319076
1514640496.3191183
1514640496.319138
1514640497.2929254
1514640497.2929497
1514640497.2929592
1514640498.4071693
1514640498.4072115
1514640498.407231
1514640499.2698767
1514640499.2699206
1514640499.2699347
1514640500.287149
1514640500.2871714
1514640500.2871814
1514640501.3637576
1514640501.3637886
1514640501.3637996
1514640502.3613641
1514640502.3613918
1514640502.361401
1514640503.8941736
1514640503.8945127
1514640503.8945277
1514640505.4810414
1514640505.4811172
1514640505.481168
1514640506.7146618
1514640506.714689
1514640506.7146983
1514640507.998257
1514640507.998285
1514640507.9982946
1514640509.00798
1514640509.0080726
1514640509.0081248
1514640509.9354923
1514640509.9355192
1514640509.9355288
1514640511.125175
1514640511.1252
1514640511.1252096
1514640512.3342934
1514640512.3347585
1514640512.334786
1514640513.3290765
1514640513.329107
1514640513.3291175
1514640514.2011364
1514640514.2011657
1514640514.2011752
1514640515.0425081
1514640515.0428205
1514640515.042838
1514640515.8079224
1514640515.8079865
1514640515.8080013
1514640516.5011756
1514640516.5014946
1514640516.5015104
1514640517.2622252
1514640517.2622516
1514640517.262261
1514640518.2541633
1514640518.25445
1514640518.2544677
1514640519.0563424
1514640519.0563686
1514640519.0563781
1514640519.766126
1514640519.7661576
1514640519.7661686
1514640520.3375192
1514640520.3375545
1514640520.337567
1514640521.2789688
1514640521.2789958
1514640521.279006
1514640522.0957563
1514640522.095787
1514640522.0957985
1514640522.8035452
1514640522.8035736
1514640522.8035836
1514640523.3913057
1514640523.391333
1514640523.391379
1514640523.9463806
1514640523.9464078
1514640523.946417
1514640524.749884
1514640524.7499113
1514640524.7499216
1514640525.45028
1514640525.4503064
1514640525.450316
1514640526.0630236
1514640526.0630581
1514640526.0630703
1514640526.6110022
1514640526.611283
1514640526.611298
1514640527.3361511
1514640527.3364909
1514640527.336508
1514640528.2081969
1514640528.2082224
1514640528.2082322
1514640528.9679322
1514640528.9679728
1514640528.9679835
1514640529.6211355
1514640529.6214437
1514640529.6214616
1514640530.1198199
1514640530.119852
1514640530.1198637
1514640530.4311357
1514640530.4311793
1514640530.4311962
1514640530.8811119
1514640530.8811378
1514640530.8811471
1514640531.325681
1514640531.3257027
1514640531.3257122
1514640531.8051128
1514640531.8051403
1514640531.8051498
1514640532.321098
1514640532.3211389
1514640532.3211565
1514640532.7423
1514640532.7429953
1514640532.7430253
1514640532.9613624
1514640532.9613972