
1514640460.7216225
1514640468.685408
1514640468.68545
1514640468.685464
1514640470.1952603
1514640470.1952963
1514640470.1953084
1514640471.2728097
1514640471.2728379
1514640471.272849
1514640472.600272
1514640472.6003027
1514640472.6003158
1514640473.8153846
1514640473.8157828
1514640473.8157997
1514640475.096362
1514640475.0964005
1514640475.0964108
1514640476.2072756
1514640476.20761
1514640476.2076256
1514640477.0930276
1514640477.0930543
1514640477.0930636
1514640478.0836196
1514640478.0836473
1514640478.0836573
1514640479.1248255
1514640479.1248615
1514640479.124875
1514640480.063425
1514640480.063456
1514640480.0634673
1514640480.8311396
1514640480.8311677
1514640480.831178
1514640481.632578
1514640481.6326053
1514640481.6326153
1514640482.5875766
1514640482.5876248
1514640482.5876386
1514640483.8866632
1514640483.8866904
1514640483.8867002
1514640484.989464
1514640484.989493
1514640484.9895027
1514640486.1081452
1514640486.1081707
1514640486.1081803
1514640487.3899667
1514640487.389995
1514640487.390042
1514640488.5745199
1514640488.5745478
1514640488.574557
1514640489.5993085
1514640489.5993629
1514640489.599377
1514640490.4291613
1514640490.4292598
1514640490.4293141
1514640491.349739
1514640491.3497632
1514640491.349774
1514640492.1277187
1514640492.1277542
1514640492.1277642
1514640492.9086368
1514640492.9086583
1514640492.9086676
1514640493.4964523
1514640493.4967215
1514640493.4967365
1514640494.30329
1514640494.3033223
1514640494.3033328
1514640495.3011053
1514640495.301143
1514640495.3011546
1514640496.1966038
1514640496.1966314
1514640496.1966405
1514640497.076732
1514640497.0767543
1514640497.0767636
1514640497.912895
1514640497.9129233
1514640497.912933
1514640498.576067
1514640498.5761132
1514640498.5761337
1514640499.3130286
1514640499.3130643
1514640499.3130758
1514640500.2708137
1514640500.270837
1514640500.2708473
1514640501.244928
1514640501.249215
1514640501.2492435
1514640502.0828886
1514640502.0829177
1514640502.08293
1514640502.8927414
1514640502.8927686
1514640502.8927784
1514640503.8396971
1514640503.8397355
1514640503.8397474
1514640504.8823102
1514640504.8823369
1514640504.8823464
1514640505.8511412
1514640505.8511698
1514640505.8511794
1514640506.7427049
1514640506.7427306
1514640506.7427404
1514640507.6449673
1514640507.6449902
1514640507.645
1514640508.5881646
1514640508.5884502
1514640508.588477
1514640509.40006
1514640509.400118
1514640509.4001307
1514640509.9008138
1514640509.9008508
1514640509.9008641
1514640510.694422
1514640510.6944544
1514640510.6944656
1514640511.5282269
1514640511.5285134
1514640511.5285294
1514640512.1090264
1514640512.1093857
1514640512.1094022
1514640512.988532
1514640512.9885595
1514640512.9885693
1514640513.6893375
1514640513.6893692
1514640513.6893833
1514640514.4010575
1514640514.4010928
1514640514.4011052
1514640515.2504377
1514640515.2508264
1514640515.2508442
1514640516.0935693
1514640516.093609
1514640516.0936215
1514640516.717755
1514640516.717783
1514640516.7177925
1514640517.403185
1514640517.4036424
1514640517.4036648
1514640518.2333333
1514640518.2336047
1514640518.2336197
1514640519.0316672
1514640519.0316968
1514640519.0317063
1514640519.985454
1514640519.9854827
1514640519.9854925
1514640520.5798857
1514640520.579924
1514640520.579935
1514640521.406471
1514640521.4064975
1514640521.4065077
1514640522.2663085
1514640522.2663317
1514640522.266341
1514640523.0231986
1514640523.0285363
1514640523.028554
1514640523.775109
1514640523.775136
1514640523.7751455
1514640524.4873822
1514640524.4874055
1514640524.4874158
1514640524.966026
1514640524.9660528
1514640524.9660623
1514640525.7041724
1514640525.7041996
1514640525.704209
1514640526.3677542
1514640526.3677824
1514640526.367792
1514640526.846179
1514640526.846206
1514640526.8474517
1514640527.309772
1514640527.3097994
1514640527.309809
1514640528.1983774
1514640528.1984072
1514640528.1984167
1514640528.9680152
1514640528.9680383
1514640528.968048
1514640529.6270876
1514640529.6271114
1514640529.6271226
1514640530.2273703
1514640530.2274072
1514640530.227418
1514640530.8010404
1514640530.8010697
1514640530.8010795
1514640531.3240812
1514640531.324108
1514640531.3241174
1514640531.8101182
1514640531.8101413
1514640531.8101509
1514640532.316267
1514640532.3162968
1514640532.3163066
1514640532.7725348
1514640532.7725685
1514640532.772584
1514640533.10102
1514640533.1010566
1514640533.1010675
1514640533.3988414
1514640533.3991883
1514640533.3992054
1514640533.6846159
1514640533.6846504
1514640533.684661
1514640533.9563215
1514640533.9563756
1514640533.9563913
1514640534.237708
1514640534.2377415
1514640534.2377534
1514640534.507845
1514640534.5078828
1514640534.5078971
1514640534.7818184
1514640534.7818525
1514640534.7818644
1514640535.1072264
1514640535.1072583
1514640535.107269
1514640535.2708342
1514640535.2708793