
1514886860.1443121
1514886867.226202
1514886867.2262404
1514886867.2262504
1514886868.105642
1514886868.1056695
1514886868.105679
1514886869.1766982
1514886869.1770759
1514886869.1770964
1514886870.6748416
1514886870.6748643
1514886870.6748734
1514886872.185772
1514886872.1858594
1514886872.185919
1514886873.460878
1514886873.4609058
1514886873.4609156
1514886874.8071096
1514886874.8071432
1514886874.8072042
1514886876.3172412
1514886876.3172736
1514886876.3172834
1514886877.8049872
1514886877.8050172
1514886877.8050275
1514886879.5035217
1514886879.503549
1514886879.5035584
1514886881.9072337
1514886881.9072592
1514886881.9072688
1514886883.3250673
1514886883.325094
1514886883.325105
1514886885.005994
1514886885.0060205
1514886885.00603
1514886886.487677
1514886886.487716
1514886886.487726
1514886887.721225
1514886887.721252
1514886887.7212613
1514886888.7524388
1514886888.752468
1514886888.7524774
1514886889.9265316
1514886889.9265604
1514886889.9265704
1514886891.1632488
1514886891.1636689
1514886891.1636894
1514886892.2165616
1514886892.216588
1514886892.2165976
1514886893.2584276
1514886893.2621381
1514886893.262208
1514886894.3156564
1514886894.3160002
1514886894.3160167
1514886895.263637
1514886895.2636669
1514886895.2636783
1514886896.472078
1514886896.4721081
1514886896.4721177
1514886897.7705183
1514886897.7705474
1514886897.7705567
1514886899.0503125
1514886899.05034
1514886899.0503495
1514886900.7510102
1514886900.751048
1514886900.7510583
1514886902.2905257
1514886902.2924426
1514886902.2925372
1514886903.5121262
1514886903.5121543
1514886903.5121632
1514886904.62976
1514886904.6298018
1514886904.6298194
1514886905.9578142
1514886905.9578397
1514886905.957849
1514886906.9856262
1514886906.9856517
1514886906.9856613
1514886908.162866
1514886908.1629038
1514886908.1629143
1514886909.0979986
1514886909.1073053
1514886909.107324
1514886910.1511421
1514886910.151164
1514886910.151173
1514886911.4612403
1514886911.4613159
1514886911.4613671
1514886912.6686842
1514886912.668712
1514886912.6687214
1514886913.7505915
1514886913.750619
1514886913.7506287
1514886914.9975226
1514886914.9975572
1514886914.9975672
1514886916.1439643
1514886916.1439936
1514886916.1440032
1514886917.430888
1514886917.4309282
1514886917.430948
1514886918.7397373
1514886918.7397654
1514886918.7397747
1514886919.8138115
1514886919.8138397
1514886919.8138492
1514886920.4788113
1514886920.4788852
1514886920.4789376
1514886921.5937226
1514886921.5937598
1514886921.5937707
1514886922.8028524
1514886922.8219879
1514886922.8220165
1514886923.971492
1514886923.971519
1514886923.9715283
1514886924.9552238
1514886924.9552562
1514886924.9552681
1514886926.0240946
1514886926.0241225
1514886926.024132
1514886927.1203234
1514886927.120356
1514886927.1203678
1514886927.917915
1514886927.9179547
1514886927.917965
1514886928.6291387
1514886928.629166
1514886928.6291752
1514886929.2198136
1514886929.219836
1514886929.2198453
1514886930.0656717
1514886930.0656986
1514886930.0657082
1514886930.7259264
1514886930.7259588
1514886930.725971
1514886931.2122786
1514886931.2123063
1514886931.2123156
1514886931.6202652
1514886931.6203132
1514886931.6203275
1514886931.895988
1514886931.8960109