
1514886860.1802347
1514886867.6773362
1514886867.677367
1514886867.6773775
1514886868.825032
1514886868.8250713
1514886868.8250842
1514886869.7161992
1514886869.7167292
1514886869.716756
1514886870.6522074
1514886870.652229
1514886870.6522386
1514886871.7392995
1514886871.739327
1514886871.7393522
1514886872.897574
1514886872.8976057
1514886872.8976169
1514886874.3151162
1514886874.315143
1514886874.3151526
1514886875.8851104
1514886875.885144
1514886875.8851538
1514886877.2265978
1514886877.2266262
1514886877.2266357
1514886878.4217668
1514886878.4218047
1514886878.4218156
1514886879.594819
1514886879.594842
1514886879.5948515
1514886880.6887558
1514886880.6888223
1514886880.6888356
1514886881.8707778
1514886881.870805
1514886881.8708143
1514886882.9691553
1514886882.9691954
1514886882.9692059
1514886883.8841717
1514886883.8842
1514886883.8842096
1514886885.1191282
1514886885.1241806
1514886885.124199
1514886886.181059
1514886886.1810873
1514886886.1810968
1514886887.2677515
1514886887.2727156
1514886887.272747
1514886888.2347646
1514886888.2347863
1514886888.2347956
1514886889.3259404
1514886889.3259783
1514886889.325988
1514886890.2582202
1514886890.2582467
1514886890.2582564
1514886891.4112206
1514886891.4112573
1514886891.4112668
1514886892.5553594
1514886892.5553901
1514886892.5554001
1514886893.5017612
1514886893.5021212
1514886893.5021381
1514886894.74295
1514886894.7429748
1514886894.7429843
1514886896.1217053
1514886896.1218
1514886896.121884
1514886897.421809
1514886897.4218373
1514886897.4218476
1514886898.56356
1514886898.5636516
1514886898.563706
1514886900.0125194
1514886900.0125456
1514886900.0125566
1514886901.4087205
1514886901.4087582
1514886901.4087687
1514886902.8655043
1514886902.8655405
1514886902.8655562
1514886904.1270993
1514886904.1271367
1514886904.127147
1514886905.5098038
1514886905.5098293
1514886905.5098398
1514886907.0595133
1514886907.0601356
1514886907.0601504
1514886908.3658347
1514886908.3668902
1514886908.3669088
1514886910.0315485
1514886910.0315938
1514886910.0316057
1514886911.488241
1514886911.488263
1514886911.4882724
1514886912.7426686
1514886912.7427204
1514886912.7427363
1514886913.8416827
1514886913.8417075
1514886913.8417175
1514886914.9185743
1514886914.9186242
1514886914.918638
1514886916.0835125
1514886916.0836065
1514886916.0836616
1514886917.1522229
1514886917.152319
1514886917.1523745
1514886918.3202858
1514886918.3203125
1514886918.3203223
1514886919.2734754
1514886919.273508
1514886919.2735186
1514886920.3979943
1514886920.398019
1514886920.3980296
1514886921.6669745
1514886921.6670058
1514886921.667016
1514886922.8442628
1514886922.8442895
1514886922.8442988
1514886923.9192867
1514886923.9193313
1514886923.919369
1514886924.7024891
1514886924.7025132
1514886924.7025228
1514886925.650069
1514886925.650107
1514886925.650117
1514886926.3293116
1514886926.329386
1514886926.3294368
1514886927.1540673
1514886927.1541073
1514886927.1541193
1514886927.9722285
1514886927.9722564
1514886927.972266
1514886928.6944554
1514886928.6944933
1514886928.6945045
1514886929.307196
1514886929.307218
1514886929.3072274
1514886929.9293077
1514886929.9295876