
1514886860.1995454
1514886868.7112048
1514886868.71123
1514886868.7112398
1514886870.36976
1514886870.3697882
1514886870.3697982
1514886871.5700028
1514886871.5700288
1514886871.5700386
1514886872.5976298
1514886872.5976644
1514886872.5976741
1514886873.8102853
1514886873.8103127
1514886873.8103223
1514886875.3171172
1514886875.317142
1514886875.3171513
1514886876.5157063
1514886876.5157356
1514886876.5157475
1514886877.832742
1514886877.8327663
1514886877.8327768
1514886879.2189841
1514886879.219022
1514886879.2190323
1514886880.284927
1514886880.284953
1514886880.284963
1514886881.5837877
1514886881.5849507
1514886881.5849783
1514886882.7329688
1514886882.7330046
1514886882.7330174
1514886883.9085813
1514886883.9086692
1514886883.9087212
1514886885.545435
1514886885.5454705
1514886885.5454843
1514886887.1926482
1514886887.1927369
1514886887.1928
1514886888.7524862
1514886888.7525094
1514886888.7525187
1514886890.2916925
1514886890.2917652
1514886890.2918174
1514886891.710665
1514886891.7107015
1514886891.710716
1514886893.1789916
1514886893.1790283
1514886893.1790414
1514886894.4786599
1514886894.4786878
1514886894.4786985
1514886896.1618323
1514886896.1618621
1514886896.1618729
1514886897.7718012
1514886897.771823
1514886897.7718325
1514886899.2494862
1514886899.2498822
1514886899.2498984
1514886900.950091
1514886900.9501183
1514886900.9501278
1514886902.783253
1514886902.78328
1514886902.7832894
1514886904.0245304
1514886904.024558
1514886904.0245674
1514886905.553654
1514886905.5536833
1514886905.5536942
1514886906.8317463
1514886906.8317735
1514886906.8317826
1514886908.2573035
1514886908.257338
1514886908.2573488
1514886909.5491395
1514886909.5501778
1514886909.5501916
1514886910.5017514
1514886910.5017786
1514886910.5017884
1514886911.6720364
1514886911.672148
1514886911.6722033
1514886912.936873
1514886912.936899
1514886912.936908
1514886914.3012114
1514886914.3012943
1514886914.3013499
1514886915.7694802
1514886915.7695067
1514886915.7695174
1514886916.951233
1514886916.9512649
1514886916.9512763
1514886918.1196296
1514886918.1199472
1514886918.1199677
1514886919.0880096
1514886919.0880516
1514886919.0880623
1514886920.1992335
1514886920.1992655
1514886920.1992767
1514886921.4631634
1514886921.4634778
1514886921.4634948
1514886922.4114134
1514886922.4117181
1514886922.4117436
1514886923.2492018
1514886923.249229
1514886923.2492387
1514886924.5114412
1514886924.511478
1514886924.511488
1514886925.972271
1514886925.9722922
1514886925.9723017
1514886927.1343198
1514886927.1343453
1514886927.1343563
1514886928.140292
1514886928.140326
1514886928.140336
1514886929.195457
1514886929.1954842
1514886929.1954942
1514886929.9706388
1514886929.971588
1514886929.9716048
1514886930.4331996
1514886930.433236
1514886930.4332542
1514886930.9035895
1514886930.903622
1514886930.903632
1514886931.4161682
1514886931.416202
1514886931.4162169
1514886931.9557104
1514886931.95574
1514886931.9557514
1514886932.3180027
1514886932.3183055
1514886932.3183222
1514886932.654015
1514886932.6540477
1514886932.6540608
1514886933.0651207
1514886933.0651424
1514886933.0651517
1514886933.466021
1514886933.466054
1514886933.466065