
1514886860.1693997
1514886867.8203278
1514886867.8203564
1514886867.8203661
1514886869.641381
1514886869.6416914
1514886869.6417074
1514886871.5107012
1514886871.5107312
1514886871.5107417
1514886872.9649794
1514886872.9650166
1514886872.9650264
1514886874.4009547
1514886874.400978
1514886874.4009876
1514886875.5946357
1514886875.5946589
1514886875.5946686
1514886876.9916587
1514886876.9917035
1514886876.991714
1514886878.1622338
1514886878.1625292
1514886878.1625452
1514886879.5787613
1514886879.5787914
1514886879.5788012
1514886880.8925028
1514886880.8925436
1514886880.892555
1514886882.3127027
1514886882.3129995
1514886882.313015
1514886883.6551507
1514886883.6551862
1514886883.6551979
1514886885.0886085
1514886885.0905004
1514886885.0905147
1514886886.2203693
1514886886.2204263
1514886886.2204428
1514886887.3431988
1514886887.3433006
1514886887.3433886
1514886888.298705
1514886888.2987332
1514886888.2987442
1514886889.781986
1514886889.7820199
1514886889.78203
1514886891.101692
1514886891.101746
1514886891.1017625
1514886892.3631077
1514886892.363135
1514886892.3631446
1514886893.455361
1514886893.455865
1514886893.4558825
1514886894.7061462
1514886894.7061753
1514886894.7061863
1514886896.0267494
1514886896.0267756
1514886896.0267851
1514886897.3570116
1514886897.357045
1514886897.3570564
1514886898.477668
1514886898.4777436
1514886898.4777954
1514886899.7398148
1514886899.7398412
1514886899.739852
1514886901.0785005
1514886901.0785363
1514886901.0785465
1514886902.2927628
1514886902.2927902
1514886902.2928
1514886903.6266615
1514886903.6267333
1514886903.6267862
1514886904.9682236
1514886904.968247
1514886904.9682565
1514886906.3915951
1514886906.391624
1514886906.3916337
1514886907.2268932
1514886907.2269685
1514886907.2269871
1514886908.2534864
1514886908.2535815
1514886908.253638
1514886909.8361485
1514886909.836177
1514886909.8361876
1514886910.8576834
1514886910.857714
1514886910.8577251
1514886912.0165603
1514886912.0166526
1514886912.0167048
1514886913.3094122
1514886913.3094425
1514886913.3094525
1514886914.4941714
1514886914.4941971
1514886914.494207
1514886915.910448
1514886915.910802
1514886915.910818
1514886917.283297
1514886917.2833922
1514886917.2834466
1514886918.8375459
1514886918.8375738
1514886918.8375835
1514886920.3186736
1514886920.3187432
1514886920.3187952
1514886921.6600585
1514886921.6603785
1514886921.6603947
1514886922.8225238
1514886922.8225465
1514886922.8225567
1514886924.0936427
1514886924.0936775
1514886924.0936878
1514886925.1958098
1514886925.1958385
1514886925.1958485
1514886926.1106098
1514886926.110633
1514886926.1106424
1514886927.1141522
1514886927.1141772
1514886927.114187
1514886928.0266664
1514886928.0269842
1514886928.026996
1514886929.1705594
1514886929.170582
1514886929.170592
1514886930.026021
1514886930.0268896
1514886930.026907