
1514886860.183494
1514886867.609548
1514886867.6095784
1514886867.6095881
1514886869.6028218
1514886869.6032596
1514886869.6032858
1514886871.5238566
1514886871.5238788
1514886871.523889
1514886872.893607
1514886872.8936431
1514886872.8936532
1514886874.3175886
1514886874.3176136
1514886874.3176231
1514886875.5779707
1514886875.577998
1514886875.5780075
1514886876.594521
1514886876.5946178
1514886876.594674
1514886877.824529
1514886877.8245544
1514886877.824565
1514886879.553838
1514886879.5541081
1514886879.5541239
1514886880.9811888
1514886880.9812245
1514886880.9812346
1514886882.3655977
1514886882.3656795
1514886882.3656912
1514886883.759208
1514886883.759242
1514886883.7592566
1514886885.2378066
1514886885.2378395
1514886885.237851
1514886886.76276
1514886886.7627873
1514886886.762797
1514886888.0771518
1514886888.0771873
1514886888.077199
1514886889.4023354
1514886889.4023635
1514886889.4023728
1514886890.397015
1514886890.3970425
1514886890.3970523
1514886891.5214381
1514886891.521477
1514886891.521488
1514886892.791849
1514886892.7918713
1514886892.7918806
1514886894.1190896
1514886894.1194108
1514886894.1194286
1514886896.0650277
1514886896.065052
1514886896.0650613
1514886897.9232068
1514886897.9232376
1514886897.9232478
1514886899.5529826
1514886899.55504
1514886899.5550618
1514886901.6723266
1514886901.6723735
1514886901.6723886
1514886903.6480715
1514886903.6480956
1514886903.648105
1514886905.605374
1514886905.6054006
1514886905.6054096
1514886907.6742322
1514886907.6748035
1514886907.6748147
1514886909.0090165
1514886909.0090437
1514886909.0090532
1514886910.3465822
1514886910.3466277
1514886910.3466406
1514886911.89951
1514886911.8999257
1514886911.899943
1514886913.6008508
1514886913.60089
1514886913.600904
1514886915.099667
1514886915.0997062
1514886915.099724
1514886916.5396833
1514886916.539707
1514886916.5397172
1514886918.0625958
1514886918.062632
1514886918.0626423
1514886919.2104955
1514886919.2105198
1514886919.2105293
1514886920.4025922
1514886920.4028828
1514886920.4028988
1514886921.7127614
1514886921.7127972
1514886921.7128074
1514886923.025545
1514886923.0255706
1514886923.0255802
1514886924.462152
1514886924.4621844
1514886924.4621942
1514886925.886958
1514886925.8869834
1514886925.886993
1514886926.8774922
1514886926.8775182
1514886926.8775277
1514886927.3625135
1514886927.3625405
1514886927.36255
1514886928.1066847
1514886928.1067116
1514886928.1067214
1514886929.1625
1514886929.1625948
1514886929.1626577
1514886929.6429415
1514886929.6442983
1514886929.6443331
1514886930.2162452
1514886930.2193103
1514886930.219327