
1514886860.1848102
1514886867.6586635
1514886867.6586962
1514886867.6587067
1514886868.9390721
1514886868.9391003
1514886868.9391098
1514886870.0780158
1514886870.0780559
1514886870.078075
1514886871.3118944
1514886871.31232
1514886871.3123374
1514886872.7540462
1514886872.7540762
1514886872.754086
1514886874.268484
1514886874.2685132
1514886874.268523
1514886875.4292908
1514886875.4293163
1514886875.429326
1514886876.6345856
1514886876.6346087
1514886876.6346185
1514886877.8738418
1514886877.8738797
1514886877.87389
1514886879.557859
1514886879.5578809
1514886879.557891
1514886880.9393265
1514886880.9393756
1514886880.9393864
1514886882.3376927
1514886882.3377173
1514886882.3377283
1514886883.7182267
1514886883.7182546
1514886883.718264
1514886885.169483
1514886885.1695156
1514886885.169526
1514886886.5380237
1514886886.5380495
1514886886.5380588
1514886888.0114808
1514886888.0115094
1514886888.011519
1514886889.41864
1514886889.418662
1514886889.4186714
1514886890.533324
1514886890.5333512
1514886890.533361
1514886891.6413023
1514886891.6413324
1514886891.6413429
1514886892.9446201
1514886892.9446537
1514886892.944664
1514886894.1504107
1514886894.1504366
1514886894.1504474
1514886895.4860883
1514886895.4861262
1514886895.4861367
1514886896.752184
1514886896.752217
1514886896.7522283
1514886897.9403195
1514886897.9403446
1514886897.9403546
1514886899.0920348
1514886899.092066
1514886899.092077
1514886900.087067
1514886900.0873804
1514886900.0873969
1514886901.4478478
1514886901.447884
1514886901.4479003
1514886903.4192038
1514886903.4192402
1514886903.4192498
1514886905.0556679
1514886905.0556986
1514886905.05571
1514886906.5141673
1514886906.5141947
1514886906.5142045
1514886908.276529
1514886908.2792404
1514886908.279259
1514886910.168123
1514886910.1681545
1514886910.1681645
1514886911.8821023
1514886911.8825178
1514886911.882534
1514886913.310889
1514886913.3109217
1514886913.3109326
1514886914.4210973
1514886914.4211338
1514886914.421145
1514886915.624338
1514886915.6243608
1514886915.6243708
1514886916.5174873
1514886916.5175161
1514886916.5175261
1514886917.7059379
1514886917.7059772
1514886917.7059877
1514886918.8396118
1514886918.8396332
1514886918.8396428
1514886920.1549056
1514886920.1549916
1514886920.1550488
1514886921.4786315
1514886921.4786546
1514886921.4786642
1514886922.55992
1514886922.5599525
1514886922.5599647
1514886923.5943122
1514886923.5943387
1514886923.5943487
1514886924.814361
1514886924.8143985
1514886924.8144093
1514886926.0343113
1514886926.034333
1514886926.0343428
1514886927.0447724
1514886927.0448089
1514886927.0448189
1514886927.7864501
1514886927.7864795
1514886927.7864907
1514886928.3174436
1514886928.3174694
1514886928.3174794
1514886929.2341933
1514886929.2342758
1514886929.2343316
1514886930.172243
1514886930.1722662
1514886930.1722758
1514886930.7682369
1514886930.768264
1514886930.768274
1514886931.2272987
1514886931.2273302
1514886931.2273586
1514886931.5698524
1514886931.5698822
1514886931.569893
1514886931.975379
1514886931.9754062
1514886931.975416
1514886932.128769