
1514886860.1652575
1514886867.619534
1514886867.6195626
1514886867.619572
1514886868.710984
1514886868.711011
1514886868.7110202
1514886869.7319448
1514886869.7319815
1514886869.7319922
1514886870.8422532
1514886870.8422918
1514886870.842302
1514886871.9807894
1514886871.9808142
1514886871.9808238
1514886873.0817678
1514886873.0825698
1514886873.082587
1514886874.195268
1514886874.1953006
1514886874.1953137
1514886875.2509944
1514886875.2510238
1514886875.2510335
1514886876.3101878
1514886876.3102129
1514886876.3102224
1514886877.7473586
1514886877.7474096
1514886877.7474203
1514886879.2351363
1514886879.2351704
1514886879.235182
1514886880.7177234
1514886880.7181582
1514886880.7181726
1514886882.1552796
1514886882.155851
1514886882.155867
1514886883.4911778
1514886883.491526
1514886883.4915419
1514886884.618172
1514886884.6181993
1514886884.6182094
1514886885.7472947
1514886885.7473273
1514886885.7473598
1514886886.8629405
1514886886.8629665
1514886886.8629758
1514886888.2297597
1514886888.2298691
1514886888.229927
1514886889.8339994
1514886889.834091
1514886889.8341415
1514886891.306225
1514886891.3062541
1514886891.306264
1514886893.8828907
1514886893.8829172
1514886893.882928
1514886895.4096365
1514886895.4096584
1514886895.409668
1514886896.8565028
1514886896.856536
1514886896.8565478
1514886898.3005035
1514886898.300539
1514886898.3005495
1514886899.9728181
1514886899.97343
1514886899.9734478
1514886901.8416622
1514886901.841689
1514886901.8416982
1514886903.836301
1514886903.8363645
1514886903.8363776
1514886905.4339125
1514886905.4342372
1514886905.4342544
1514886907.0394547
1514886907.0394812
1514886907.0394907
1514886908.4570658
1514886908.4571598
1514886908.457215
1514886910.1480675
1514886910.1481032
1514886910.1481135
1514886911.9345467
1514886911.9348252
1514886911.9348414
1514886913.588956
1514886913.5889828
1514886913.5889924
1514886914.7768152
1514886914.7768493
1514886914.776859
1514886915.9438257
1514886915.943847
1514886915.9438562
1514886917.342204
1514886917.342263
1514886917.342274
1514886918.7224576
1514886918.7225325
1514886918.7225838
1514886920.0546718
1514886920.0547075
1514886920.0547204
1514886921.1934836
1514886921.1935172
1514886921.1935284
1514886922.4723973
1514886922.4724839
1514886922.4725068
1514886923.4243126
1514886923.4245896
1514886923.4246056
1514886924.444943
1514886924.4449646
1514886924.4449744
1514886925.4763296
1514886925.4763677
1514886925.4763782
1514886926.295229
1514886926.295525
1514886926.2955408
1514886927.1297002
1514886927.129727
1514886927.129738
1514886928.0787442
1514886928.0787706
1514886928.0787807
1514886929.1455123
1514886929.1456137
1514886929.1456814
1514886929.9514709
1514886929.9517908
1514886929.9518068
1514886930.3066666
1514886930.3066976
1514886930.3067079
1514886930.8727798
1514886930.8728108
1514886930.87282
1514886931.3884149
1514886931.388437
1514886931.388446
1514886931.9269228
1514886931.9269564
1514886931.9269674
1514886932.318201
1514886932.3182302
1514886932.318245
1514886932.679819
1514886932.6798558
1514886932.679868
1514886933.0852933
1514886933.0853326
1514886933.0853508
1514886933.4940927
1514886933.4941304
1514886933.4941478