
1514886860.161103
1514886861.965964
1514886861.9659998
1514886861.9660125
1514886861.9660337
1514886861.9660459
1514886861.966056
1514886861.9660735
1514886861.9660845
1514886861.9660947
1514886861.9661112
1514886861.9661217
1514886861.9661317
1514886861.967218
1514886861.9673657
1514886861.9674416
1514886863.3522627
1514886863.3522995
1514886863.3523092
1514886863.3523266
1514886863.3523355
1514886863.3523433
1514886863.3523571
1514886863.3523655
1514886863.3523736
1514886863.3523867
1514886863.3523958
1514886863.3524036
1514886863.3528965
1514886863.3529913
1514886863.3530507
1514886864.7728696
1514886864.772907
1514886864.7729259
1514886864.7729557
1514886864.772972
1514886864.77299
1514886864.7730162
1514886864.773032
1514886864.7730467
1514886864.773072
1514886864.773087
1514886864.7731016
1514886864.7749221
1514886864.775099
1514886864.7752013
1514886867.279144
1514886867.2791822
1514886867.2791922
1514886867.7979777
1514886867.7980049
1514886867.7980142
1514886868.6730022
1514886868.6730313
1514886868.673042
1514886869.5238972
1514886869.5241938
1514886869.5242102
1514886870.3915532
1514886870.3915815
1514886870.3915915
1514886871.263326
1514886871.2637985
1514886871.263819
1514886871.959823
1514886871.9598496
1514886871.9598591
1514886872.8062441
1514886872.806278
1514886872.8062882
1514886873.7699337
1514886873.7699618
1514886873.7699718
1514886874.714126
1514886874.7141492
1514886874.7141588
1514886875.908628
1514886875.908651
1514886875.908661
1514886877.515782
1514886877.5158093
1514886877.5158186
1514886878.9127018
1514886878.9127316
1514886878.912742
1514886880.4774094
1514886880.477433
1514886880.4774425
1514886882.128693
1514886882.1287203
1514886882.12873
1514886883.4064548
1514886883.4064894
1514886883.4065034
1514886884.5504296
1514886884.5504575
1514886884.550467
1514886885.732206
1514886885.7322342
1514886885.7322435
1514886886.7812948
1514886886.781321
1514886886.7813313
1514886888.0165744
1514886888.017505
1514886888.0175157
1514886889.1662095
1514886889.1662412
1514886889.1662526
1514886890.272517
1514886890.2728393
1514886890.2728562
1514886891.3584113
1514886891.3584378
1514886891.3584473
1514886892.3084743
1514886892.308502
1514886892.3085115
1514886893.281787
1514886893.282498
1514886893.282516
1514886894.2541974
1514886894.2542865
1514886894.2543383
1514886895.0341733
1514886895.034254
1514886895.0342696
1514886895.7933707
1514886895.7933998
1514886895.7934103
1514886896.629421
1514886896.6294525
1514886896.6294653
1514886897.539559
1514886897.5395834
1514886897.5395932
1514886898.228824
1514886898.2288532
1514886898.228864
1514886899.115699
1514886899.1157265
1514886899.1157367
1514886899.898606
1514886899.9005635
1514886899.9006355
1514886900.8340456
1514886900.8340745
1514886900.834084
1514886901.8645296
1514886901.86456
1514886901.8645694
1514886902.8090806
1514886902.8093557
1514886902.8093722
1514886903.6191592
1514886903.6191857
1514886903.6191952
1514886904.6942518
1514886904.6942787
1514886904.6942885
1514886905.9587946
1514886905.9590955
1514886905.9591124
1514886906.9738874
1514886906.973915
1514886906.9739249
1514886908.2076726
1514886908.207754
1514886908.20781
1514886909.531969
1514886909.5319953
1514886909.532005
1514886910.5222151
1514886910.522255
1514886910.5222795
1514886911.624398
1514886911.6248221
1514886911.6248398
1514886912.8808794
1514886912.8809144
1514886912.8809252
1514886913.817531
1514886913.817558
1514886913.8175673
1514886914.6379533
1514886914.6382246
1514886914.638241
1514886915.6786382
1514886915.678676
1514886915.6786888
1514886916.6449707
1514886916.645046
1514886916.6450984
1514886917.763419
1514886917.7634501
1514886917.763461
1514886918.7832184
1514886918.7832417
1514886918.7832515
1514886919.1452196