
1514886860.2035584
1514886867.1667547
1514886867.1667848
1514886867.1667945
1514886868.153971
1514886868.1539967
1514886868.1540062
1514886870.024726
1514886870.0247583
1514886870.024772
1514886871.3342414
1514886871.3342783
1514886871.3342893
1514886872.5363832
1514886872.5364184
1514886872.5364296
1514886873.9910781
1514886873.9911115
1514886873.9911234
1514886875.5223413
1514886875.5223684
1514886875.5223777
1514886877.8041456
1514886877.804172
1514886877.8041813
1514886879.552336
1514886879.5530689
1514886879.5530868
1514886880.91867
1514886880.9187047
1514886880.918715
1514886882.2920468
1514886882.2920735
1514886882.2920825
1514886883.6416237
1514886883.6421425
1514886883.6421657
1514886885.103552
1514886885.1038802
1514886885.1038976
1514886886.282243
1514886886.2822652
1514886886.2822745
1514886888.1262033
1514886888.1262374
1514886888.1262474
1514886889.7768276
1514886889.7768512
1514886889.7768605
1514886891.219245
1514886891.2192707
1514886891.2192805
1514886892.93458
1514886892.9346051
1514886892.9346147
1514886894.3528752
1514886894.353199
1514886894.3532152
1514886895.4672422
1514886895.4676425
1514886895.4676595
1514886896.510108
1514886896.5104227
1514886896.5104396
1514886897.916073
1514886897.9161081
1514886897.9161181
1514886899.1274576
1514886899.1275353
1514886899.12759
1514886900.3258626
1514886900.32589
1514886900.3258996
1514886901.7101252
1514886901.7101505
1514886901.7101598
1514886902.9668136
1514886902.9668407
1514886902.9668505
1514886904.2139308
1514886904.2139668
1514886904.213978
1514886905.6167965
1514886905.6168272
1514886905.6168385
1514886906.9762084
1514886906.9762304
1514886906.9762402
1514886908.3069587
1514886908.3070042
1514886908.307016
1514886909.6629853
1514886909.663013
1514886909.6630225
1514886910.6494288
1514886910.6504066
1514886910.6504261
1514886911.8755014
1514886911.8759065
1514886911.875947
1514886913.0679674
1514886913.067995
1514886913.0680044
1514886914.1912165
1514886914.191311
1514886914.1913872
1514886915.459018
1514886915.459045
1514886915.4590547
1514886916.8000357
1514886916.800059
1514886916.8000689
1514886918.1645675
1514886918.1645896
1514886918.1645992
1514886920.2172654
1514886920.2173414
1514886920.2173946
1514886921.8712716
1514886921.8713048
1514886921.8713198
1514886923.2590814
1514886923.259171
1514886923.2592242
1514886924.5853026
1514886924.5853395
1514886924.5853555
1514886925.9316814
1514886925.931717
1514886925.9317272
1514886926.998231
1514886926.9982615
1514886926.9982753
1514886927.6991084
1514886927.6991484
1514886927.6991603
1514886928.2706113
1514886928.2706828
1514886928.2707353
1514886929.2424188
1514886929.242449
1514886929.2424588
1514886930.1697316
1514886930.170013
1514886930.1700287
1514886930.8224459
1514886930.8224738
1514886930.8224833
1514886931.3606064
1514886931.3606286
1514886931.3606381
1514886931.8787515
1514886931.8787777
1514886931.8787873
1514886932.2222018
1514886932.2222369
1514886932.222247
1514886932.5875697
1514886932.5876005
1514886932.5876124
1514886932.9423997
1514886932.9424276
1514886932.9424376
1514886933.056644