
1514886860.1573994
1514886868.9567833
1514886868.956813
1514886868.9568236
1514886870.4431398
1514886870.4431667
1514886870.443176
1514886871.7083256
1514886871.7083552
1514886871.7083662
1514886873.4127164
1514886873.412755
1514886873.4127657
1514886875.290434
1514886875.2904644
1514886875.2904751
1514886877.0337222
1514886877.0337496
1514886877.0337603
1514886878.3613944
1514886878.3614264
1514886878.3614378
1514886879.6778646
1514886879.6779013
1514886879.6779168
1514886880.79334
1514886880.7933674
1514886880.7933774
1514886882.1308117
1514886882.131418
1514886882.131484
1514886883.1735325
1514886883.1735659
1514886883.1735773
1514886884.1796775
1514886884.179704
1514886884.1797144
1514886885.304308
1514886885.3043332
1514886885.3043427
1514886886.7429316
1514886886.7429678
1514886886.7429793
1514886888.2164402
1514886888.2164624
1514886888.216472
1514886889.7414334
1514886889.7414653
1514886889.7414744
1514886891.196224
1514886891.1965444
1514886891.1965613
1514886892.2655132
1514886892.2655401
1514886892.2655497
1514886893.345944
1514886893.3464334
1514886893.3464513
1514886894.4528263
1514886894.4528615
1514886894.452872
1514886895.373588
1514886895.3736188
1514886895.3736286
1514886896.259215
1514886896.2595534
1514886896.2595708
1514886897.5253606
1514886897.5253909
1514886897.525432
1514886898.5306828
1514886898.530711
1514886898.5307198
1514886899.6643717
1514886899.6646655
1514886899.6646779
1514886900.9911506
1514886900.9911764
1514886900.991186
1514886902.1246142
1514886902.1247094
1514886902.1247637
1514886903.4581537
1514886903.4581757
1514886903.4581847
1514886904.6037943
1514886904.6038268
1514886904.6038384
1514886905.8701916
1514886905.870228
1514886905.8702378
1514886907.057294
1514886907.0573194
1514886907.0573292
1514886908.3371956
1514886908.337221
1514886908.337231
1514886909.9954453
1514886909.995473
1514886909.995482
1514886911.4932756
1514886911.4933066
1514886911.4933167
1514886912.8120327
1514886912.8120606
1514886912.81207
1514886914.1955335
1514886914.1956217
1514886914.19568
1514886915.7168922
1514886915.7169185
1514886915.71693
1514886916.7758894
1514886916.7759337
1514886916.7759442
1514886918.1272073
1514886918.1272311
1514886918.1272414
1514886919.2454422
1514886919.2454734
1514886919.2454834
1514886920.3150947
1514886920.3151753
1514886920.3152275
1514886921.5669317
1514886921.5669584
1514886921.5669675
1514886922.5727496
1514886922.5727823
1514886922.572793
1514886923.5131578
1514886923.5131845
1514886923.5131938
1514886924.440475
1514886924.4405098
1514886924.44052
1514886925.3180215
1514886925.318049
1514886925.3180583
1514886926.0949237
1514886926.0949502
1514886926.09496
1514886927.0063727
1514886927.006403
1514886927.0064168
1514886927.7923493
1514886927.7923844
1514886927.792394
1514886928.31479
1514886928.314837
1514886928.3148484
1514886929.178396
1514886929.1784182
1514886929.1784282
1514886929.8978457
1514886929.8978724
1514886929.8978817
1514886930.2879543
1514886930.287993
1514886930.2880027
1514886930.8801556
1514886930.8801804
1514886930.88019
1514886931.3605392
1514886931.360596
1514886931.360616
1514886931.4957705