
1514886860.200737
1514886867.89477
1514886867.8948102
1514886867.8948214
1514886870.1647384
1514886870.1647732
1514886870.1647844
1514886871.8261797
1514886871.8267417
1514886871.8267598
1514886873.0180845
1514886873.01812
1514886873.0181303
1514886874.3803222
1514886874.3803494
1514886874.3803582
1514886875.9860365
1514886875.9860618
1514886875.9860713
1514886877.4909997
1514886877.4910266
1514886877.4910362
1514886879.0131183
1514886879.0131528
1514886879.013164
1514886880.5423355
1514886880.5423636
1514886880.5423732
1514886882.189928
1514886882.1899583
1514886882.1899688
1514886883.6184335
1514886883.6184676
1514886883.6184778
1514886884.8234541
1514886884.8237727
1514886884.823792
1514886885.9340932
1514886885.9344003
1514886885.9347036
1514886887.067496
1514886887.0675228
1514886887.0675335
1514886888.181311
1514886888.1814227
1514886888.1814795
1514886889.5936232
1514886889.593664
1514886889.5936766
1514886890.8637745
1514886890.863811
1514886890.864374
1514886891.8746724
1514886891.8746998
1514886891.8747091
1514886892.9066145
1514886892.9066436
1514886892.9066532
1514886893.900839
1514886893.9011133
1514886893.9011288
1514886895.1371245
1514886895.1371596
1514886895.137171
1514886896.3137472
1514886896.313781
1514886896.3137913
1514886897.56245
1514886897.5624814
1514886897.562491
1514886899.0678077
1514886899.067829
1514886899.067838
1514886899.9977229
1514886899.9983163
1514886899.998336
1514886900.6847692
1514886900.6851137
1514886900.68513
1514886901.3446398
1514886901.3446667
1514886901.344676
1514886901.901829
1514886901.9018564
1514886901.9018664
1514886902.5194557
1514886902.5211565
1514886902.5211787
1514886903.0311913
1514886903.0312185
1514886903.031228
1514886903.671167
1514886903.671189
1514886903.6711984
1514886904.3558278
1514886904.3558602
1514886904.3558729
1514886904.849835
1514886904.8498623
1514886904.849872
1514886905.3833206
1514886905.3836794
1514886905.383698
1514886905.9385107
1514886905.9388366
1514886905.938853
1514886906.4094875
1514886906.4095109
1514886906.4095204
1514886906.9246135
1514886906.9246519
1514886906.9246619
1514886907.4812887
1514886907.4813159
1514886907.4813254
1514886908.206302
1514886908.2063732
1514886908.2064314
1514886909.1674972
1514886909.167533
1514886909.167547
1514886910.0908637
1514886910.0908914
1514886910.0909011
1514886911.066724
1514886911.0676334
1514886911.0676537
1514886911.8194287
1514886911.8197834
1514886911.8198009
1514886912.6876822
1514886912.6877046
1514886912.687714
1514886913.4410622
1514886913.4410894
1514886913.4410992
1514886914.3425953
1514886914.342679
1514886914.342735
1514886915.4265616
1514886915.426589
1514886915.4265993
1514886916.3896923
1514886916.3897188
1514886916.389728
1514886917.410023
1514886917.4103346
1514886917.4103513
1514886918.7720418
1514886918.7720702
1514886918.7720797
1514886920.0570521
1514886920.0570772
1514886920.0571198
1514886921.1945655
1514886921.196778
1514886921.1968067
1514886922.032446
1514886922.0324886
1514886922.0325005
1514886922.892316
1514886922.8923411
1514886922.892351
1514886923.8356102
1514886923.835637
1514886923.8356469
1514886924.7654376
1514886924.7654858
1514886924.7654986
1514886925.9438426
1514886925.9438686
1514886925.9438784
1514886926.252242