
1514886860.1476448
1514886861.9334664
1514886861.9334962
1514886861.933506
1514886861.933523
1514886861.933532
1514886861.9335399
1514886861.9335535
1514886861.9335616
1514886861.9335697
1514886861.9335828
1514886861.9335907
1514886861.9335983
1514886861.934094
1514886861.9341881
1514886861.9342422
1514886863.2567108
1514886863.256741
1514886863.2567508
1514886863.2567677
1514886863.2567763
1514886863.2567842
1514886863.2567976
1514886863.2568057
1514886863.2568133
1514886863.2568262
1514886863.2568345
1514886863.2568421
1514886863.2576606
1514886863.2577665
1514886863.2578266
1514886864.656226
1514886864.656256
1514886864.6562667
1514886864.6562853
1514886864.656295
1514886864.656306
1514886864.6563325
1514886864.6563413
1514886864.6563497
1514886864.6563637
1514886864.6563723
1514886864.6563804
1514886864.6568556
1514886864.6569593
1514886864.65702
1514886867.6607776
1514886867.6608024
1514886867.660812
1514886868.5924456
1514886868.592478
1514886868.592489
1514886869.6133192
1514886869.6133542
1514886869.61337
1514886870.6487215
1514886870.6487496
1514886870.648759
1514886871.8038907
1514886871.8042917
1514886871.8043094
1514886872.9252684
1514886872.925292
1514886872.9253016
1514886874.0640502
1514886874.0640788
1514886874.0640886
1514886875.063291
1514886875.063317
1514886875.0633264
1514886876.3372207
1514886876.3372433
1514886876.3372526
1514886877.7188222
1514886877.7188568
1514886877.718868
1514886879.0916975
1514886879.0917315
1514886879.0917423
1514886880.4615605
1514886880.4615886
1514886880.4615986
1514886882.1871533
1514886882.1871812
1514886882.187228
1514886883.620202
1514886883.620223
1514886883.620232
1514886885.0222335
1514886885.0222573
1514886885.0222669
1514886886.275056
1514886886.2750847
1514886886.2750947
1514886888.199588
1514886888.1996145
1514886888.199624
1514886889.999041
1514886889.9994416
1514886889.999459
1514886891.470252
1514886891.4702852
1514886891.4702973
1514886892.726488
1514886892.726514
1514886892.7265236
1514886894.1412704
1514886894.1412983
1514886894.1413088
1514886896.1372516
1514886896.1372828
1514886896.1372936
1514886897.9323456
1514886897.9323716
1514886897.9323816
1514886899.3086166
1514886899.3086448
1514886899.3086562
1514886900.4168196
1514886900.4168465
1514886900.416856
1514886901.7919135
1514886901.7919512
1514886901.7919612
1514886903.0343974
1514886903.03442
1514886903.0344298
1514886904.1822264
1514886904.1822565
1514886904.1822658
1514886905.9247448
1514886905.9247715
1514886905.924781
1514886907.096269
1514886907.0962946
1514886907.0963042
1514886908.4154675
1514886908.415625
1514886908.4156833
1514886910.006363
1514886910.0063853
1514886910.0063949
1514886911.445675
1514886911.4457026
1514886911.4457126
1514886912.6403553
1514886912.6403835
1514886912.6450691
1514886913.6254008
1514886913.6254327
1514886913.6254451
1514886914.6208854
1514886914.6212323
1514886914.621253
1514886915.7491643
1514886915.7491927
1514886915.7492032
1514886916.940609
1514886916.940636
1514886916.9406464
1514886918.129057
1514886918.1294951
1514886918.1295133
1514886919.237229
1514886919.2372572
1514886919.2372673
1514886920.24179
1514886920.2418664
1514886920.2419202
1514886921.519105
1514886921.5191329
1514886921.5191429
1514886922.6128464
1514886922.6128771
1514886922.6128879
1514886923.6971602
1514886923.6971896
1514886923.6972008
1514886924.589693
1514886924.5897164
1514886924.5897264
1514886925.8653572
1514886925.8653855
1514886925.865395
1514886926.3294156
1514886926.3296862