
1514886860.1548157
1514886869.2379324
1514886869.2379615
1514886869.2379715
1514886870.8112645
1514886870.8113053
1514886870.811325
1514886872.5520525
1514886872.5520794
1514886872.5520914
1514886873.83411
1514886873.8341424
1514886873.8341527
1514886874.979499
1514886874.9795265
1514886874.9795375
1514886876.2624707
1514886876.26251
1514886876.26252
1514886877.586215
1514886877.5862908
1514886877.5863416
1514886879.0320497
1514886879.0320768
1514886879.0320873
1514886880.222753
1514886880.2227833
1514886880.2227948
1514886881.4869068
1514886881.4869494
1514886881.4869637
1514886882.7893782
1514886882.7894607
1514886882.7895133
1514886883.9788706
1514886883.9788966
1514886883.9789083
1514886885.2658114
1514886885.2658508
1514886885.2658613
1514886886.5930882
1514886886.5931156
1514886886.593125
1514886888.0566022
1514886888.0569465
1514886888.0569634
1514886889.666766
1514886889.6667988
1514886889.6668112
1514886891.3605483
1514886891.3608294
1514886891.3608463
1514886892.7081137
1514886892.7081664
1514886892.7081845
1514886894.0846405
1514886894.0851486
1514886894.0851936
1514886896.1571884
1514886896.1572654
1514886896.1573195
1514886897.994609
1514886897.9946344
1514886897.994644
1514886899.7870245
1514886899.787144
1514886899.7872002
1514886901.6202312
1514886901.6202571
1514886901.6202662
1514886903.5347037
1514886903.5347369
1514886903.534747
1514886905.6343122
1514886905.634336
1514886905.6343453
1514886907.5070624
1514886907.5070908
1514886907.5071
1514886908.7370832
1514886908.7373898
1514886908.7374072
1514886910.1336951
1514886910.1337245
1514886910.1337357
1514886911.7264318
1514886911.726532
1514886911.7265875
1514886913.3580909
1514886913.358129
1514886913.3581393
1514886914.4982214
1514886914.4982474
1514886914.4982595
1514886915.9301584
1514886915.930193
1514886915.930204
1514886917.3601959
1514886917.3604555
1514886917.360471
1514886918.6840816
1514886918.684112
1514886918.6841216
1514886920.1608472
1514886920.1608732
1514886920.1608846
1514886921.6502712
1514886921.6505523
1514886921.650568
1514886922.9733784
1514886922.9733992
1514886922.973409
1514886924.4078565
1514886924.4087074
1514886924.4087186
1514886925.8681521
1514886925.8681746
1514886925.868184
1514886926.7697818
1514886926.7698123
1514886926.7698233
1514886927.2684453
1514886927.2684717
1514886927.2684815
1514886928.1578515
1514886928.1578774
1514886928.157887
1514886929.2557454
1514886929.2558193
1514886929.2558727
1514886930.1855748
1514886930.1856055
1514886930.1856155
1514886930.8387218
1514886930.8387463
1514886930.838756
1514886931.3584332
1514886931.358461
1514886931.3584704
1514886931.8334584
1514886931.8334856
1514886931.8334951
1514886932.10591
1514886932.1059406
1514886932.1059508
1514886932.359033
1514886932.3590577
1514886932.359067
1514886932.6777587
1514886932.6777928
1514886932.677803
1514886933.0171146
1514886933.0171413
1514886933.0171506
1514886933.4133828
1514886933.4134188
1514886933.4134321
1514886933.6761608
1514886933.6761932
1514886933.6762054
1514886933.9270039
1514886933.927035
1514886933.9270463
1514886934.1670537
1514886934.167094
1514886934.167105
1514886934.4171464
1514886934.417177
1514886934.4171872