
1514886860.2008843
1514886866.500725
1514886866.5007687
1514886866.5007815
1514886867.6517553
1514886867.651783
1514886867.6517925
1514886868.9554114
1514886868.9554405
1514886868.9601355
1514886869.9530134
1514886869.9530628
1514886869.9530756
1514886870.7416093
1514886870.7416365
1514886870.7416458
1514886871.80385
1514886871.8048968
1514886871.8049145
1514886872.9161737
1514886872.9161987
1514886872.916208
1514886874.2726269
1514886874.272649
1514886874.272658
1514886875.6991487
1514886875.6991737
1514886875.699183
1514886876.9186542
1514886876.918691
1514886876.9187007
1514886877.982582
1514886877.9826124
1514886877.982622
1514886879.2852511
1514886879.2852812
1514886879.2852926
1514886880.3945773
1514886880.3946056
1514886880.3946152
1514886881.3457243
1514886881.345749
1514886881.3457594
1514886882.3117034
1514886882.3120492
1514886882.3120654
1514886883.5537276
1514886883.5538208
1514886883.5538363
1514886884.7572308
1514886884.7572584
1514886884.757268
1514886885.8514824
1514886885.8515089
1514886885.8515184
1514886886.802804
1514886886.802832
1514886886.8028426
1514886887.8037002
1514886887.8037279
1514886887.8037374
1514886888.7283125
1514886888.7283397
1514886888.7283494
1514886889.7852182
1514886889.785254
1514886889.785264
1514886891.0100133
1514886891.0100431
1514886891.010054
1514886891.9344335
1514886891.9344623
1514886891.934472
1514886892.8750415
1514886892.875414
1514886892.8754308
1514886893.8827543
1514886893.8830338
1514886893.8830538
1514886895.1674879
1514886895.1675255
1514886895.1675375
1514886896.4371057
1514886896.4374053
1514886896.4374218
1514886897.8658338
1514886897.8658807
1514886897.865892
1514886899.1468067
1514886899.1468346
1514886899.1468444
1514886900.425191
1514886900.4252138
1514886900.4252236
1514886901.910959
1514886901.9109914
1514886901.9110014
1514886903.5724885
1514886903.5725152
1514886903.5725245
1514886904.9556463
1514886904.9556768
1514886904.9556868
1514886906.5520678
1514886906.5520942
1514886906.5521035
1514886908.177753
1514886908.1777768
1514886908.1777868
1514886909.5074067
1514886909.5074344
1514886909.5074444
1514886910.5512452
1514886910.5516405
1514886910.5516598
1514886911.8903944
1514886911.8906875
1514886911.890703
1514886913.1515086
1514886913.1515412
1514886913.1515539
1514886914.3632765
1514886914.3633015
1514886914.363312
1514886915.7135067
1514886915.7135463
1514886915.7135582
1514886916.9157233
1514886916.915759
1514886916.9157708
1514886918.081272
1514886918.0813024
1514886918.0813155
1514886918.948791
1514886918.9488268
1514886918.9488373
1514886920.0190718
1514886920.019099
1514886920.0191083
1514886920.9223397
1514886920.9229918
1514886920.9230146
1514886921.812952
1514886921.812979
1514886921.812988
1514886922.969412
1514886922.9694393
1514886922.969448
1514886923.959548
1514886923.9595878
1514886923.9595997
1514886924.819545
1514886924.8195717
1514886924.8195815
1514886925.9179966
1514886925.9187567
1514886925.918768
1514886926.3916404
1514886926.3922691