
1514886860.179209
1514886867.6365106
1514886867.636546
1514886867.636556
1514886868.9999728
1514886868.9999998
1514886869.0000098
1514886870.3115366
1514886870.311563
1514886870.3115735
1514886871.8881128
1514886871.8881493
1514886871.8881588
1514886873.3352785
1514886873.335308
1514886873.3353176
1514886874.7023609
1514886874.7023923
1514886874.702403
1514886876.3319173
1514886876.3319476
1514886876.3319697
1514886877.8207223
1514886877.8207474
1514886877.820758
1514886879.7406101
1514886879.7407553
1514886879.7408414
1514886881.3213627
1514886881.3214061
1514886881.3214185
1514886882.785564
1514886882.7855906
1514886882.7856002
1514886884.264525
1514886884.264551
1514886884.2645612
1514886885.8171763
1514886885.817204
1514886885.817213
1514886887.0354712
1514886887.0355082
1514886887.0355196
1514886888.3383923
1514886888.3385
1514886888.3385565
1514886889.9091945
1514886889.9093003
1514886889.909356
1514886891.3334088
1514886891.3336995
1514886891.3337154
1514886892.7808754
1514886892.780902
1514886892.7809117
1514886893.7876155
1514886893.7879584
1514886893.7879767
1514886894.8240883
1514886894.8241165
1514886894.8241255
1514886895.4687486
1514886895.4687772
1514886895.4687867
1514886896.0891368
1514886896.0891685
1514886896.0891786
1514886896.652209
1514886896.6527593
1514886896.6527953
1514886897.2773585
1514886897.2773895
1514886897.2791178
1514886897.9279802
1514886897.9280057
1514886897.9280164
1514886898.5303195
1514886898.5303466
1514886898.5303557
1514886899.0700364
1514886899.0700579
1514886899.0700674
1514886899.6626875
1514886899.6634967
1514886899.6635153
1514886900.3447912
1514886900.344815
1514886900.3448246
1514886900.9546292
1514886900.9549427
1514886900.9549587
1514886901.5524793
1514886901.5525067
1514886901.5525196
1514886902.0397267
1514886902.0397556
1514886902.039765
1514886902.658344
1514886902.658654
1514886902.6586707
1514886903.4572718
1514886903.457308
1514886903.4573185
1514886904.14242
1514886904.1424422
1514886904.1424525
1514886904.918024
1514886904.9180515
1514886904.9208312
1514886905.775001
1514886905.7750282
1514886905.7750378
1514886906.6000469
1514886906.6003811
1514886906.6003973
1514886907.5710826
1514886907.571109
1514886907.5711186
1514886908.5931883
1514886908.5935185
1514886908.5935354
1514886910.091324
1514886910.0913985
1514886910.0914128
1514886911.4795866
1514886911.4796176
1514886911.4796278
1514886912.914659
1514886912.914685
1514886912.9146955
1514886914.2426474
1514886914.2427175
1514886914.2427688
1514886915.5891707
1514886915.5891976
1514886915.589207
1514886916.7016218
1514886916.7016487
1514886916.7016582
1514886918.0803535
1514886918.0804513
1514886918.0805204
1514886919.188836
1514886919.1888728
1514886919.1888828
1514886920.3891447
1514886920.3892264
1514886920.3892803
1514886921.7597516
1514886921.7597873
1514886921.7598004
1514886923.145459
1514886923.145539
1514886923.1455908
1514886924.677507
1514886924.6775336
1514886924.6775432
1514886925.9629211
1514886925.9629464
1514886925.9629562
1514886926.9848828
1514886926.984931
1514886926.9849463
1514886927.5585482
1514886927.5585754
1514886927.5585852
1514886928.190872
1514886928.1909478
1514886928.1910007
1514886929.2388465
1514886929.238878
1514886929.238888
1514886929.6467428