
1515071983.9241014
1515071989.5778444
1515071989.5778813
1515071990.2092674
1515071990.209309
1515071990.7578993
1515071990.7579293
1515071991.3562412
1515071991.3566277
1515071992.0098317
1515071992.0098634
1515071992.7547853
1515071992.7548227
1515071993.4818776
1515071993.4819164
1515071994.2274938
1515071994.227545
1515071994.8051732
1515071994.8052146
1515071995.5396369
1515071995.5396745
1515071996.15574
1515071996.1557772
1515071996.7968516
1515071996.796891
1515071997.4747689
1515071997.4747992
1515071998.0510263
1515071998.0510592
1515071998.5229597
1515071998.5230513
1515071999.1462436
1515071999.1462753
1515071999.6469252
1515071999.6469812
1515072000.2950525
1515072000.2950935
1515072001.092005
1515072001.0920553
1515072001.786278
1515072001.786312
1515072002.4923825
1515072002.492414
1515072003.1756103
1515072003.1756403
1515072003.718092
1515072003.718146
1515072004.2915785
1515072004.2916028
1515072004.8557544
1515072004.8557951
1515072005.4213529
1515072005.421386
1515072005.8387516
1515072005.8387945
1515072006.1264575
1515072006.7262197
1515072006.7262795
1515072007.3099537
1515072007.310009
1515072007.9261594
1515072007.926195
1515072008.4186227
1515072008.4186563
1515072009.2100365
1515072009.210806
1515072009.7833161
1515072009.783371
1515072010.5686035
1515072010.5686378
1515072011.187968
1515072011.1880157
1515072012.034399
1515072012.034526
1515072012.7846012
1515072012.7846522
1515072013.48852
1515072013.4885454
1515072014.2996535
1515072014.2996948
1515072015.0990021
1515072015.0991
1515072015.885742
1515072015.8857815
1515072016.7172422
1515072016.7172737
1515072017.6470597
1515072017.6470962
1515072018.2916381
1515072018.2920275
1515072019.0119467
1515072019.0119863
1515072019.7922137
1515072019.7926257
1515072020.6117864
1515072020.611823
1515072021.3838468
1515072021.3839133
1515072022.1909113
1515072022.1909432
1515072022.9555876
1515072022.9556181
1515072023.7919707
1515072023.7920103
1515072024.8111217
1515072024.8112047
1515072025.975119
1515072025.9751565
1515072027.0667913
1515072027.0668218
1515072028.0641937
1515072028.0645313
1515072029.040315
1515072029.0403593
1515072029.9254441
1515072029.925583
1515072030.8027477
1515072030.8027747
1515072031.6940238
1515072031.6940606
1515072032.5258424
1515072032.525872
1515072033.3242807
1515072033.324312
1515072034.2110925
1515072034.211117
1515072035.1305113
1515072035.1308792
1515072035.7621226
1515072035.7621546
1515072036.4928358
1515072036.4928675
1515072037.2415102
1515072037.2415433
1515072038.0543718
1515072038.054406
1515072038.6985412
1515072038.6985645
1515072039.679421
1515072039.6794543
1515072040.6315963
1515072040.6316333
1515072041.616563
1515072041.616593
1515072042.6400502
1515072042.6400838
1515072043.4002943
1515072043.400324
1515072044.3879626
1515072044.3879962
1515072045.3264284
1515072045.326457
1515072046.3125567
1515072046.312965
1515072047.2308452
1515072047.2308888
1515072047.9676495
1515072047.9676793
1515072048.934695
1515072048.9350758
1515072049.822268
1515072049.8222985
1515072051.1194654
1515072051.1195867
1515072052.1390777
1515072052.1395006
1515072053.136943
1515072053.1369758
1515072054.4123993
1515072054.412449
1515072055.519532
1515072055.5195627
1515072056.6895409
1515072056.6895704
1515072057.842246
1515072057.842289
1515072059.1395123
1515072059.1395428
1515072060.1779637
1515072060.178056
1515072061.292566
1515072061.2925947
1515072062.3379385
1515072062.3379664
1515072063.6003628
1515072063.600398