
1515071983.9187982
1515071988.9415865
1515071988.9416296
1515071989.7315898
1515071989.7316296
1515071991.2818289
1515071991.2818708
1515071992.2958517
1515071992.295898
1515071992.9001179
1515071992.9002135
1515071993.5807457
1515071993.5816238
1515071994.3803065
1515071994.3806677
1515071994.9710345
1515071994.9710684
1515071995.7685063
1515071995.768545
1515071996.446431
1515071996.4464705
1515071997.2645986
1515071997.2650006
1515071998.0979936
1515071998.0980182
1515071999.0538468
1515071999.0538938
1515071999.8136427
1515071999.8136675
1515072001.1108978
1515072001.1109238
1515072002.5297282
1515072002.5297751
1515072003.941315
1515072003.9413505
1515072004.9194062
1515072004.919453
1515072005.9129395
1515072005.912977
1515072007.122281
1515072007.1223214
1515072008.143845
1515072008.1439102
1515072008.5238252
1515072009.7616522
1515072009.7616878
1515072011.0389192
1515072011.0389779
1515072012.4303238
1515072012.430359
1515072013.4618497
1515072013.461896
1515072014.5794897
1515072014.5795457
1515072015.7495878
1515072015.74962
1515072017.0042472
1515072017.0042796
1515072017.98365
1515072017.9836767
1515072019.0808308
1515072019.0808601
1515072020.1912177
1515072020.1912637
1515072021.344152
1515072021.344621
1515072022.4989505
1515072022.4990027
1515072023.5853353
1515072023.5853827
1515072024.6279082
1515072024.628307
1515072025.650863
1515072025.6508873
1515072026.691723
1515072026.691753
1515072027.54534
1515072027.5454302
1515072028.5465155
1515072028.5465515
1515072029.4925208
1515072029.4925668
1515072030.7154605
1515072030.7154965
1515072031.7377062
1515072031.7377343
1515072032.7460375
1515072032.7464516
1515072033.473676
1515072033.4739752
1515072034.2610555
1515072034.2610853
1515072035.2076983
1515072035.2077303
1515072036.229262
1515072036.2292874
1515072037.685501
1515072037.6855423
1515072038.6976354
1515072038.697674
1515072039.850654
1515072039.8506985
1515072040.9294791
1515072040.929523
1515072041.9908984
1515072041.9909327
1515072043.2193706
1515072043.219405
1515072044.260304
1515072044.2603376
1515072045.2679856
1515072045.2680438
1515072046.3106823
1515072046.3107185
1515072047.325194
1515072047.3252208
1515072048.3280144
1515072048.3284078
1515072049.2322302
1515072049.2322638
1515072050.2898743
1515072050.289998
1515072051.620638
1515072051.6206727
1515072052.740699
1515072052.7407374
1515072053.833019
1515072053.83305
1515072054.8865194
1515072054.886552
1515072056.7497997
1515072056.7501557
1515072058.0567646
1515072058.0567932
1515072059.2668614
1515072059.2668984
1515072060.2437196
1515072060.243752
1515072061.1617486
1515072061.1617904
1515072062.7276168
1515072062.7276568
1515072064.0892198
1515072064.089249
1515072065.2705696
1515072065.2705998
1515072066.2985075
1515072066.2985363
1515072067.510931
1515072067.5109963
1515072068.4560113
1515072068.4565814
1515072069.4318705
1515072069.4319472
1515072070.4729834
1515072070.4730182
1515072071.548737
1515072071.5487697
1515072072.5147526
1515072072.5147955
1515072073.0568037
1515072073.0568328
1515072074.1607058
1515072074.1607366
1515072074.9911892
1515072074.9912286
1515072075.790547
1515072075.7905748
1515072076.6335437
1515072076.6335719
1515072077.275807