
1515071983.9372163
1515071989.9830735
1515071989.9831119
1515071991.2445626
1515071991.2445962
1515071992.6646276
1515071992.6646752
1515071993.7140458
1515071993.7145612
1515071994.7170358
1515071994.7171044
1515071995.326385
1515071995.3264284
1515071996.1324503
1515071996.1324804
1515071996.997007
1515071996.9971006
1515071997.823432
1515071997.8234582
1515071998.5120625
1515071998.5121088
1515071999.2984393
1515071999.2984633
1515072000.141738
1515072000.1417687
1515072001.0713263
1515072001.0713515
1515072001.9733756
1515072001.9734147
1515072002.695778
1515072002.695812
1515072003.5023954
1515072003.5024228
1515072004.4262776
1515072004.4263282
1515072005.6044567
1515072005.6044927
1515072006.8916013
1515072006.8919718
1515072008.2052853
1515072008.2053201
1515072009.6069264
1515072009.606992
1515072010.638102
1515072010.6381419
1515072011.2668695
1515072011.2669048
1515072012.1631284
1515072012.1634455
1515072013.015275
1515072013.015328
1515072014.0885231
1515072014.0885508
1515072014.8891816
1515072014.889567
1515072015.7680671
1515072015.76837
1515072016.640835
1515072016.6408806
1515072017.6811445
1515072017.6811867
1515072018.0029576
1515072019.5995655
1515072019.5995898
1515072020.7844448
1515072020.784476
1515072021.9417489
1515072021.9417992
1515072022.9732013
1515072022.9732304
1515072023.958563
1515072023.9585903
1515072024.7755668
1515072024.7756019
1515072025.633712
1515072025.633753
1515072026.3840506
1515072026.3840811
1515072027.1764534
1515072027.176834
1515072028.0992744
1515072028.0993075
1515072029.0118308
1515072029.011875
1515072029.8418798
1515072029.8419235
1515072030.5959616
1515072030.596005
1515072031.5475307
1515072031.547926
1515072032.5707848
1515072032.5708325
1515072033.466682
1515072033.4667137
1515072034.2662704
1515072034.2662945
1515072035.355925
1515072035.3559654
1515072036.461822
1515072036.4618697
1515072037.6021514
1515072037.6021872
1515072038.554519
1515072038.5545464
1515072039.6349032
1515072039.634935
1515072040.8145058
1515072040.8145604
1515072041.9795341
1515072041.9795678
1515072043.061278
1515072043.0617952
1515072044.0914497
1515072044.0914826
1515072045.0982387
1515072045.098287
1515072046.0637298
1515072046.063772
1515072047.0313535
1515072047.0313892
1515072047.827875
1515072047.8279402
1515072048.8207612
1515072048.8212726
1515072049.7511878
1515072049.751217
1515072050.7898548
1515072050.789896
1515072051.8050513
1515072051.8050807
1515072052.9200141
1515072052.920066
1515072054.0887837
1515072054.0892544
1515072055.1220994
1515072055.1221275
1515072056.3425927
1515072056.3426378
1515072057.4120293
1515072057.4120727
1515072058.6168213
1515072058.616855
1515072059.6106424
1515072059.6106663
1515072060.5574028
1515072060.5574362
1515072061.358256
1515072061.358317
1515072062.1873524
1515072062.1873887
1515072063.0725
1515072063.0725899
1515072064.0782669
1515072064.0783014
1515072065.1522932
1515072065.152336
1515072065.981838
1515072065.9818707
1515072066.9904099
1515072066.9904435
1515072068.0424182
1515072068.0424457
1515072069.160086
1515072069.1601448
1515072070.1493075
1515072070.1493409
1515072070.9179468
1515072070.918474
1515072071.810681
1515072071.8107169
1515072072.8671072
1515072072.867156
1515072073.6780508
1515072073.6780963
1515072074.377865
1515072074.3779027
1515072075.3736649
1515072075.3740723
1515072076.4564507
1515072076.4568415
1515072077.4773605
1515072077.477391