
1515071983.930685
1515071990.057948
1515071990.057997
1515071991.5491006
1515071991.5491295
1515071993.0706441
1515071993.0720363
1515071993.717854
1515071993.7178774
1515071994.4378116
1515071994.4381626
1515071995.061136
1515071995.0611606
1515071995.959141
1515071995.9591823
1515071996.6524773
1515071996.6525133
1515071997.5030873
1515071997.5031118
1515071998.333195
1515071998.3332314
1515071999.29162
1515071999.2916524
1515072000.222614
1515072000.222923
1515072001.212869
1515072001.212898
1515072002.4768028
1515072002.4768407
1515072003.363951
1515072003.3641033
1515072004.2390814
1515072004.239111
1515072004.9253488
1515072004.9253812
1515072005.7999249
1515072005.799958
1515072006.7465959
1515072006.7466314
1515072007.9333208
1515072007.9333544
1515072008.7886665
1515072008.788697
1515072009.842188
1515072009.8426359
1515072010.9465759
1515072010.9466023
1515072012.290421
1515072012.2904525
1515072013.337271
1515072013.337303
1515072014.3773513
1515072014.3777099
1515072015.4594169
1515072015.4597478
1515072016.6739142
1515072016.6739502
1515072017.9051068
1515072017.9051337
1515072018.9267764
1515072018.9268134
1515072019.8082757
1515072019.8083012
1515072020.6831992
1515072020.6832364
1515072021.4759078
1515072021.4759436
1515072022.3354447
1515072022.3354821
1515072023.2679193
1515072023.267964
1515072024.1152308
1515072024.1156673
1515072024.9223459
1515072024.9228384
1515072025.7588453
1515072025.758876
1515072026.585423
1515072026.5854611
1515072027.2515495
1515072027.2515857
1515072028.036456
1515072028.0364869
1515072028.7903492
1515072028.7903917
1515072029.5290256
1515072029.5290573
1515072030.4669404
1515072030.4669867
1515072031.4153645
1515072031.4154015
1515072032.1069977
1515072032.1070342
1515072033.0857143
1515072033.0857425
1515072034.203738
1515072034.205625
1515072035.193145
1515072035.1931772
1515072036.1322994
1515072036.1323347
1515072037.000892
1515072037.000926
1515072038.0996594
1515072038.0997014
1515072038.937555
1515072038.9375875
1515072039.845546
1515072039.845595
1515072040.7201736
1515072040.7201998
1515072041.6834698
1515072041.683502
1515072042.535719
1515072042.5361083
1515072043.3398294
1515072043.339865
1515072044.1217883
1515072044.1218183
1515072044.9039557
1515072044.9039848
1515072045.6361744
1515072045.6364934
1515072046.433744
1515072046.4337735
1515072047.192001
1515072047.1924691
1515072047.9118242
1515072047.9118612
1515072048.8217163
1515072048.8217494
1515072049.7333848
1515072049.733418
1515072050.6067176
1515072050.606753
1515072051.5442824
1515072051.5443168
1515072052.5567114
1515072052.5567462
1515072053.4955513
1515072053.4955883
1515072054.9102051
1515072054.9102364
1515072056.1086204
1515072056.1086485
1515072057.3584304
1515072057.358469
1515072058.5391552
1515072058.5391872
1515072059.585213
1515072059.5852466
1515072060.8637729
1515072060.8638055
1515072061.9525893
1515072061.9526303
1515072062.7846484
1515072062.784681
1515072063.8242996
1515072063.824334
1515072064.5055847
1515072064.5056186
1515072065.3623173
1515072065.3623872
1515072066.2480109
1515072066.2480383
1515072067.1717262
1515072067.171754
1515072068.0057447
1515072068.0057776
1515072068.9430141
1515072068.9435346
1515072069.9439998
1515072069.944027
1515072070.622139
1515072070.6221716
1515072071.2636116
1515072071.2636423
1515072071.9873164
1515072071.9873397
1515072072.939756
1515072072.9397812
1515072073.8076077
1515072073.8076427
1515072074.4677184
1515072074.467747
1515072075.308937
1515072075.3089783
1515072076.0414798
1515072076.0415158
1515072076.6178536
1515072076.6178896
1515072077.5352042
1515072077.5352304
1515072078.3175278
1515072078.3175569
1515072078.9006085
1515072078.900648
1515072079.4988885
1515072079.498997
1515072080.0999963
1515072080.1000276
1515072080.3216605