
1515071983.923798
1515071989.111004
1515071989.11104
1515071990.5132241
1515071990.5132558
1515071991.8442318
1515071991.8442707
1515071993.216124
1515071993.2166452
1515071994.0907395
1515071994.0907671
1515071995.2150037
1515071995.2150614
1515071996.3863013
1515071996.3863385
1515071997.469075
1515071997.469111
1515071998.2824414
1515071998.2825592
1515071999.2251155
1515071999.2251506
1515071999.9142041
1515071999.9142427
1515072000.8275077
1515072000.8280027
1515072001.5909157
1515072001.5909472
1515072002.7141254
1515072002.7141705
1515072003.446775
1515072003.447165
1515072004.2130842
1515072004.2131302
1515072004.997221
1515072004.9972503
1515072005.7613215
1515072005.761361
1515072006.6068623
1515072006.606904
1515072007.5792854
1515072007.5793247
1515072008.2969537
1515072008.297002
1515072009.671463
1515072009.671879
1515072010.875261
1515072010.8752997
1515072012.3844018
1515072012.3844597
1515072013.4057384
1515072013.4057777
1515072014.4023817
1515072014.4024692
1515072015.5121973
1515072015.5127115
1515072016.46305
1515072016.4630904
1515072017.3378553
1515072017.3379023
1515072018.1890943
1515072018.1893978
1515072018.6799624
1515072019.5908203
1515072019.5908613
1515072020.5007253
1515072020.5007627
1515072021.3593624
1515072021.359405
1515072022.2547202
1515072022.254758
1515072023.1044905
1515072023.104525
1515072023.9140584
1515072023.91409
1515072024.6972706
1515072024.6976187
1515072025.5078022
1515072025.5078402
1515072026.0539322
1515072026.0539649
1515072027.0571713
1515072027.0572557
1515072027.9754515
1515072027.9754868
1515072028.842244
1515072028.8422794
1515072029.6571016
1515072029.6571348
1515072030.7694771
1515072030.7695093
1515072031.8119602
1515072031.811995
1515072032.9593835
1515072032.9606984
1515072034.0625396
1515072034.062573
1515072035.1536849
1515072035.15372
1515072036.2055504
1515072036.2055826
1515072037.0242612
1515072037.0242953
1515072038.1029208
1515072038.1041248
1515072038.9205825
1515072038.9206214
1515072039.782337
1515072039.782376
1515072040.66754
1515072040.667577
1515072041.5690687
1515072041.5691068
1515072042.4197488
1515072042.4201174
1515072043.2449925
1515072043.2453537
1515072044.0970948
1515072044.0971248
1515072044.8730574
1515072044.8730881
1515072045.6308765
1515072045.632794
1515072046.467083
1515072046.4671235
1515072047.2601793
1515072047.2602057
1515072048.0045483
1515072048.0045938
1515072048.950082
1515072048.9506621
1515072050.03538
1515072050.0354238
1515072051.0633483
1515072051.063447
1515072051.8472538
1515072051.847288
1515072052.663238
1515072052.663275
1515072053.5056024
1515072053.5056376
1515072054.1601143
1515072054.1601431
1515072055.079471
1515072055.0795002
1515072055.7928486
1515072055.79288
1515072056.4968917
1515072056.4969244
1515072057.279516
1515072057.2798493
1515072058.0875683
1515072058.0875993
1515072059.0723073
1515072059.0723422
1515072060.067594
1515072060.0676246
1515072061.0328803
1515072061.0329196
1515072062.094847
1515072062.0948794
1515072062.971033
1515072062.9710693
1515072063.9547482
1515072063.9547846
1515072064.7510612
1515072064.7511005
1515072065.5337875
1515072065.5345685
1515072066.330127
1515072066.3304095
1515072067.2668757
1515072067.2669044
1515072068.1041503
1515072068.1041791
1515072068.98186
1515072068.9818912
1515072069.708732
1515072069.7094626
1515072070.6639771
1515072070.6640036
1515072071.5802314
1515072071.5802646
1515072072.3846073
1515072072.3860528
1515072073.008577
1515072073.0086164
1515072074.2107232
1515072074.2107513
1515072075.0002387
1515072075.000268
1515072075.6945305
1515072075.6946151
1515072076.508193
1515072076.5082169
1515072077.5368502
1515072077.536874
1515072078.1968
1515072078.196824
1515072078.710974
1515072078.7110028
1515072079.3024313
1515072079.3024762
1515072079.7803123
1515072079.780349
1515072080.1809447
1515072080.1809776
1515072080.5410607
1515072080.5410924
1515072080.919526
1515072080.9195628
1515072081.179547