
1515071983.930937
1515071989.6910155
1515071989.6910543
1515071991.0403075
1515071991.0404007
1515071992.3242552
1515071992.3242867
1515071993.467108
1515071993.467153
1515071994.8574069
1515071994.8574438
1515071995.9059408
1515071995.9059753
1515071996.8788233
1515071996.878868
1515071997.8016336
1515071997.8016627
1515071998.7461414
1515071998.7461753
1515071999.4508066
1515071999.4508524
1515072000.3264656
1515072000.3264906
1515072001.2914536
1515072001.2914922
1515072002.4476902
1515072002.4477346
1515072004.270487
1515072004.2705152
1515072005.7419713
1515072005.7420225
1515072007.144891
1515072007.144922
1515072008.2407374
1515072008.240768
1515072009.5153298
1515072009.515378
1515072010.5431938
1515072010.5432327
1515072011.4201708
1515072011.4202037
1515072012.4165416
1515072012.4165905
1515072012.9564269
1515072014.0178738
1515072014.0179107
1515072014.8743973
1515072014.8744347
1515072015.7774003
1515072015.777444
1515072016.7741737
1515072016.7742105
1515072017.7393591
1515072017.7393906
1515072018.5038142
1515072018.5042386
1515072019.2482646
1515072019.2482975
1515072020.141665
1515072020.1417003
1515072021.0327039
1515072021.0327382
1515072021.9833179
1515072021.9836202
1515072022.9372573
1515072022.937299
1515072024.0326915
1515072024.0327318
1515072025.2697043
1515072025.2697406
1515072026.1508353
1515072026.1508658
1515072027.1100779
1515072027.1103535
1515072028.11561
1515072028.1156414
1515072029.072948
1515072029.0729783
1515072030.2655706
1515072030.2656054
1515072031.2702835
1515072031.2703173
1515072031.979411
1515072031.979444
1515072033.012509
1515072033.0125504
1515072034.0164273
1515072034.0167835
1515072034.869322
1515072034.8693578
1515072035.7653754
1515072035.7654018
1515072036.698648
1515072036.6991172
1515072037.7748137
1515072037.774843
1515072038.6358466
1515072038.635899
1515072039.6105254
1515072039.6105568
1515072040.5381203
1515072040.5381587
1515072041.530859
1515072041.5308907
1515072042.4643912
1515072042.464922
1515072043.2940319
1515072043.294059
1515072044.2836742
1515072044.2837024
1515072045.2820113
1515072045.2820408
1515072046.7667449
1515072046.766776
1515072047.6286771
1515072047.6287048
1515072048.5823996
1515072048.5824354
1515072049.3312135
1515072049.3312492
1515072050.256193
1515072050.2562275
1515072051.3080924
1515072051.308129
1515072052.4001284
1515072052.4001737
1515072053.3120322
1515072053.3120642
1515072054.32259
1515072054.3226235
1515072055.0589242
1515072055.0589647
1515072055.900159
1515072055.900194
1515072056.6987646
1515072056.698793
1515072057.5996704
1515072057.5997045
1515072058.5060654
1515072058.5061128
1515072059.603295
1515072059.6033294
1515072061.2725122
1515072061.2725432
1515072062.4184232
1515072062.4184523
1515072063.4189215
1515072063.4189847
1515072064.1397042
1515072064.1400995
1515072065.223262
1515072065.2233014
1515072066.1270971
1515072066.1271982
1515072067.1251554
1515072067.1251876
1515072067.9784064
1515072067.9784389
1515072068.9210958
1515072068.9211333
1515072069.9339695
1515072069.9340045
1515072070.661287
1515072070.661311
1515072071.2878354
1515072071.2878625
1515072071.9769325
1515072071.9769657
1515072072.854245
1515072072.8546011
1515072073.3715107
1515072073.3715556
1515072074.1176484
1515072074.1176822
1515072074.5596058
1515072074.559631
1515072075.243927
1515072075.244212
1515072075.899943
1515072075.8999753
1515072076.4993017
1515072076.4993308
1515072077.2408752
1515072077.2409089
1515072077.6411529
1515072077.6411817
1515072078.1935294
1515072078.1936371
1515072078.6659174
1515072078.6659489
1515072079.1422663
1515072079.14231
1515072079.519587
1515072079.5196111
1515072079.978296
1515072079.9783285
1515072080.1566374