
1515071983.9357002
1515071988.90904
1515071988.9090784
1515071990.1289597
1515071990.1289897
1515071991.0031002
1515071991.0032027
1515071991.96502
1515071991.9651206
1515071993.1018753
1515071993.101905
1515071994.0558093
1515071994.0559509
1515071995.045431
1515071995.0454593
1515071996.0796473
1515071996.0796838
1515071996.8908696
1515071996.890895
1515071997.756753
1515071997.7567997
1515071998.873154
1515071998.8731937
1515071999.8023005
1515071999.8023329
1515072001.0667222
1515072001.066752
1515072002.3947542
1515072002.3947892
1515072003.4669363
1515072003.4669797
1515072004.5874934
1515072004.5878751
1515072005.7830288
1515072005.7830694
1515072007.0755353
1515072007.0755646
1515072008.246629
1515072008.2466643
1515072009.6168594
1515072009.616934
1515072010.837629
1515072010.837676
1515072011.8006694
1515072011.8007114
1515072012.668256
1515072012.6682973
1515072013.46909
1515072013.4691188
1515072014.4543033
1515072014.4543405
1515072015.4763727
1515072015.476781
1515072016.3589118
1515072016.3589532
1515072017.2018495
1515072017.2018802
1515072017.98345
1515072017.9834795
1515072018.8236446
1515072018.8236806
1515072019.2032077
1515072020.003341
1515072020.005413
1515072020.8164613
1515072020.8168375
1515072021.7183466
1515072021.7194667
1515072022.505719
1515072022.5057654
1515072023.465407
1515072023.4654446
1515072024.2191198
1515072024.2195063
1515072025.1535256
1515072025.1535647
1515072026.0426757
1515072026.0430987
1515072027.0492527
1515072027.0492902
1515072027.9413314
1515072027.9418244
1515072028.8890615
1515072028.8890977
1515072029.642459
1515072029.6424918
1515072030.4881628
1515072030.4890573
1515072031.5249689
1515072031.5250096
1515072032.2626908
1515072032.2627192
1515072033.0865896
1515072033.0866776
1515072034.1925552
1515072034.1925833
1515072035.420515
1515072035.4205465
1515072036.426552
1515072036.4265878
1515072037.4787583
1515072037.4791977
1515072038.4018297
1515072038.4018655
1515072039.3904574
1515072039.3904884
1515072040.2180634
1515072040.2181044
1515072041.1722584
1515072041.172296
1515072042.0952325
1515072042.0953352
1515072043.1243575
1515072043.1249354
1515072044.13633
1515072044.1363685
1515072044.9550126
1515072044.9550474
1515072045.8028464
1515072045.8032331
1515072046.6074631
1515072046.6074998
1515072047.4560707
1515072047.4561112
1515072048.1458256
1515072048.1459289
1515072048.973684
1515072048.9737172
1515072049.797825
1515072049.7978542
1515072050.6759164
1515072050.6759531
1515072051.4916356
1515072051.4920285
1515072052.5004463
1515072052.5004792
1515072053.6582406
1515072053.6585946
1515072054.5751493
1515072054.5751903
1515072055.3600597
1515072055.3601093
1515072056.4260025
1515072056.426046
1515072057.523193
1515072057.5232325
1515072058.458388
1515072058.4584284
1515072059.3333952
1515072059.333952
1515072060.1771085
1515072060.1771967
1515072061.0785909
1515072061.078622
1515072062.1493132
1515072062.1493413
1515072063.1692414
1515072063.169276
1515072064.101649
1515072064.1019356
1515072065.1615357
1515072065.1615663
1515072066.0524402
1515072066.0524795
1515072067.1563208
1515072067.1563525
1515072068.1341388
1515072068.1341646
1515072069.2307703
1515072069.2308443
1515072070.1844132
1515072070.1845114
1515072071.0117233
1515072071.0117693
1515072071.8479216
1515072071.8479645
1515072072.890586
1515072072.890624
1515072073.7920127
1515072073.7920535
1515072074.4248955
1515072074.4249275
1515072075.2836957
1515072075.2837718
1515072076.2374773
1515072076.2375102
1515072076.7141643
1515072076.7141926
1515072077.5241077
1515072077.524137
1515072078.227346
1515072078.227376
1515072078.7917254
1515072078.791758
1515072079.1738539