
1515071983.9425712
1515071989.2243195
1515071989.2243679
1515071990.9158332
1515071990.9158697
1515071992.3397274
1515071992.3397527
1515071993.5255487
1515071993.5256324
1515071994.7472394
1515071994.747281
1515071995.833364
1515071995.8334086
1515071996.957509
1515071996.9593077
1515071998.2300065
1515071998.2300491
1515071999.6859672
1515071999.686003
1515072001.0234277
1515072001.0234807
1515072002.3215938
1515072002.32165
1515072003.6091504
1515072003.6091878
1515072004.600549
1515072004.6005762
1515072005.7070756
1515072005.7071242
1515072006.8017764
1515072006.8018038
1515072007.9817095
1515072007.9817634
1515072009.0116155
1515072009.011718
1515072009.9914734
1515072009.9915173
1515072011.0703511
1515072011.0704658
1515072012.2750025
1515072012.2753272
1515072013.2745442
1515072013.2745879
1515072014.2879303
1515072014.2879663
1515072015.2094254
1515072015.209461
1515072016.0993736
1515072016.0994315
1515072016.9987006
1515072016.9990835
1515072017.8932874
1515072017.893334
1515072019.0253048
1515072019.0256135
1515072019.7253172
1515072019.7253482
1515072020.4496274
1515072020.4496737
1515072021.111019
1515072021.111133
1515072021.974047
1515072021.9740899
1515072022.6907492
1515072022.690784
1515072023.6244242
1515072023.6244557
1515072024.447157
1515072024.4475517
1515072025.202763
1515072025.2027926
1515072025.9003837
1515072025.9004235
1515072026.7904446
1515072026.7904832
1515072027.5012803
1515072027.5016227
1515072028.3045375
1515072028.3046074
1515072029.1366322
1515072029.1366656
1515072030.254699
1515072030.2547493
1515072031.1564422
1515072031.1564775
1515072031.8850157
1515072031.885045
1515072032.9038134
1515072032.9038575
1515072033.7148168
1515072033.7152019
1515072034.4031827
1515072034.4032426
1515072035.4328833
1515072035.4329093
1515072036.534572
1515072036.534598
1515072037.7644775
1515072037.7645292
1515072038.8845007
1515072038.8848996
1515072040.6765037
1515072040.676547
1515072042.0662613
1515072042.06629
1515072043.2640505
1515072043.2640784
1515072044.362185
1515072044.3625422
1515072045.5134628
1515072045.5137603
1515072046.566026
1515072046.5661132
1515072047.6914363
1515072047.6914706
1515072048.8403418
1515072048.8406208
1515072049.84978
1515072049.8504193
1515072050.8261983
1515072050.8262358
1515072051.74936
1515072051.7494113
1515072052.7662427
1515072052.766275
1515072053.87157
1515072053.8716059
1515072054.9774034
1515072054.9774547
1515072056.0657818
1515072056.0658123
1515072057.0587685
1515072057.0588193
1515072058.0272589
1515072058.0272932
1515072059.0429084
1515072059.0429726
1515072059.936164
1515072059.9362063
1515072060.7990172
1515072060.7990499
1515072061.7360065
1515072061.7360473
1515072062.5402904
1515072062.5403233
1515072063.4820573
1515072063.4820895
1515072064.1360824
1515072064.13612
1515072065.0647616
1515072065.064795
1515072065.5902052
1515072065.5903032
1515072066.5174222
1515072066.5177908
1515072067.737255
1515072067.737292
1515072068.604337
1515072068.6043937
1515072069.498455
1515072069.4987872
1515072070.6359892
1515072070.636018
1515072071.8104289
1515072071.8107815
1515072072.9295979
1515072072.9296236
1515072073.9223034
1515072073.9223595
1515072074.543197
1515072074.543222
1515072075.4152431
1515072075.4152775
1515072076.4459581
1515072076.4460073
1515072077.438987
1515072077.439364
1515072077.8649523
1515072077.8649983
1515072078.4560497
1515072078.4560869
1515072078.6801014
1515072085.4655209
1515072085.4655457