
1515071983.9389572
1515071989.283009
1515071989.283045
1515071989.9380476
1515071989.9381008
1515071990.5683246
1515071990.568362
1515071991.1719813
1515071991.1720326
1515071991.7809541
1515071991.7809968
1515071992.4417684
1515071992.4418151
1515071992.9662628
1515071992.966298
1515071993.5547214
1515071993.55515
1515071994.294646
1515071994.2950222
1515071995.058156
1515071995.0581882
1515071996.1051924
1515071996.1052277
1515071996.8674338
1515071996.8674748
1515071998.0852637
1515071998.0852983
1515071999.332483
1515071999.332521
1515072000.5042977
1515072000.5046165
1515072001.458609
1515072001.4586535
1515072002.467728
1515072002.467759
1515072003.4695141
1515072003.4695413
1515072004.460318
1515072004.4603705
1515072005.56051
1515072005.5605905
1515072006.2962022
1515072006.296248
1515072007.1631358
1515072007.1631653
1515072008.03476
1515072008.0347998
1515072008.7667985
1515072008.7668476
1515072009.8600454
1515072009.8600743
1515072010.931949
1515072010.9319968
1515072012.0596302
1515072012.0603802
1515072013.0741494
1515072013.0741837
1515072014.1318505
1515072014.1319284
1515072014.5197604
1515072015.4019904
1515072015.4020274
1515072016.1546345
1515072016.1546729
1515072017.0656798
1515072017.065718
1515072017.851345
1515072017.8513985
1515072018.6425483
1515072018.6428843
1515072019.3069942
1515072019.3070223
1515072020.1044664
1515072020.104517
1515072021.0590487
1515072021.0599806
1515072022.0331483
1515072022.0335517
1515072022.9046273
1515072022.9046643
1515072023.8703985
1515072023.8704393
1515072025.0172138
1515072025.0175955
1515072026.0671947
1515072026.0672681
1515072027.2455695
1515072027.2459726
1515072028.412116
1515072028.4121785
1515072029.4185317
1515072029.4185774
1515072030.4233983
1515072030.4239948
1515072031.469986
1515072031.470024
1515072032.321819
1515072032.321867
1515072033.2108753
1515072033.2111661
1515072034.2352285
1515072034.2352624
1515072035.4000034
1515072035.400053
1515072036.478833
1515072036.4789376
1515072037.5366447
1515072037.536688
1515072038.5335267
1515072038.5335565
1515072039.549806
1515072039.5501285
1515072040.4357393
1515072040.435793
1515072041.3978307
1515072041.3978734
1515072042.2462938
1515072042.2468932
1515072043.244124
1515072043.244162
1515072044.302274
1515072044.3023062
1515072045.248906
1515072045.2493575
1515072046.3063192
1515072046.3063507
1515072047.324752
1515072047.325162
1515072048.2818787
1515072048.2822053
1515072049.1467986
1515072049.1468291
1515072050.1227639
1515072050.1228132
1515072051.559997
1515072051.560023
1515072052.4658642
1515072052.4662895
1515072053.0675879
1515072053.0676224
1515072053.6510227
1515072053.6510572
1515072054.171513
1515072054.1718457
1515072054.7726514
1515072054.7726867
1515072055.4709837
1515072055.4710336
1515072056.097062
1515072056.097099
1515072056.6494472
1515072056.649477
1515072057.334501
1515072057.3345466
1515072057.9252539
1515072057.9256737
1515072058.556929
1515072058.5569718
1515072059.4298673
1515072059.4299023
1515072060.3711748
1515072060.371217
1515072061.2185152
1515072061.2185712
1515072062.20947
1515072062.2095122
1515072063.028593
1515072063.028651
1515072064.0962524
1515072064.0963004
1515072065.287167
1515072065.2871907
1515072066.2329113
1515072066.2332335
1515072067.379789
1515072067.379824
1515072068.2462475
1515072068.2466743
1515072069.2522097
1515072069.2525153
1515072070.2459352
1515072070.2459655
1515072071.0506866
1515072071.0507343
1515072071.960584
1515072071.9606168
1515072072.925376
1515072072.9256897
1515072073.9114106
1515072073.911445
1515072074.5313246
1515072074.531361
1515072075.4617672
1515072075.4619172
1515072076.593211
1515072076.5932388
1515072077.583203
1515072077.5832415
1515072078.4738038
1515072078.4738362
1515072079.00059
1515072079.0006192
1515072079.4709144
1515072079.4709663
1515072080.0744781
1515072080.074508
1515072080.4963713
1515072080.4964252
1515072080.915964
1515072080.9160013
1515072081.2637694
1515072081.2637982
1515072085.458671
1515072085.4587214
1515072085.7677844
1515072085.7678134
1515072086.0576956
1515072086.0577374
1515072086.3723984
1515072086.372435
1515072086.6723394
1515072086.6723704
1515072086.9789119
1515072086.9789684
1515072087.3092706
1515072087.3093052
1515072087.5915685
1515072087.5916097
1515072087.9091754
1515072087.9092157
1515072088.2229831
1515072088.2230144
1515072088.5256834
1515072088.5257256
1515072088.8789887
1515072088.8790264
1515072089.020225