
1515071983.9318433
1515071988.86238
1515071988.8624206
1515071989.6620305
1515071989.6620739
1515071990.1966212
1515071990.196649
1515071990.9479983
1515071990.94803
1515071991.496521
1515071991.496565
1515071992.0351822
1515071992.035218
1515071992.7565336
1515071992.756573
1515071993.4845347
1515071993.4849682
1515071994.4393804
1515071994.4394186
1515071995.1504793
1515071995.1505075
1515071996.0008452
1515071996.000882
1515071996.6662185
1515071996.6662424
1515071997.4876397
1515071997.4876783
1515071998.2285588
1515071998.2286012
1515071999.15944
1515071999.1599152
1515071999.774162
1515071999.7742016
1515072000.668063
1515072000.6680963
1515072001.3830202
1515072001.3830967
1515072002.570915
1515072002.570954
1515072003.405918
1515072003.4062989
1515072004.2163117
1515072004.2164168
1515072004.9493585
1515072004.9494007
1515072005.806305
1515072005.8063364
1515072006.225674
1515072007.0535133
1515072007.053547
1515072007.8361905
1515072007.8362246
1515072008.3797774
1515072008.379836
1515072009.4547992
1515072009.4554377
1515072010.2135336
1515072010.2135804
1515072010.9052508
1515072010.9052856
1515072011.7549148
1515072011.754947
1515072012.5029805
1515072012.5030255
1515072013.194774
1515072013.1948054
1515072014.079031
1515072014.0790756
1515072014.8208861
1515072014.8209186
1515072015.6327903
1515072015.6328433
1515072016.4687824
1515072016.4688349
1515072017.2101674
1515072017.2101955
1515072017.9722717
1515072017.9723256
1515072018.7168229
1515072018.7170966
1515072019.3730333
1515072019.3730686
1515072020.2011797
1515072020.2012157
1515072020.9418936
1515072020.9419222
1515072021.763945
1515072021.7639947
1515072022.5319433
1515072022.5319786
1515072023.4106967
1515072023.4107296
1515072024.0918112
1515072024.0918527
1515072024.9289348
1515072024.9289653
1515072025.830594
1515072025.8307054
1515072026.840137
1515072026.8401666
1515072027.7590804
1515072027.759441
1515072028.7635412
1515072028.7635856
1515072029.659585
1515072029.6596193
1515072030.54223
1515072030.5425289
1515072031.5805354
1515072031.5805635
1515072032.3865921
1515072032.3866343
1515072033.1453657
1515072033.1454074
1515072034.1682162
1515072034.1682472
1515072035.0391836
1515072035.0392349
1515072035.7358427
1515072035.7358763
1515072036.5583053
1515072036.5583315
1515072037.530881
1515072037.5309412
1515072038.4411829
1515072038.4412189
1515072039.3501148
1515072039.3501787
1515072040.1199248
1515072040.1199572
1515072041.090944
1515072041.0909936
1515072042.0245388
1515072042.0246441
1515072042.998317
1515072042.9983494
1515072043.7437317
1515072043.7437778
1515072044.5477736
1515072044.5478127
1515072045.445125
1515072045.445479
1515072046.4913497
1515072046.4913998
1515072047.6894722
1515072047.6895075
1515072048.8223612
1515072048.8224018
1515072049.9070897
1515072049.9071488
1515072050.9008873
1515072050.9009223
1515072051.8714757
1515072051.8715162
1515072052.8325634
1515072052.8325975
1515072053.8350759
1515072053.8351812
1515072054.8353128
1515072054.8353424
1515072056.228797
1515072056.228834
1515072057.3986077
1515072057.3986704
1515072058.6224957
1515072058.6225233
1515072059.7127972
1515072059.712906
1515072060.7556033
1515072060.755638
1515072061.7019434
1515072061.701979
1515072062.5354438
1515072062.53551
1515072063.8685255
1515072063.8685565
1515072064.8868327
1515072064.8868861
1515072065.7949286
1515072065.7949724
1515072066.9231422
1515072066.92318
1515072068.095145
1515072068.0951881
1515072069.2299695
1515072069.2300038
1515072070.214003
1515072070.2140515
1515072071.1626766
1515072071.1627076
1515072072.1584008
1515072072.1588125
1515072072.992817
1515072072.9928558
1515072074.218863
1515072074.2188969
1515072075.234041
1515072075.2342136
1515072076.4263258
1515072076.4263613
1515072077.5247462
1515072077.5247855
1515072078.313257
1515072078.3133209
1515072078.902332
1515072078.9023736
1515072079.454745
1515072079.4547925
1515072080.0416946
1515072080.0417259
1515072080.2304711