
1515058010.0495846
1515058010.5908315
1515058010.5908704
1515058010.5908828
1515058010.8979762
1515058010.898019
1515058010.8980334
1515058011.1895936
1515058011.1896205
1515058011.1896317
1515058011.4810898
1515058011.481123
1515058011.4811342
1515058011.704268
1515058011.7042964
1515058011.7043066
1515058011.931577
1515058011.9316263
1515058011.9316454
1515058012.1263397
1515058012.1263673
1515058012.1263788
1515058012.332445
1515058012.3324773
1515058012.33249
1515058012.5137289
1515058012.5137653
1515058012.513778
1515058012.688043
1515058012.6880782
1515058012.6880906
1515058012.8964777
1515058012.8965085
1515058012.8965197
1515058013.1061347
1515058013.10617
1515058013.1061819
1515058013.3209128
1515058013.3212407
1515058013.3212588
1515058013.5929968
1515058013.5930321
1515058013.5930438
1515058013.8346064
1515058013.8346457
1515058013.834658
1515058014.1284983
1515058014.128547
1515058014.1285665
1515058014.3220937
1515058014.3221338
1515058014.3221474
1515058014.50738
1515058014.5074174
1515058014.5074308
1515058014.688252
1515058014.6882763
1515058014.6882868
1515058014.9346101
1515058014.9346602
1515058014.9346788
1515058015.1439118
1515058015.143949
1515058015.1439607
1515058015.3799524
1515058015.3800025
1515058015.3800156
1515058015.585793
1515058015.585828
1515058015.585838
1515058015.8011649
1515058015.8012042
1515058015.8012185
1515058015.9883237
1515058015.9883559
1515058015.9883697
1515058016.2588713
1515058016.2589457
1515058016.2589982
1515058016.4911025
1515058016.4911494
1515058016.4911633
1515058016.7720335
1515058016.7720625
1515058016.7720733
1515058017.0521436
1515058017.052171
1515058017.0521815
1515058017.3181863
1515058017.3182135
1515058017.3182251
1515058017.5488315
1515058017.5488615
1515058017.5488825
1515058017.763902
1515058017.7639391
1515058017.7639513
1515058017.9112616
1515058017.9112952
1515058017.9113047
1515058018.1148753
1515058018.1149113
1515058018.1149232
1515058018.373579
1515058018.3736117
1515058018.3736248
1515058018.6255648
1515058018.6256006
1515058018.6256115
1515058018.9253693
1515058018.925405
1515058018.92542
1515058019.18454
1515058019.184575
1515058019.184589
1515058019.4448283
1515058019.4448678
1515058019.4448822
1515058019.683303
1515058019.683338
1515058019.6833498
1515058019.9253237
1515058019.9253552
1515058019.9253693
1515058020.1493852
1515058020.1494203
1515058020.1494331
1515058020.3697605
1515058020.3697956
1515058020.3698118
1515058020.5458825
1515058020.5459242
1515058020.545937
1515058020.7454834
1515058020.7455173
1515058020.7455292
1515058020.9684825
1515058020.9685254
1515058020.968539
1515058021.1908708
1515058021.1909
1515058021.19091
1515058021.4325216
1515058021.4325647
1515058021.4325833
1515058021.6792445
1515058021.6792848
1515058021.6793
1515058021.9087594
1515058021.9088233
1515058021.908836
1515058022.1934676
1515058022.1935008
1515058022.1935117
1515058022.3786666
1515058022.3790329
1515058022.3790538
1515058022.5792363
1515058022.5792725
1515058022.5792856
1515058022.7823308
1515058022.7823608
1515058022.7823725
1515058023.0274458
1515058023.0274749
1515058023.0274875
1515058023.2886362
1515058023.2886665
1515058023.2886791
1515058023.5462747
1515058023.546305
1515058023.546318
1515058023.801708
1515058023.801743
1515058023.8017561
1515058024.1445785
1515058024.1446097
1515058024.1446223
1515058024.3678515
1515058024.3678987
1515058024.3679113
1515058024.6155941
1515058024.615624
1515058024.615634
1515058024.8180044
1515058024.8180356
1515058024.8180459
1515058025.0971956
1515058025.0972354
1515058025.0972488
1515058025.3242326
1515058025.3242698
1515058025.324281
1515058025.49004
1515058025.4900768
1515058025.490089
1515058025.6970093
1515058025.6970417
1515058025.6970532
1515058025.935221
1515058025.9352639
1515058025.93528
1515058026.1557002
1515058026.1557395
1515058026.1557524
1515058026.3983436
1515058026.3983786
1515058026.3983905
1515058026.466351