
1515058010.0507517
1515058010.6052144
1515058010.6052406
1515058010.6052506
1515058010.924129
1515058010.924169
1515058010.9241867
1515058011.18759
1515058011.1876445
1515058011.1876638
1515058011.5117047
1515058011.511742
1515058011.5117555
1515058011.7845929
1515058011.7846215
1515058011.7846336
1515058012.0465066
1515058012.046542
1515058012.0465534
1515058012.2762856
1515058012.2763147
1515058012.2763243
1515058012.5071545
1515058012.507199
1515058012.5072129
1515058012.700371
1515058012.7004137
1515058012.7004316
1515058012.9178672
1515058012.9178944
1515058012.9179041
1515058013.1346812
1515058013.134715
1515058013.1347272
1515058013.3861642
1515058013.3861983
1515058013.3862114
1515058013.645191
1515058013.6452193
1515058013.645232
1515058013.9788952
1515058013.9789293
1515058013.9789412
1515058014.2022035
1515058014.2022326
1515058014.2022421
1515058014.3983138
1515058014.3983521
1515058014.3983624
1515058014.6316466
1515058014.6316843
1515058014.631698
1515058014.850667
1515058014.8506994
1515058014.8507106
1515058015.0715878
1515058015.07162
1515058015.0716312
1515058015.3034418
1515058015.3039305
1515058015.3039541
1515058015.4816136
1515058015.4816523
1515058015.481667
1515058015.690719
1515058015.690749
1515058015.6907609
1515058015.9049168
1515058015.9049666
1515058015.9049826
1515058016.2229207
1515058016.2229507
1515058016.2229617
1515058016.453873
1515058016.454333
1515058016.4543552
1515058016.7396288
1515058016.7396634
1515058016.7396755
1515058017.003285
1515058017.0033228
1515058017.003337
1515058017.240179
1515058017.240213
1515058017.2402253
1515058017.4774172
1515058017.477456
1515058017.4774723
1515058017.6400564
1515058017.6400952
1515058017.6401072
1515058017.8435495
1515058017.8435934
1515058017.8436086
1515058018.100083
1515058018.1001208
1515058018.1001327
1515058018.3438084
1515058018.3438468
1515058018.3438573
1515058018.579999
1515058018.580037
1515058018.58005
1515058018.872679
1515058018.8727076
1515058018.8727198
1515058019.0824778
1515058019.0825188
1515058019.0825315
1515058019.3822541
1515058019.3826036
1515058019.3826244
1515058019.5602994
1515058019.5603318
1515058019.5603426
1515058019.7481978
1515058019.748229
1515058019.7482398
1515058020.0184665
1515058020.0185003
1515058020.018513
1515058020.220746
1515058020.220776
1515058020.2207859
1515058020.4529226
1515058020.45332
1515058020.45334
1515058020.9191709
1515058020.9192111
1515058020.9192243
1515058021.1541054
1515058021.1541443
1515058021.1541579
1515058021.6120548
1515058021.6120903
1515058021.6121044
1515058021.778526
1515058021.778557
1515058021.778567
1515058022.026799
1515058022.0268466
1515058022.0268655
1515058022.2445838
1515058022.2446198
1515058022.2446315
1515058022.501387
1515058022.5018957
1515058022.5019255
1515058022.731799
1515058022.731829
1515058022.7318387
1515058022.9642496
1515058022.9642904
1515058022.9643064
1515058023.147992
1515058023.1480222
1515058023.1480324
1515058023.3511379
1515058023.3511736
1515058023.3511837
1515058023.5791864
1515058023.579235
1515058023.5792472
1515058023.8398533
1515058023.8399205
1515058023.8399408
1515058024.1896372
1515058024.1896706
1515058024.1896825
1515058024.4312015
1515058024.431253
1515058024.4312758
1515058024.6486351
1515058024.6486719
1515058024.6486883
1515058025.0130436
1515058025.0130806
1515058025.0130928
1515058025.168835
1515058025.1688604
1515058025.1688707
1515058025.411168
1515058025.411203
1515058025.411217
1515058025.657938
1515058025.6579664
1515058025.6579762
1515058025.9173338
1515058025.9173625
1515058025.9173722
1515058026.1323495
1515058026.132388
1515058026.1324005
1515058026.3666399
1515058026.3666751
1515058026.366687
1515058026.5542474
1515058026.5542803
1515058026.5542915
1515058026.727184
1515058026.7272196
1515058026.727231
1515058026.8886902
1515058026.8887231
1515058026.8887343
1515058027.0450358
1515058027.0450675
1515058027.0450785
1515058027.1972146
1515058027.1972458
1515058027.1972563
1515058027.350282
1515058027.3503141
1515058027.3503258
1515058027.5071495
1515058027.5071828
1515058027.507194
1515058027.6653476
1515058027.6653802
1515058027.6653917