
1515058010.0454748
1515058010.564989
1515058010.56502
1515058010.5650296
1515058010.928758
1515058010.928788
1515058010.9288008
1515058011.205496
1515058011.205528
1515058011.2055402
1515058011.5268316
1515058011.5268555
1515058011.5268655
1515058011.816347
1515058011.816371
1515058011.8163807
1515058012.1115928
1515058012.1116233
1515058012.1116328
1515058012.324856
1515058012.3248913
1515058012.3249023
1515058012.5992503
1515058012.5992837
1515058012.5992985
1515058012.8559783
1515058012.8560135
1515058012.856026
1515058013.0904315
1515058013.0904605
1515058013.0904698
1515058013.3436158
1515058013.3440056
1515058013.3440266
1515058013.720627
1515058013.7206707
1515058013.7206914
1515058014.0631156
1515058014.0631697
1515058014.0631835
1515058014.252055
1515058014.2520854
1515058014.2520962
1515058014.4691012
1515058014.4691362
1515058014.4691494
1515058014.6682556
1515058014.6682904
1515058014.668302
1515058014.8765557
1515058014.8765874
1515058014.8766012
1515058015.1329134
1515058015.1329486
1515058015.1329615
1515058015.4044042
1515058015.4044278
1515058015.4044375
1515058015.6759396
1515058015.675982
1515058015.6759958
1515058015.952853
1515058015.9528937
1515058015.952911
1515058016.274057
1515058016.2741418
1515058016.2742052
1515058016.5502167
1515058016.5502481
1515058016.5502594
1515058016.8020427
1515058016.8020697
1515058016.80208
1515058017.052977
1515058017.0530016
1515058017.0530117
1515058017.3064377
1515058017.3064623
1515058017.306472
1515058017.5518556
1515058017.5518973
1515058017.5519106
1515058017.819115
1515058017.8191476
1515058017.8191578
1515058018.0682929
1515058018.0683248
1515058018.068335
1515058018.3259332
1515058018.3259637
1515058018.3259733
1515058018.576055
1515058018.5760872
1515058018.576099
1515058018.8634572
1515058018.8634915
1515058018.863502
1515058019.1138127
1515058019.1138468
1515058019.1138592
1515058019.4600441
1515058019.4600728
1515058019.4600823
1515058019.702396
1515058019.7024217
1515058019.7024322
1515058019.9734404
1515058019.973483
1515058019.9734967
1515058020.2366989
1515058020.2367232
1515058020.2367327
1515058020.4715793
1515058020.4716885
1515058020.4717698
1515058020.7458398
1515058020.7458775
1515058020.7458947
1515058021.0096002
1515058021.0096354
1515058021.009649
1515058021.2430363
1515058021.2430723
1515058021.2430844
1515058021.4444635
1515058021.444488
1515058021.444498
1515058021.6770883
1515058021.6771154
1515058021.6771255
1515058021.9322627
1515058021.9323003
1515058021.932316
1515058022.2276316
1515058022.227664
1515058022.2276747
1515058022.478453
1515058022.4787774
1515058022.4787962
1515058022.7427201
1515058022.742754
1515058022.7427664
1515058023.0122077
1515058023.0122416
1515058023.012254
1515058023.3051987
1515058023.3052235
1515058023.305233
1515058023.5867968
1515058023.58683
1515058023.586841
1515058023.8367136
1515058023.836745
1515058023.8367548
1515058024.206711
1515058024.206742
1515058024.2067537
1515058024.6697063
1515058024.6697338
1515058024.6697438
1515058024.9557698
1515058024.955819
1515058024.9558413
1515058025.147051
1515058025.1470847
1515058025.1470973
1515058025.367461
1515058025.3674977
1515058025.3675115
1515058025.566205
1515058025.5662396
1515058025.5662525
1515058025.7199323
1515058025.7199621
1515058025.719973
1515058025.985958
1515058025.9859874
1515058025.986
1515058026.1759665
1515058026.1760015
1515058026.1760137
1515058026.396182
1515058026.396211
1515058026.3962224
1515058026.5712676
1515058026.571297
1515058026.5713089
1515058026.7309067
1515058026.7309358
1515058026.730947
1515058026.7877648