
1515058010.0477602
1515058010.6003702
1515058010.6004
1515058010.6004121
1515058010.9055731
1515058010.9056044
1515058010.9056149
1515058011.175782
1515058011.1758108
1515058011.1758215
1515058011.521144
1515058011.5211725
1515058011.521185
1515058011.7737575
1515058011.7737875
1515058011.7737978
1515058012.0242095
1515058012.0242455
1515058012.0242572
1515058012.2436724
1515058012.2437093
1515058012.2437232
1515058012.422653
1515058012.4226885
1515058012.4227052
1515058012.6352332
1515058012.6352675
1515058012.6352973
1515058012.8573048
1515058012.8573377
1515058012.8573503
1515058013.0540276
1515058013.0540564
1515058013.054067
1515058013.23602
1515058013.2360518
1515058013.2360642
1515058013.476636
1515058013.4766724
1515058013.4766853
1515058013.6843443
1515058013.684375
1515058013.6843853
1515058014.0071716
1515058014.0072196
1515058014.0072353
1515058014.2094822
1515058014.2095082
1515058014.209518
1515058014.4162683
1515058014.4162946
1515058014.416304
1515058014.6212828
1515058014.621311
1515058014.62132
1515058014.8709273
1515058014.8709648
1515058014.8709786
1515058015.1619847
1515058015.162023
1515058015.1620371
1515058015.3971848
1515058015.397215
1515058015.397225
1515058015.64411
1515058015.644143
1515058015.644155
1515058015.9041667
1515058015.904201
1515058015.904214
1515058016.2184203
1515058016.2184567
1515058016.2184682
1515058016.453756
1515058016.4541616
1515058016.4541843
1515058016.7505808
1515058016.7506125
1515058016.7506237
1515058017.0166712
1515058017.0167084
1515058017.0167224
1515058017.245274
1515058017.245298
1515058017.245308
1515058017.476303
1515058017.47634
1515058017.4763548
1515058017.7015688
1515058017.7015984
1515058017.7016084
1515058017.8850152
1515058017.8850474
1515058017.8850586
1515058018.1330268
1515058018.1330569
1515058018.1330678
1515058018.3730063
1515058018.373034
1515058018.3730435
1515058018.6529887
1515058018.6530194
1515058018.6530309
1515058018.9073973
1515058018.9074335
1515058018.907444
1515058019.128727
1515058019.1287556
1515058019.1287668
1515058019.4272218
1515058019.4276028
1515058019.4276204
1515058019.6797516
1515058019.67979
1515058019.6798017
1515058019.9201796
1515058019.9202092
1515058019.9202187
1515058020.1336896
1515058020.133726
1515058020.1337361
1515058020.3257499
1515058020.3257813
1515058020.3257918
1515058020.5014324
1515058020.5014615
1515058020.501471
1515058020.725221
1515058020.7252524
1515058020.7252643
1515058020.9462585
1515058020.9463105
1515058020.9463272
1515058021.1592736
1515058021.1593013
1515058021.1593115
1515058021.395315
1515058021.3953555
1515058021.3953695
1515058021.9515414
1515058021.9515746
1515058021.9515893
1515058022.247019
1515058022.2470477
1515058022.247059
1515058022.5210361
1515058022.521341
1515058022.5213583
1515058022.7629209
1515058022.762949
1515058022.7629588
1515058023.02259
1515058023.0226169
1515058023.0226269
1515058023.2809496
1515058023.2809842
1515058023.280996
1515058023.541805
1515058023.5418339
1515058023.541845
1515058023.779312
1515058023.7793446
1515058023.7793553
1515058024.1229396
1515058024.122972
1515058024.122985
1515058024.3684683
1515058024.36851
1515058024.3685284
1515058024.5775194
1515058024.577587
1515058024.577599
1515058024.7636747
1515058024.763707
1515058024.7637193
1515058025.0587726
1515058025.0588052
1515058025.0588164
1515058025.2178195
1515058025.2178493
1515058025.2178595
1515058025.4338615
1515058025.4338918
1515058025.4339035
1515058025.6612263
1515058025.6612628
1515058025.6612759
1515058025.8647282
1515058025.8647633
1515058025.8647752
1515058025.9399781