
1515058010.0551596
1515058010.5736194
1515058010.573657
1515058010.5736704
1515058010.888567
1515058010.8886003
1515058010.8886116
1515058011.1544325
1515058011.1544695
1515058011.1544833
1515058011.5115683
1515058011.5115979
1515058011.5116074
1515058011.762212
1515058011.7622528
1515058011.7622666
1515058012.004744
1515058012.0047815
1515058012.0047948
1515058012.1967366
1515058012.1967707
1515058012.1967824
1515058012.4105196
1515058012.4105537
1515058012.4105666
1515058012.5946143
1515058012.5946457
1515058012.5946565
1515058012.7770553
1515058012.7770834
1515058012.777093
1515058012.9841697
1515058012.9842238
1515058012.9842467
1515058013.1658733
1515058013.1659164
1515058013.1659398
1515058013.402141
1515058013.4021738
1515058013.4021885
1515058013.6439087
1515058013.6439464
1515058013.6439583
1515058013.8959982
1515058013.8960273
1515058013.8960373
1515058014.149246
1515058014.1492844
1515058014.1492968
1515058014.36576
1515058014.3657951
1515058014.3658085
1515058014.5727448
1515058014.572773
1515058014.5727828
1515058014.7828486
1515058014.782889
1515058014.7829018
1515058014.9723473
1515058014.9723792
1515058014.9723904
1515058015.1749759
1515058015.1749997
1515058015.1750095
1515058015.4305253
1515058015.4305549
1515058015.4305649
1515058015.6651998
1515058015.6652322
1515058015.6652436
1515058015.9195662
1515058015.9195988
1515058015.9196103
1515058016.2409606
1515058016.2409904
1515058016.2410002
1515058016.496292
1515058016.4963214
1515058016.4963348
1515058016.7629406
1515058016.76297
1515058016.76298
1515058017.0351074
1515058017.0351567
1515058017.0351698
1515058017.303478
1515058017.3035097
1515058017.303522
1515058017.5689013
1515058017.568926
1515058017.5689359
1515058017.8139367
1515058017.8139663
1515058017.8139763
1515058018.0677679
1515058018.0678165
1515058018.067833
1515058018.3763714
1515058018.376403
1515058018.3764164
1515058018.6144376
1515058018.614467
1515058018.6144767
1515058018.93534
1515058018.9353695
1515058018.9353807
1515058019.1621656
1515058019.1621983
1515058019.1622078
1515058019.4834342
1515058019.4834692
1515058019.483484
1515058019.725269
1515058019.7253041
1515058019.7253156
1515058019.979092
1515058019.9791405
1515058019.9791558
1515058020.2037249
1515058020.2037623
1515058020.203774
1515058020.4201093
1515058020.4201486
1515058020.42016
1515058020.6040123
1515058020.6043587
1515058020.6043768
1515058020.7737107
1515058020.7737362
1515058020.7737458
1515058020.993894
1515058020.9939365
1515058020.9939513
1515058021.2278423
1515058021.2278707
1515058021.2278955
1515058021.436668
1515058021.4366922
1515058021.436702
1515058021.6487515
1515058021.6487823
1515058021.6487935
1515058021.8655236
1515058021.8655598
1515058021.8655722
1515058022.08353
1515058022.0835617
1515058022.0835724
1515058022.2597923
1515058022.2599244
1515058022.2599916
1515058022.510251
1515058022.5102835
1515058022.5102966
1515058023.025842
1515058023.025869
1515058023.02588
1515058023.2801926
1515058023.2802267
1515058023.2802393
1515058023.5258143
1515058023.5258465
1515058023.5258577
1515058023.7811887
1515058023.7812178
1515058023.7812302
1515058024.111581
1515058024.1116161
1515058024.111628
1515058024.3223746
1515058024.3224058
1515058024.322417
1515058024.5422523
1515058024.5422952
1515058024.5423114
1515058024.7169273
1515058024.7169657
1515058024.7169785
1515058025.2327971
1515058025.232822
1515058025.2328315
1515058025.4151394
1515058025.4151645
1515058025.4151745
1515058025.6156929
1515058025.6157773
1515058025.6158354
1515058025.7927282
1515058025.7927573
1515058025.7927666
1515058025.9842327
1515058025.9842699
1515058025.9842827
1515058026.1325717
1515058026.1326094