
1515069590.0564544
1515069595.8172328
1515069595.8172648
1515069595.8172743
1515069596.6730514
1515069596.6730871
1515069596.6730998
1515069598.033605
1515069598.0336323
1515069598.0336425
1515069599.072894
1515069599.0732555
1515069599.0732744
1515069600.1616132
1515069600.1617475
1515069600.1618423
1515069600.9683752
1515069600.9684134
1515069600.9684272
1515069601.7728226
1515069601.7732005
1515069601.7732217
1515069602.8649068
1515069602.8649468
1515069602.8649623
1515069603.8995228
1515069603.8995788
1515069603.899595
1515069604.8067627
1515069604.8072927
1515069604.807324
1515069605.6257894
1515069605.625813
1515069605.6258225
1515069606.3186667
1515069606.3187158
1515069606.3187318
1515069607.2043846
1515069607.204676
1515069607.2046912
1515069608.01671
1515069608.0167413
1515069608.0167522
1515069608.8573706
1515069608.857425
1515069608.8574433
1515069609.5060527
1515069609.5060859
1515069609.5060968
1515069610.3119202
1515069610.3123333
1515069610.312358
1515069610.9779425
1515069610.97797
1515069610.9779792
1515069611.6776333
1515069611.6776793
1515069611.6776931
1515069612.443275
1515069612.44331
1515069612.443323
1515069613.039868
1515069613.0399396
1515069613.039963
1515069613.7402472
1515069613.7406995
1515069613.740723
1515069614.530312
1515069614.5303433
1515069614.5303552
1515069615.4028819
1515069615.4029117
1515069615.4029222
1515069616.257104
1515069616.2574878
1515069616.2575116
1515069616.916029
1515069616.9160666
1515069616.9160812
1515069617.6913846
1515069617.6914194
1515069617.691431
1515069618.5075216
1515069618.5075624
1515069618.5075734
1515069619.2843325
1515069619.284635
1515069619.284652
1515069619.989576
1515069619.989608
1515069619.98962
1515069620.7257771
1515069620.7258055
1515069620.725817
1515069621.3961089
1515069621.3961434
1515069621.3961542
1515069621.943831
1515069621.9438605
1515069621.9438725
1515069622.873155
1515069622.873208
1515069622.8732212
1515069623.4214797
1515069623.4215152
1515069623.4215276
1515069623.927301
1515069623.9273486
1515069623.9273734
1515069624.4620163
1515069624.46204
1515069624.4620497
1515069624.9197493
1515069624.9197786
1515069624.9197886
1515069625.3244276
1515069625.324747
1515069625.3247643
1515069625.9396894
1515069625.939738
1515069625.9397514
1515069626.523815
1515069626.5238533
1515069626.523866
1515069627.12769
1515069627.1277287
1515069627.127739
1515069627.59421
1515069627.5942469
1515069627.5942626
1515069628.3263426
1515069628.3263779
1515069628.3263922
1515069628.8900368
1515069628.8900821
1515069628.8900945
1515069629.461639
1515069629.4616761
1515069629.4616895
1515069630.15049
1515069630.1505213
1515069630.150533
1515069630.7223964
1515069630.7224395
1515069630.7224529
1515069631.2406807
1515069631.240979
1515069631.2409956
1515069631.7815711
1515069631.7825043
1515069631.782523
1515069632.2740817
1515069632.2741182
1515069632.2741318
1515069632.7929473
1515069632.7929797
1515069632.7929904
1515069633.4389715
1515069633.4390101
1515069633.4390264
1515069634.0062006
1515069634.0062385
1515069634.0062528
1515069634.5139644
1515069634.5140004
1515069634.5140162
1515069634.9619055
1515069634.9619577
1515069634.961972
1515069635.5149977
1515069635.515035
1515069635.5150478
1515069635.9353552
1515069635.9353929
1515069635.9354055
1515069636.4246764
1515069636.4247081
1515069636.4247205
1515069637.190807
1515069637.190877
1515069637.1909275
1515069637.8960876
1515069637.8976464
1515069637.8976684
1515069638.6147408
1515069638.6147907
1515069638.6148052
1515069639.3516147
1515069639.3516452
1515069639.3516564
1515069640.2243829
1515069640.2244923
1515069640.2245648
1515069641.095529
1515069641.0955637
1515069641.095574
1515069641.9874666
1515069641.9874973
1515069641.9875093
1515069642.6768565
1515069642.677287
1515069642.6773062