
1515069590.0505486
1515069595.351531
1515069595.351564
1515069595.351574
1515069596.1030848
1515069596.1031199
1515069596.103133
1515069596.7940474
1515069596.7940729
1515069596.7940838
1515069597.8924637
1515069597.8925211
1515069597.8925364
1515069598.7317917
1515069598.7318206
1515069598.7318323
1515069599.6763477
1515069599.676383
1515069599.676395
1515069600.5589354
1515069600.558975
1515069600.558985
1515069601.6022778
1515069601.602309
1515069601.6023195
1515069602.5858543
1515069602.5859056
1515069602.5859182
1515069603.470898
1515069603.4709377
1515069603.4709508
1515069604.4914625
1515069604.491507
1515069604.491519
1515069605.020537
1515069605.0209732
1515069605.0209928
1515069605.5776834
1515069605.5778027
1515069605.5778682
1515069606.1446767
1515069606.1447413
1515069606.1447573
1515069607.1231215
1515069607.1232042
1515069607.1232638
1515069608.1234782
1515069608.1235292
1515069608.1235437
1515069609.1475005
1515069609.1475284
1515069609.1475399
1515069610.1049888
1515069610.1050334
1515069610.1050463
1515069611.0108337
1515069611.0111268
1515069611.0111427
1515069611.8691907
1515069611.8692305
1515069611.8692436
1515069612.7016058
1515069612.701639
1515069612.7016513
1515069613.4997263
1515069613.4997556
1515069613.4997654
1515069614.3938756
1515069614.3939133
1515069614.3939807
1515069615.1352494
1515069615.1352868
1515069615.1352994
1515069616.0229316
1515069616.023036
1515069616.023103
1515069616.6466482
1515069616.6469636
1515069616.6469805
1515069617.5494127
1515069617.5494487
1515069617.549459
1515069618.4783318
1515069618.4783692
1515069618.4783828
1515069619.1623337
1515069619.1624618
1515069619.162527
1515069619.9216356
1515069619.9216723
1515069619.921686
1515069620.6551285
1515069620.6551728
1515069620.655185
1515069621.4277647
1515069621.4283018
1515069621.428327
1515069622.1958084
1515069622.1959486
1515069622.1960166
1515069622.927265
1515069622.9272947
1515069622.9273083
1515069623.6811423
1515069623.6811855
1515069623.6811998
1515069624.4455998
1515069624.4456391
1515069624.4456737
1515069625.16886
1515069625.1688964
1515069625.1689067
1515069625.997653
1515069625.997993
1515069625.9980242
1515069626.6503975
1515069626.6504369
1515069626.650447
1515069627.4175837
1515069627.4176095
1515069627.4176188
1515069628.322387
1515069628.3224394
1515069628.3224566
1515069629.266527
1515069629.2665513
1515069629.2665608
1515069630.0097575
1515069630.0097992
1515069630.009812
1515069630.716888
1515069630.7169242
1515069630.7169564
1515069631.4897552
1515069631.4897876
1515069631.489799
1515069632.1421044
1515069632.142136
1515069632.1421454
1515069632.8426876
1515069632.8427188
1515069632.84273
1515069633.619242
1515069633.619265
1515069633.6192741
1515069634.5100698
1515069634.5101051
1515069634.5101173
1515069635.3036523
1515069635.303686
1515069635.3036988
1515069636.0747178
1515069636.0747411
1515069636.0747507
1515069637.0246322
1515069637.0246599
1515069637.0246696
1515069647.7440755
1515069647.7441657
1515069647.7442276
1515069648.2374191
1515069648.2374518
1515069648.2374654
1515069648.701405
1515069648.7014337
1515069648.701445
1515069649.0802479
1515069649.0802863
1515069649.0802996
1515069649.3519752
1515069649.3520105
1515069649.352022
1515069649.6402373
1515069649.6402802
1515069649.6402922
1515069650.0396347
1515069650.0396686
1515069650.03968
1515069650.349003
1515069650.3490334
1515069650.3490443
1515069650.623664
1515069650.6236944
1515069650.623705
1515069650.903534
1515069650.9035745
1515069650.903589
1515069651.182799
1515069651.1828403
1515069651.1828518
1515069651.356402
1515069651.3564432