
1515069590.0635655
1515069591.4608135
1515069591.4608426
1515069591.460852
1515069591.4608696
1515069591.4608788
1515069591.4608867
1515069591.4609003
1515069591.4609082
1515069591.4609165
1515069591.4609294
1515069591.4609373
1515069591.460945
1515069591.4621236
1515069591.4622285
1515069591.4622831
1515069592.6944556
1515069592.6944847
1515069592.6944942
1515069592.6945107
1515069592.694519
1515069592.694527
1515069592.6945405
1515069592.6945484
1515069592.6945562
1515069592.694569
1515069592.6945775
1515069592.694585
1515069592.6953526
1515069592.6954644
1515069592.69552
1515069593.9093382
1515069593.9093742
1515069593.909388
1515069593.9094107
1515069593.9094236
1515069593.9094377
1515069593.9094582
1515069593.9094708
1515069593.9094827
1515069593.9095032
1515069593.9095159
1515069593.9095275
1515069593.910958
1515069593.9110847
1515069593.9111612
1515069595.9252958
1515069595.9253469
1515069595.9253566
1515069596.580387
1515069596.5804276
1515069596.5804439
1515069597.335935
1515069597.3359792
1515069597.3359945
1515069597.9578443
1515069597.957869
1515069597.9578795
1515069598.8103352
1515069598.8103695
1515069598.810382
1515069599.5928226
1515069599.592861
1515069599.592874
1515069600.847256
1515069600.8472905
1515069600.8473034
1515069601.7205498
1515069601.721033
1515069601.721061
1515069602.5906422
1515069602.590682
1515069602.590696
1515069603.370203
1515069603.3702433
1515069603.3702598
1515069604.1401165
1515069604.1402044
1515069604.140265
1515069604.9469469
1515069604.9470115
1515069604.9470263
1515069605.730688
1515069605.7307208
1515069605.7307327
1515069606.8458834
1515069606.8459175
1515069606.8459306
1515069608.109827
1515069608.1098542
1515069608.1098638
1515069609.2035105
1515069609.2035391
1515069609.2035482
1515069610.0700672
1515069610.0700974
1515069610.0701082
1515069610.995961
1515069610.995994
1515069610.9960053
1515069611.9544797
1515069611.954521
1515069611.9545357
1515069612.8113022
1515069612.8113391
1515069612.8113532
1515069613.6294405
1515069613.6298454
1515069613.6298673
1515069614.54365
1515069614.5436969
1515069614.5437117
1515069615.29259
1515069615.2926266
1515069615.2926393
1515069616.1027088
1515069616.1027348
1515069616.102744
1515069616.627438
1515069616.6277902
1515069616.6278093
1515069617.4753933
1515069617.476015
1515069617.4760425
1515069618.2199728
1515069618.22001
1515069618.2200217
1515069618.7746654
1515069618.7746985
1515069618.77471
1515069619.5258574
1515069619.5261936
1515069619.5262136
1515069620.2535555
1515069620.2535887
1515069620.2536023
1515069620.971418
1515069620.9714458
1515069620.9714568
1515069621.6185226
1515069621.61856
1515069621.6185734
1515069622.205661
1515069622.205747
1515069622.2058089
1515069622.7675068
1515069622.7681484
1515069622.768178
1515069623.394637
1515069623.3946838
1515069623.3946989
1515069624.0150816
1515069624.0151176
1515069624.0151308
1515069624.607934
1515069624.60797
1515069624.6079824
1515069625.1396632
1515069625.139692
1515069625.1397014
1515069625.880031
1515069625.881004
1515069625.8810246
1515069626.571389
1515069626.571426
1515069626.5714397
1515069627.3220742
1515069627.3221102
1515069627.3221226
1515069627.9293563
1515069627.9298058
1515069627.9298272
1515069628.4474223
1515069628.447458
1515069628.4474745
1515069629.2124398
1515069629.2124672
1515069629.2124765
1515069630.0918627
1515069630.0919108
1515069630.0919218
1515069630.8302138
1515069630.8302448
1515069630.830256
1515069631.6836212
1515069631.6836433
1515069631.6836529
1515069632.6123705
1515069632.6124
1515069632.6124108
1515069633.61229
1515069633.6123343
1515069633.6123507
1515069634.8225653
1515069634.8225932
1515069634.8226051
1515069635.9632514
1515069635.9632823
1515069635.9632938
1515069637.084282
1515069637.0843275
1515069637.0843437
1515069638.0585852
1515069638.0589607
1515069638.0589795
1515069639.0498903
1515069639.0499263
1515069639.0499392
1515069639.6623466
1515069639.6623855
1515069639.662399
1515069640.4771967
1515069640.4776015
1515069640.4776247
1515069641.2003815
1515069641.2004194
1515069641.2004364
1515069642.1358795
1515069642.1359434
1515069642.135957
1515069642.791853
1515069642.791905
1515069642.7919183
1515069643.333978
1515069643.3341067
1515069643.334178
1515069643.9663906
1515069643.9664276
1515069643.9664402
1515069644.4524217
1515069644.4524567
1515069644.4524693
1515069644.9734185
1515069644.9734447
1515069644.9734561