
1515069590.0596287
1515069595.6639147
1515069595.6639853
1515069595.6640162
1515069596.7069366
1515069596.7069683
1515069596.7069802
1515069597.9529874
1515069597.953021
1515069597.9530334
1515069599.160055
1515069599.160493
1515069599.1605167
1515069600.5074515
1515069600.5074847
1515069600.5074959
1515069601.6068163
1515069601.6068485
1515069601.6068597
1515069602.7755108
1515069602.775548
1515069602.7755604
1515069603.7999146
1515069603.799954
1515069603.7999654
1515069604.5883956
1515069604.5884447
1515069604.588458
1515069605.6117713
1515069605.6118002
1515069605.6118102
1515069606.8686078
1515069606.868643
1515069606.8686574
1515069607.9587295
1515069607.9587808
1515069607.9587946
1515069608.9268696
1515069608.9269059
1515069608.9269185
1515069609.7861612
1515069609.78621
1515069609.786222
1515069610.5922816
1515069610.592318
1515069610.592331
1515069611.4360824
1515069611.4361181
1515069611.4361312
1515069612.4628248
1515069612.462864
1515069612.462878
1515069613.4614499
1515069613.461478
1515069613.4614875
1515069614.553756
1515069614.5537865
1515069614.553797
1515069615.6475654
1515069615.6476128
1515069615.647625
1515069616.480604
1515069616.4807093
1515069616.4807808
1515069617.52176
1515069617.5218074
1515069617.5218198
1515069618.4869945
1515069618.487023
1515069618.4870353
1515069619.3024893
1515069619.3028028
1515069619.3028202
1515069620.2151587
1515069620.2151926
1515069620.2152057
1515069621.0751345
1515069621.0751576
1515069621.075166
1515069621.9037998
1515069621.9043279
1515069621.9043517
1515069622.9022377
1515069622.9022837
1515069622.9022977
1515069624.0525243
1515069624.0525532
1515069624.0525632
1515069625.2958276
1515069625.2959
1515069625.2959177
1515069626.3074915
1515069626.3075242
1515069626.3075356
1515069627.3518639
1515069627.3519258
1515069627.3519387
1515069628.277713
1515069628.2777524
1515069628.2777693
1515069629.068751
1515069629.0687847
1515069629.068797
1515069629.9458647
1515069629.945923
1515069629.9459379
1515069630.7938561
1515069630.7938905
1515069630.7939007
1515069631.6810796
1515069631.6811178
1515069631.681128
1515069632.8018594
1515069632.8018868
1515069632.8018966
1515069633.771999
1515069633.7720318
1515069633.7720459
1515069634.7413907
1515069634.7414246
1515069634.7414382
1515069635.6145167
1515069635.6145566
1515069635.6145673
1515069636.349599
1515069636.3496282
1515069636.3496387
1515069637.1849275
1515069637.1852393
1515069637.1852567
1515069637.9678638
1515069637.9679282
1515069637.967941
1515069638.8322608
1515069638.832292
1515069638.8323028
1515069639.4494195
1515069639.4494598
1515069639.4494722
1515069640.2973568
1515069640.297657
1515069640.2976727
1515069641.1269379
1515069641.1269834
1515069641.1269956
1515069641.9269927
1515069641.9270248
1515069641.9270356
1515069642.600786
1515069642.6008425
1515069642.6008568
1515069643.0718098
1515069643.0722764
1515069643.0722992
1515069643.5354815
1515069643.5358026
1515069643.5358195
1515069644.1048713
1515069644.104924
1515069644.104937
1515069644.4871922
1515069644.4872198
1515069644.4872305
1515069644.9546413
1515069644.954677
1515069644.9546895
1515069645.2557929
1515069645.2558222
1515069645.2558331
1515069645.6243558
1515069645.6243892
1515069645.6244006
1515069646.0126674
1515069646.012699
1515069646.0127141
1515069646.3630724
1515069646.3635368
1515069646.3635614
1515069646.6402705
1515069646.6403127
1515069646.6403282
1515069646.942827
1515069646.9428854