
1515069590.0946949
1515069596.7776036
1515069596.7776365
1515069596.7776475
1515069597.9576578
1515069597.957686
1515069597.9576964
1515069600.2297654
1515069600.229788
1515069600.229798
1515069601.8571236
1515069601.8571825
1515069601.8572013
1515069603.9678223
1515069603.9678547
1515069603.967866
1515069605.1925776
1515069605.1926281
1515069605.192642
1515069606.0265837
1515069606.0266235
1515069606.0266347
1515069607.0536966
1515069607.053738
1515069607.0537498
1515069608.0940132
1515069608.0940404
1515069608.0940518
1515069609.0479827
1515069609.0480237
1515069609.0480413
1515069609.8946893
1515069609.8947256
1515069609.8947384
1515069610.7536476
1515069610.7536738
1515069610.7536838
1515069611.6107945
1515069611.610838
1515069611.6108503
1515069612.482785
1515069612.4828153
1515069612.4828277
1515069613.1759388
1515069613.176957
1515069613.1769874
1515069613.96842
1515069613.9684484
1515069613.9684613
1515069614.7510471
1515069614.7510755
1515069614.7510858
1515069615.5656114
1515069615.5656374
1515069615.5656486
1515069616.310349
1515069616.3103807
1515069616.3103924
1515069617.0267875
1515069617.027158
1515069617.0271766
1515069617.7705019
1515069617.770549
1515069617.770562
1515069618.5181494
1515069618.5181763
1515069618.5181878
1515069619.267053
1515069619.2674081
1515069619.2674282
1515069620.0642116
1515069620.0642622
1515069620.0642748
1515069620.847871
1515069620.8479295
1515069620.847943
1515069621.5671544
1515069621.5671916
1515069621.567204
1515069622.3995693
1515069622.4002197
1515069622.4002447
1515069623.0658824
1515069623.065918
1515069623.0659316
1515069623.841383
1515069623.841433
1515069623.8414464
1515069624.8342218
1515069624.8342638
1515069624.8342783
1515069625.6846108
1515069625.6847227
1515069625.6847868
1515069626.572725
1515069626.572753
1515069626.5727654
1515069627.4053714
1515069627.4054582
1515069627.4055166
1515069628.425524
1515069628.425572
1515069628.425586
1515069629.284903
1515069629.2849362
1515069629.2849479
1515069630.2205968
1515069630.2206333
1515069630.2206452
1515069631.117118
1515069631.1171575
1515069631.1171703
1515069631.9624863
1515069631.962526
1515069631.9625394
1515069632.9231462
1515069632.923616
1515069632.9236395
1515069633.9208183
1515069633.9208539
1515069633.9208663
1515069634.818546
1515069634.8185778
1515069634.81859
1515069635.7296069
1515069635.7296424
1515069635.729655
1515069636.4714892
1515069636.471529
1515069636.4715407
1515069637.2339756
1515069637.234457
1515069637.2344844
1515069637.906185
1515069637.9062288
1515069637.9062436
1515069638.6681857
1515069638.668708
1515069638.6687346
1515069639.3197045
1515069639.3197293
1515069639.3197389
1515069640.1285458
1515069640.12858
1515069640.1285923
1515069640.9565413
1515069640.956896
1515069640.9569163
1515069641.6664004
1515069641.666442
1515069641.6664577
1515069642.2939708
1515069642.2940254
1515069642.2940402
1515069642.8528678
1515069642.8528996
1515069642.8529103
1515069643.3901312
1515069643.3905802
1515069643.3906057
1515069644.0045276
1515069644.004924
1515069644.0049434
1515069644.4026864
1515069644.4027305
1515069644.4027421
1515069644.796072
1515069644.7961066
1515069644.796119
1515069645.2184405
1515069645.2184763
1515069645.218488
1515069645.5681853
1515069645.5682251
1515069645.5682406
1515069645.9804049
1515069645.9804413
1515069645.9804537
1515069646.3087995
1515069646.3088343
1515069646.3088462
1515069646.605061
1515069646.6051044
1515069646.6051164
1515069646.999158
1515069646.999189
1515069646.9991996
1515069647.3700743
1515069647.3701181
1515069647.3701363
1515069647.71094
1515069647.7109902
1515069647.711003