
1515069590.08907
1515069596.3499715
1515069596.3500164
1515069596.3500366
1515069597.4916625
1515069597.4917014
1515069597.4917161
1515069598.086853
1515069598.0868778
1515069598.086888
1515069599.0367553
1515069599.0368047
1515069599.0368183
1515069600.0586736
1515069600.05871
1515069600.058724
1515069600.759964
1515069600.760015
1515069600.7600322
1515069601.5649347
1515069601.5649722
1515069601.564983
1515069602.228702
1515069602.2287376
1515069602.228754
1515069603.3796449
1515069603.379701
1515069603.379719
1515069603.9953399
1515069603.995375
1515069603.995387
1515069604.4296162
1515069604.43015
1515069604.430177
1515069605.3056586
1515069605.3056965
1515069605.3057134
1515069605.9906924
1515069605.9907238
1515069605.990735
1515069607.0906956
1515069607.0907257
1515069607.0907362
1515069608.0798323
1515069608.0798666
1515069608.0798779
1515069609.137555
1515069609.1375923
1515069609.1376073
1515069609.9671586
1515069609.9672086
1515069609.9672222
1515069610.7183561
1515069610.7183998
1515069610.7184198
1515069611.355701
1515069611.356247
1515069611.3562765
1515069612.0622272
1515069612.0622663
1515069612.0622816
1515069612.8188543
1515069612.8188787
1515069612.8188887
1515069613.6532202
1515069613.6536288
1515069613.653653
1515069614.4730246
1515069614.4730823
1515069614.4730954
1515069615.1914747
1515069615.19151
1515069615.1915214
1515069615.8175046
1515069615.8175318
1515069615.8175411
1515069616.4301093
1515069616.4301405
1515069616.4301507
1515069617.3156464
1515069617.3156803
1515069617.3156924
1515069617.9049702
1515069617.9050102
1515069617.9050238
1515069618.6022072
1515069618.6022596
1515069618.602274
1515069619.4493554
1515069619.449792
1515069619.4498181
1515069620.1517496
1515069620.1517935
1515069620.1518052
1515069620.8951592
1515069620.8952045
1515069620.8952212
1515069621.6327991
1515069621.6331604
1515069621.6331778
1515069622.5794187
1515069622.5794635
1515069622.5794804
1515069623.4861042
1515069623.4861476
1515069623.4861598
1515069624.618787
1515069624.6188354
1515069624.618859
1515069625.4980147
1515069625.4980545
1515069625.4980698
1515069626.4468887
1515069626.4469302
1515069626.4469416
1515069627.3937407
1515069627.3937652
1515069627.393775
1515069628.2533915
1515069628.2538607
1515069628.2538881
1515069628.8958156
1515069628.8958514
1515069628.8958647
1515069629.6381443
1515069629.6381896
1515069629.6382074
1515069630.4907956
1515069630.4908335
1515069630.49085
1515069631.3260128
1515069631.326449
1515069631.326472
1515069632.0256536
1515069632.0256906
1515069632.0257206
1515069632.6985989
1515069632.6986322
1515069632.6986449
1515069633.472384
1515069633.472425
1515069633.4724371
1515069634.1560946
1515069634.156171
1515069634.156222
1515069634.8520231
1515069634.852063
1515069634.8520727
1515069636.912669
1515069636.9127045
1515069636.9127195
1515069637.6524813
1515069637.6527648
1515069637.6527808
1515069638.4225137
1515069638.42294
1515069638.4229617
1515069639.1932983
1515069639.1933346
1515069639.193347
1515069639.9544282
1515069639.954463
1515069639.9544756
1515069640.793354
1515069640.7933977
1515069640.7934117
1515069641.275663
1515069641.2756965
1515069641.275709
1515069641.8100777
1515069641.8101103