
1515069590.0675886
1515069595.7403648
1515069595.7404015
1515069595.740414
1515069596.4014502
1515069596.401487
1515069596.4015014
1515069596.9422698
1515069596.9423084
1515069596.9423225
1515069597.9931827
1515069597.9932103
1515069597.9932196
1515069599.0448701
1515069599.044901
1515069599.0449135
1515069600.2272255
1515069600.227264
1515069600.2272782
1515069601.627192
1515069601.6272192
1515069601.6272297
1515069603.0407858
1515069603.0408168
1515069603.040829
1515069603.8291137
1515069603.8291528
1515069603.829165
1515069604.273679
1515069604.2740238
1515069604.274042
1515069604.7821834
1515069604.7822316
1515069604.7822425
1515069605.1704733
1515069605.1705089
1515069605.1705232
1515069605.6197433
1515069605.6197667
1515069605.6197765
1515069606.1815243
1515069606.1815631
1515069606.181579
1515069606.8049645
1515069606.805
1515069606.805013
1515069607.528906
1515069607.5289397
1515069607.528952
1515069608.2277727
1515069608.2278032
1515069608.2278132
1515069609.1206489
1515069609.1206772
1515069609.1206884
1515069609.9886143
1515069609.9886472
1515069609.988659
1515069610.81488
1515069610.814913
1515069610.8149254
1515069611.6057506
1515069611.605798
1515069611.6061382
1515069612.493719
1515069612.4937499
1515069612.493762
1515069613.18909
1515069613.1894102
1515069613.1894283
1515069613.9652057
1515069613.9652514
1515069613.965263
1515069614.7045157
1515069614.7045722
1515069614.7045968
1515069616.1162612
1515069616.116284
1515069616.116293
1515069617.0512693
1515069617.051297
1515069617.0513089
1515069617.9719524
1515069617.9719877
1515069617.972
1515069618.7842693
1515069618.7843318
1515069618.7843492
1515069619.7406998
1515069619.740739
1515069619.7407522
1515069620.662816
1515069620.6628385
1515069620.662848
1515069621.6089714
1515069621.609009
1515069621.6090224
1515069622.6016154
1515069622.6016462
1515069622.6016576
1515069623.515424
1515069623.5154576
1515069623.5154688
1515069624.416369
1515069624.4164007
1515069624.4164116
1515069625.2551208
1515069625.2551486
1515069625.255158
1515069626.3541214
1515069626.3541539
1515069626.3541667
1515069627.361354
1515069627.3613882
1515069627.3614058
1515069628.381743
1515069628.3817787
1515069628.3817925
1515069629.4498467
1515069629.449888
1515069629.4499016
1515069630.4592018
1515069630.4592388
1515069630.4592516
1515069631.3587823
1515069631.3590918
1515069631.3591094
1515069632.1049042
1515069632.1049302
1515069632.1049407
1515069632.848975
1515069632.8493676
1515069632.849384
1515069633.6261718
1515069633.6261966
1515069633.6262074
1515069634.4889243
1515069634.4890351
1515069634.4890575
1515069635.1883817
1515069635.188412
1515069635.1884232
1515069635.973258
1515069635.9732835
1515069635.973294
1515069636.889261
1515069636.889295
1515069636.8893082
1515069637.589551
1515069637.5898407
1515069637.5898566
1515069638.3944066
1515069638.394439
1515069638.3944504
1515069639.205516
1515069639.2055476
1515069639.205559
1515069639.951644
1515069639.951682
1515069639.9516943
1515069640.780603
1515069640.7810094
1515069640.7810318
1515069641.33
1515069641.3300285
1515069641.3300385
1515069642.0825179
1515069642.0825567
1515069642.0825703
1515069642.7229261
1515069642.722961
1515069642.7229743
1515069643.2038412
1515069643.2038748
1515069643.2039149
1515069643.6361184
1515069643.6364548
1515069643.6364713
1515069644.26092
1515069644.260958
1515069644.2609708
1515069644.6356487
1515069644.6356835
1515069644.6356943
1515069645.1725817
1515069645.1726186
1515069645.1726322
1515069645.359499
1515069645.3595335