
1515069590.0890703
1515069596.1916716
1515069596.1917107
1515069596.1917245
1515069597.5880153
1515069597.5880532
1515069597.588066
1515069598.0617602
1515069598.0617988
1515069598.061816
1515069598.7164977
1515069598.7165449
1515069598.716558
1515069599.2661376
1515069599.266174
1515069599.2661874
1515069599.9242072
1515069599.9242377
1515069599.9242473
1515069600.375847
1515069600.3770838
1515069600.3771033
1515069600.904102
1515069600.9041378
1515069600.9041543
1515069601.633011
1515069601.6330507
1515069601.6330612
1515069602.1985765
1515069602.1986096
1515069602.1986222
1515069602.891051
1515069602.8911135
1515069602.8911312
1515069603.579997
1515069603.5800316
1515069603.5800445
1515069604.360288
1515069604.360353
1515069604.3603735
1515069605.2892768
1515069605.2893057
1515069605.2893155
1515069605.9295323
1515069605.93005
1515069605.930073
1515069606.7006867
1515069606.700725
1515069606.7007372
1515069607.4832654
1515069607.4833086
1515069607.4833226
1515069608.2990525
1515069608.2991014
1515069608.2991145
1515069609.218798
1515069609.218825
1515069609.218837
1515069609.993066
1515069609.9931152
1515069609.9931276
1515069610.978539
1515069610.978621
1515069610.9786806
1515069612.0119402
1515069612.0119977
1515069612.0120194
1515069612.8848445
1515069612.8848774
1515069612.8848896
1515069613.8016114
1515069613.8020601
1515069613.8020883
1515069614.6606236
1515069614.6606634
1515069614.6606774
1515069615.5506675
1515069615.5507174
1515069615.5507307
1515069616.3440824
1515069616.3441093
1515069616.34412
1515069617.1655066
1515069617.1655467
1515069617.1655607
1515069617.8229513
1515069617.822996
1515069617.8230085
1515069618.628149
1515069618.62819
1515069618.6282048
1515069619.4897149
1515069619.4897532
1515069619.4897692
1515069620.2256095
1515069620.2256374
1515069620.2256496
1515069621.0394218
1515069621.0394628
1515069621.039476
1515069621.84775
1515069621.8477924
1515069621.8478057
1515069622.6809962
1515069622.681466
1515069622.6814933
1515069623.4378052
1515069623.4378498
1515069623.437863
1515069624.2836463
1515069624.283687
1515069624.2837036
1515069625.0869768
1515069625.0870092
1515069625.0870237
1515069625.99574
1515069625.9957724
1515069625.9957848
1515069626.893042
1515069626.8931532
1515069626.8932292
1515069627.5389228
1515069627.5389616
1515069627.538974
1515069628.4291432
1515069628.4291832
1515069628.4291947
1515069629.3684862
1515069629.368513
1515069629.3685226
1515069630.2517107
1515069630.2517347
1515069630.2517445
1515069631.163644
1515069631.1637182
1515069631.1637697
1515069632.0941129
1515069632.094139
1515069632.0941484
1515069632.9486306
1515069632.9486601
1515069632.9486713
1515069633.7542331
1515069633.754283
1515069633.754298
1515069634.9867456
1515069634.9869206
1515069634.9870381
1515069636.052028
1515069636.0520618
1515069636.0520747
1515069637.0642912
1515069637.064323
1515069637.0643346
1515069637.7778342
1515069637.7780967
1515069637.7781124
1515069638.5311313
1515069638.531165
1515069638.5311766
1515069639.2975461
1515069639.29759
1515069639.2976024
1515069647.7169209
1515069647.7170212
1515069647.717088
1515069648.208573
1515069648.2086277
1515069648.2086418
1515069648.6527832
1515069648.6528175
1515069648.6528301
1515069648.9365
1515069648.9365337
1515069648.9365456
1515069649.2058518
1515069649.2058835
1515069649.2058945
1515069649.588555
1515069649.5886002
1515069649.5886126
1515069649.9851403
1515069649.9851735
1515069649.985185
1515069650.2846828
1515069650.284719
1515069650.2847319
1515069650.5623462
1515069650.5623813
1515069650.562393
1515069650.807523
1515069650.8076415
1515069650.8077087
1515069651.1118453
1515069651.1118755
1515069651.1119068
1515069651.3583312
1515069651.3583815
1515069651.3583984
1515069651.5434833
1515069651.5435152