
1515069590.053125
1515069595.865114
1515069595.8651497
1515069595.8651638
1515069596.471345
1515069596.4713984
1515069596.4714117
1515069597.0420697
1515069597.0420985
1515069597.0421093
1515069597.6471505
1515069597.647197
1515069597.647209
1515069598.0375018
1515069598.0375252
1515069598.0375347
1515069599.0809987
1515069599.0813367
1515069599.081355
1515069599.7926729
1515069599.79271
1515069599.7927237
1515069600.2954218
1515069600.295794
1515069600.2958114
1515069600.886231
1515069600.8862703
1515069600.8862865
1515069601.5798533
1515069601.5799198
1515069601.579935
1515069602.1292036
1515069602.1292377
1515069602.1292498
1515069602.7890496
1515069602.7890928
1515069602.7891145
1515069603.4342933
1515069603.4343417
1515069603.4343553
1515069604.1744366
1515069604.174524
1515069604.1745803
1515069605.0683393
1515069605.0683746
1515069605.0683875
1515069605.823071
1515069605.8234646
1515069605.8234866
1515069606.5979137
1515069606.5979543
1515069606.5979693
1515069607.387145
1515069607.387188
1515069607.3872023
1515069608.2239501
1515069608.2239945
1515069608.2240062
1515069609.2288296
1515069609.2288547
1515069609.2288642
1515069610.0359974
1515069610.036039
1515069610.0360553
1515069610.7768903
1515069610.7769244
1515069610.7769356
1515069611.4672084
1515069611.4672337
1515069611.467244
1515069612.2373037
1515069612.237336
1515069612.2373483
1515069612.922593
1515069612.9226305
1515069612.9226418
1515069613.861337
1515069613.861371
1515069613.8613846
1515069614.712932
1515069614.712966
1515069614.712978
1515069615.6811342
1515069615.6811616
1515069615.6811712
1515069616.4770951
1515069616.4771838
1515069616.477242
1515069617.5241086
1515069617.5241368
1515069617.524149
1515069618.44523
1515069618.445721
1515069618.4457424
1515069619.2148213
1515069619.2148986
1515069619.2149494
1515069620.0405562
1515069620.0406015
1515069620.0406153
1515069620.9254417
1515069620.9254706
1515069620.925484
1515069621.7135105
1515069621.713854
1515069621.7138703
1515069622.4864576
1515069622.4865026
1515069622.4865146
1515069623.1403291
1515069623.1403732
1515069623.1403868
1515069623.8628159
1515069623.8628592
1515069623.8628774
1515069624.646101
1515069624.646145
1515069624.646167
1515069625.3347154
1515069625.3350785
1515069625.335099
1515069626.1106727
1515069626.1107023
1515069626.110712
1515069626.810249
1515069626.8107195
1515069626.810743
1515069627.4503934
1515069627.450423
1515069627.450434
1515069628.3897743
1515069628.3902173
1515069628.3902426
1515069629.2244606
1515069629.2244897
1515069629.2245028
1515069630.0549679
1515069630.0550091
1515069630.0550208
1515069630.8340998
1515069630.8341248
1515069630.8341353
1515069631.652227
1515069631.652262
1515069631.652275
1515069632.4237983
1515069632.4243972
1515069632.424427
1515069633.1768074
1515069633.1768363
1515069633.1768458
1515069634.0543735
1515069634.05441
1515069634.054422
1515069634.8989573
1515069634.8993974
1515069634.899423
1515069635.9238043
1515069635.923844
1515069635.9238603
1515069636.840072
1515069636.8401196
1515069636.8401349
1515069637.5601401
1515069637.560597
1515069637.5606217
1515069638.342096
1515069638.342135
1515069638.3421466
1515069639.2346394
1515069639.2346754
1515069639.2346861
1515069640.083646
1515069640.0836792
1515069640.0836918
1515069641.0127616
1515069641.0131767
1515069641.0132005
1515069641.779679
1515069641.779718
1515069641.779732
1515069642.441387
1515069642.441422
1515069642.4414349
1515069647.6563275
1515069647.656465
1515069647.6565392
1515069648.0361288
1515069648.0361698
1515069648.036183
1515069648.3819737
1515069648.382016
1515069648.3820326
1515069648.6640317
1515069648.664068