
1515069590.07177
1515069596.2757313
1515069596.2757638
1515069596.2757752
1515069596.970921
1515069596.9709525
1515069596.9709642
1515069597.9118059
1515069597.911842
1515069597.9118557
1515069598.4139352
1515069598.4139724
1515069598.413986
1515069598.8966682
1515069598.8967142
1515069598.8967302
1515069599.429461
1515069599.4295018
1515069599.4295158
1515069599.92829
1515069599.9283154
1515069599.9283266
1515069600.4764874
1515069600.4772434
1515069600.4773426
1515069601.0792983
1515069601.07934
1515069601.079354
1515069601.696206
1515069601.6962397
1515069601.6962528
1515069602.3689194
1515069602.368949
1515069602.3689582
1515069603.0253894
1515069603.0254266
1515069603.0254407
1515069603.8408992
1515069603.8409286
1515069603.8409388
1515069604.5872865
1515069604.5873327
1515069604.587347
1515069605.2279835
1515069605.2280111
1515069605.2280202
1515069605.813088
1515069605.8134494
1515069605.8134675
1515069606.458885
1515069606.4589143
1515069606.458925
1515069607.1071947
1515069607.1072316
1515069607.1072454
1515069607.746317
1515069607.7463496
1515069607.746361
1515069608.3473053
1515069608.3473477
1515069608.3473773
1515069609.1084352
1515069609.108484
1515069609.1084979
1515069609.7066634
1515069609.7066984
1515069609.7067099
1515069610.2791212
1515069610.279161
1515069610.2791765
1515069611.1021602
1515069611.1025252
1515069611.1025429
1515069611.9149656
1515069611.9150069
1515069611.915022
1515069612.7465754
1515069612.7466366
1515069612.7466652
1515069613.5519466
1515069613.552289
1515069613.5523071
1515069614.4440227
1515069614.4440942
1515069614.4441054
1515069615.2205794
1515069615.220609
1515069615.2206209
1515069616.0638342
1515069616.0638669
1515069616.0638783
1515069616.5692065
1515069616.5693207
1515069616.5693822
1515069617.475295
1515069617.4753256
1515069617.4753368
1515069618.154523
1515069618.154569
1515069618.1545818
1515069618.680555
1515069618.6805832
1515069618.680593
1515069619.3903985
1515069619.390687
1515069619.3907037
1515069620.1068182
1515069620.1068501
1515069620.106862
1515069620.9003057
1515069620.900332
1515069620.900344
1515069621.6612437
1515069621.661609
1515069621.6616275
1515069622.440838
1515069622.4412367
1515069622.4412599
1515069623.0264826
1515069623.02653
1515069623.026543
1515069623.6594877
1515069623.659524
1515069623.6595366
1515069624.318912
1515069624.318939
1515069624.3189487
1515069625.058576
1515069625.0586212
1515069625.058633
1515069625.7718418
1515069625.7718694
1515069625.77191
1515069626.36896
1515069626.3690066
1515069626.3690252
1515069627.0943794
1515069627.0948951
1515069627.094922
1515069627.5814059
1515069627.5814538
1515069627.5814652
1515069628.3942666
1515069628.3942945
1515069628.394304
1515069629.170169
1515069629.1702042
1515069629.1702175
1515069629.8918636
1515069629.891928
1515069629.8919425
1515069630.7939255
1515069630.793961
1515069630.7939713
1515069631.6730382
1515069631.6730738
1515069631.6730864
1515069632.5981433
1515069632.5981815
1515069632.5981948
1515069633.4538434
1515069633.453872
1515069633.4538832
1515069634.2101536
1515069634.2101793
1515069634.2101886
1515069634.8364093
1515069634.8364398
1515069634.8364513
1515069635.6345136
1515069635.634544
1515069635.634556
1515069636.2617733
1515069636.2618158
1515069636.261831
1515069636.9432542
1515069636.9432805
1515069636.9432912
1515069637.651906
1515069637.651997
1515069637.6520512
1515069638.4047377
1515069638.404771
1515069638.404786
1515069639.146908
1515069639.1469445
1515069639.1469572
1515069639.8392217
1515069639.83926
1515069639.8392725
1515069640.5345726
1515069640.534605
1515069640.5346172
1515069641.1598017
1515069641.1598334
1515069641.1598456
1515069641.9429698
1515069641.9430037
1515069641.9430165
1515069642.5687373
1515069642.5687723
1515069642.568785
1515069642.9994068
1515069642.99944
1515069642.9994516
1515069643.465489
1515069643.465522
1515069643.465534
1515069644.0681899
1515069644.0682306
1515069644.068245
1515069644.451702
1515069644.4517434
1515069644.4517574
1515069644.754821
1515069644.7548819