
1515073085.853279
1515073091.0570498
1515073091.0570798
1515073091.0570896
1515073091.0570977
1515073091.057106
1515073091.057114
1515073091.0571218
1515073092.3310463
1515073092.3310738
1515073092.3310833
1515073092.3310914
1515073092.331099
1515073092.3311067
1515073092.331114
1515073093.6010435
1515073093.6013672
1515073093.6013854
1515073093.6013954
1515073093.6014042
1515073093.6014128
1515073093.6014209
1515073095.674053
1515073095.6741238
1515073095.6741757
1515073095.6742232
1515073095.6742706
1515073095.674317
1515073095.674362
1515073096.9739072
1515073096.9739337
1515073096.9739432
1515073096.973951
1515073096.9739587
1515073096.9747317
1515073096.9747498
1515073098.2047536
1515073098.2047799
1515073098.2047894
1515073098.2047975
1515073098.2048054
1515073098.2048135
1515073098.2048213
1515073099.470191
1515073099.4702184
1515073099.470228
1515073099.4702358
1515073099.4702442
1515073099.4702518
1515073099.4702594
1515073100.926381
1515073100.9264076
1515073100.926417
1515073100.926425
1515073100.9264326
1515073100.9264405
1515073100.926448
1515073102.2511659
1515073102.2511964
1515073102.2512095
1515073102.2512186
1515073102.2512276
1515073102.2512364
1515073102.2512453
1515073103.4623654
1515073103.4623873
1515073103.4623966
1515073103.4624047
1515073103.4624124
1515073103.4624197
1515073103.4624271
1515073104.811469
1515073104.8115451
1515073104.811599
1515073104.8116474
1515073104.8117065
1515073104.811758
1515073104.811805
1515073106.2472138
1515073106.2472425
1515073106.247252
1515073106.24726
1515073106.2472682
1515073106.247276
1515073106.2472842
1515073107.3131611
1515073107.3131962
1515073107.3132102
1515073107.3132222
1515073107.3132348
1515073107.3132465
1515073107.3132577
1515073108.5371113
1515073108.5371363
1515073108.5371459
1515073108.5371537
1515073108.5371614
1515073108.5371687
1515073108.5371764
1515073109.4988227
1515073109.4988484
1515073109.4988577
1515073109.4988656
1515073109.4988763
1515073109.4988854
1515073109.4988933
1515073110.3462565
1515073110.346295
1515073110.3463104
1515073110.3463235
1515073110.3463361
1515073110.3463488
1515073110.3463612
1515073111.1162734
1515073111.1165948
1515073111.1166103
1515073111.116619
1515073111.116627
1515073111.1166346
1515073111.1166422
1515073112.013264
1515073112.0136185
1515073112.0136359
1515073112.0136447
1515073112.0136528
1515073112.0136607
1515073112.0136683
1515073112.7897723
1515073112.7897978
1515073112.7898083
1515073112.7898176
1515073112.789826
1515073112.7898345
1515073112.789843
1515073113.6841106
1515073113.6841383
1515073113.6841478
1515073113.684156
1515073113.6841638
1515073113.6841714
1515073113.6841788
1515073114.485439
1515073114.485466
1515073114.4854755
1515073114.485484
1515073114.4854915
1515073114.485499
1515073114.4855065
1515073115.2861092
1515073115.2861414
1515073115.286152
1515073115.286161
1515073115.2861698
1515073115.286178
1515073115.2861865
1515073116.7156754
1515073116.7156968
1515073116.7157059
1515073116.7157137
1515073116.7157319
1515073116.7157407
1515073116.7157485
1515073117.9307926
1515073117.9308212
1515073117.9308305
1515073117.9308386
1515073117.9308465
1515073117.930854
1515073117.9308617
1515073118.8647892
1515073118.864822
1515073118.864833
1515073118.8648427
1515073118.864852
1515073118.8648643
1515073118.864874
1515073119.6841483
1515073119.6841738
1515073119.6841831
1515073119.6841912
1515073119.6841989
1515073119.6842067
1515073119.684214
1515073120.1714294
1515073120.171456
1515073120.1714654