
1515073085.8348904
1515073090.861383
1515073090.861408
1515073090.8614178
1515073090.8614264
1515073090.861436
1515073090.8614435
1515073090.861451
1515073091.8037193
1515073091.8037481
1515073091.8037574
1515073091.8037655
1515073091.803773
1515073091.8037808
1515073091.8037884
1515073092.4119344
1515073092.4119718
1515073092.4119835
1515073092.4119916
1515073092.4119995
1515073092.4120073
1515073092.4120154
1515073093.0307252
1515073093.0310204
1515073093.0310357
1515073093.0310445
1515073093.0310538
1515073093.0310614
1515073093.031069
1515073094.1928186
1515073094.1928601
1515073094.192871
1515073094.1928804
1515073094.192889
1515073094.1928973
1515073094.1929057
1515073094.9831252
1515073094.9835064
1515073094.9835234
1515073094.9835327
1515073094.9835405
1515073094.9835482
1515073094.9835558
1515073095.6763513
1515073095.6764226
1515073095.6764743
1515073095.676521
1515073095.676569
1515073095.676618
1515073095.6827726
1515073096.4208183
1515073096.420854
1515073096.4208665
1515073096.420877
1515073096.420887
1515073096.420897
1515073096.4209065
1515073097.0569131
1515073097.0569406
1515073097.0569518
1515073097.0569599
1515073097.0569677
1515073097.0569756
1515073097.0569832
1515073097.7860909
1515073097.7861168
1515073097.7861261
1515073097.7861342
1515073097.7861419
1515073097.7861495
1515073097.786157
1515073098.5423875
1515073098.5424147
1515073098.5424259
1515073098.542434
1515073098.5424414
1515073098.542449
1515073098.5424564
1515073099.5171347
1515073099.518291
1515073099.5183082
1515073099.5183175
1515073099.5183256
1515073099.5183332
1515073099.5183408
1515073100.411329
1515073100.4113853
1515073100.4113963
1515073100.4114048
1515073100.4114141
1515073100.4114227
1515073100.411431
1515073101.0677712
1515073101.0677974
1515073101.067807
1515073101.0678148
1515073101.0678227
1515073101.0678303
1515073101.067838
1515073101.8125362
1515073101.812567
1515073101.8125765
1515073101.8125846
1515073101.8125923
1515073101.8126
1515073101.8126378
1515073102.5217123
1515073102.5217419
1515073102.5217514
1515073102.5217595
1515073102.5217671
1515073102.5217748
1515073102.5217822
1515073103.3999138
1515073103.3999364
1515073103.399946
1515073103.3999538
1515073103.3999617
1515073103.3999693
1515073103.3999772
1515073104.3835578
1515073104.3835857
1515073104.3835955
1515073104.3836036
1515073104.3836112
1515073104.383619
1515073104.3836265
1515073105.3372984
1515073105.337321
1515073105.3373303
1515073105.3373384
1515073105.337346
1515073105.3373537
1515073105.3373613
1515073106.3522878
1515073106.3526537
1515073106.3526714
1515073106.3526816
1515073106.352691
1515073106.3526998
1515073106.3527088
1515073107.275073
1515073107.2750988
1515073107.2751086
1515073107.2751164
1515073107.2751238
1515073107.2751312
1515073107.2751389
1515073108.5144587
1515073108.5144873
1515073108.5144966
1515073108.5145047
1515073108.5145123
1515073108.5145202
1515073108.5145276
1515073109.3972745
1515073109.3973022
1515073109.397312
1515073109.39732
1515073109.397328
1515073109.3973355
1515073109.3973434
1515073110.1513333
1515073110.1513875
1515073110.1513977
1515073110.151406
1515073110.1514137
1515073110.1514213
1515073110.151429
1515073110.9679644
1515073110.9682534
1515073110.9682696
1515073110.9711473
1515073110.971171
1515073110.9711814
1515073110.9711895
1515073111.724489
1515073111.7248535
1515073111.7248726
1515073111.7248836
1515073111.7248933
1515073111.724903
1515073111.7249124
1515073112.461899
1515073112.4619267
1515073112.461936
1515073112.461944
1515073112.4619517
1515073112.4619594
1515073112.461967
1515073113.2692826
1515073113.2693105
1515073113.2693198
1515073113.2693276
1515073113.2693355
1515073113.2693431
1515073113.2693508
1515073113.993339
1515073113.9936652
1515073113.9936821
1515073113.993691
1515073113.9936988
1515073113.9937074
1515073113.993715