
1515073085.8873632
1515073090.778445
1515073090.7784786
1515073090.778491
1515073090.7785013
1515073090.7785137
1515073090.7785234
1515073090.7785332
1515073092.537336
1515073092.537437
1515073092.537505
1515073092.5375662
1515073092.537625
1515073092.5376832
1515073092.537741
1515073094.432569
1515073094.4326093
1515073094.432622
1515073094.432631
1515073094.4326391
1515073094.4326472
1515073094.4326553
1515073096.100683
1515073096.1007397
1515073096.1007533
1515073096.1007624
1515073096.1007726
1515073096.1007812
1515073096.1007895
1515073097.4809074
1515073097.4809437
1515073097.4809542
1515073097.480962
1515073097.48097
1515073097.4809773
1515073097.4809847
1515073098.967876
1515073098.9679024
1515073098.9679122
1515073098.9679205
1515073098.9679282
1515073098.9679356
1515073098.9679434
1515073100.578545
1515073100.5785797
1515073100.5785892
1515073100.578597
1515073100.5786054
1515073100.578613
1515073100.5786207
1515073101.8262563
1515073101.8262854
1515073101.8262959
1515073101.8263047
1515073101.8263133
1515073101.8263218
1515073101.8263302
1515073103.2788916
1515073103.2789183
1515073103.2789292
1515073103.2789376
1515073103.2789452
1515073103.2789526
1515073103.2789602
1515073104.5296385
1515073104.5296645
1515073104.5296743
1515073104.5296822
1515073104.5296898
1515073104.5296974
1515073104.5297048
1515073105.9315438
1515073105.9315743
1515073105.931587
1515073105.9315963
1515073105.931605
1515073105.9316137
1515073105.9316223
1515073107.2975168
1515073107.2975407
1515073107.29755
1515073107.297558
1515073107.2975657
1515073107.2975736
1515073107.2975812
1515073108.6615138
1515073108.661541
1515073108.66155
1515073108.6615582
1515073108.6615677
1515073108.6615756
1515073108.6615832
1515073110.0238109
1515073110.0246835
1515073110.024694
1515073110.0247023
1515073110.0247102
1515073110.024718
1515073110.0247254
1515073111.2457614
1515073111.2457936
1515073111.2458034
1515073111.2458117
1515073111.2458196
1515073111.2458272
1515073111.2458353
1515073112.2892504
1515073112.289283
1515073112.2892942
1515073112.2893033
1515073112.289312
1515073112.2893202
1515073112.2893286
1515073113.2928853
1515073113.2984762
1515073113.2984943
1515073113.2985039
1515073113.2985122
1515073113.2985198
1515073113.2985275
1515073114.3266263
1515073114.3269112
1515073114.3269274
1515073114.3269365
1515073114.3269444
1515073114.3269522
1515073114.3269596
1515073115.210683
1515073115.2107103
1515073115.2107196
1515073115.2107277
1515073115.2107356
1515073115.2107432
1515073115.2107508
1515073115.9359624
1515073115.935989
1515073115.9359984
1515073115.9360063
1515073115.9360142
1515073115.936022
1515073115.9360297
1515073116.684133
1515073116.6841598
1515073116.684169
1515073116.6841776
1515073116.6841855
1515073116.684193
1515073116.6842008
1515073117.5406594
1515073117.5406973
1515073117.5407124
1515073117.5407255
1515073117.5407376
1515073117.54075
1515073117.5407622
1515073118.3248944
1515073118.324972
1515073118.325022
1515073118.325068
1515073118.3251119
1515073118.3251557
1515073118.3251994
1515073119.036344
1515073119.0363758
1515073119.0363848
1515073119.0363927
1515073119.0364003
1515073119.0364077
1515073119.0364153
1515073119.63281
1515073119.633088
1515073119.633104
1515073119.633113
1515073119.6331213
1515073119.6331296
1515073119.6331377
1515073120.3181472
1515073120.318175
1515073120.3181849
1515073120.3181934
1515073120.318201
1515073120.3182087
1515073120.318216
1515073120.998643
1515073120.998671
1515073120.998681
1515073120.9986892
1515073120.998697
1515073120.998705
1515073120.9987128
1515073121.65588
1515073121.655902
1515073121.6559114
1515073121.65592
1515073121.6559277
1515073121.655935
1515073121.6559427
1515073122.150651
1515073122.1506784
1515073122.1506915
1515073122.1507022
1515073122.150713
1515073122.1507242
1515073122.1507347
1515073122.2432601
1515073122.2432847