
1515073085.8599367
1515073090.835436
1515073090.835464
1515073090.835474
1515073090.8354824
1515073090.8354917
1515073090.8354995
1515073090.8355074
1515073091.9141345
1515073091.9141617
1515073091.9141712
1515073091.9141793
1515073091.9141872
1515073091.9141948
1515073091.9142022
1515073093.4159305
1515073093.4162672
1515073093.4162865
1515073093.4162962
1515073093.4163048
1515073093.4163136
1515073093.4163222
1515073093.834185
1515073093.8342173
1515073093.8342302
1515073093.8342414
1515073093.8342533
1515073093.8342638
1515073093.834274
1515073094.3575718
1515073094.3576195
1515073094.3576329
1515073094.3576436
1515073094.357654
1515073094.3576646
1515073094.357675
1515073094.916396
1515073094.9164228
1515073094.9164326
1515073094.9164405
1515073094.9164484
1515073094.916456
1515073094.9164634
1515073095.5659354
1515073095.5660396
1515073095.5660958
1515073095.5661461
1515073095.566198
1515073095.5662453
1515073095.5662925
1515073096.2144926
1515073096.2145343
1515073096.214564
1515073096.2145746
1515073096.2145846
1515073096.2145944
1515073096.214604
1515073096.8019414
1515073096.8019774
1515073096.801989
1515073096.8019974
1515073096.8020053
1515073096.8020132
1515073096.8020208
1515073097.4689965
1515073097.4690347
1515073097.4690492
1515073097.469062
1515073097.4690742
1515073097.4690866
1515073097.4690986
1515073098.2300181
1515073098.2300503
1515073098.2300615
1515073098.2300699
1515073098.2300775
1515073098.2300851
1515073098.230093
1515073098.936457
1515073098.9364858
1515073098.9364963
1515073098.9365048
1515073098.9365134
1515073098.9365218
1515073098.9365299
1515073099.6864324
1515073099.6864672
1515073099.6864772
1515073099.6864853
1515073099.6865177
1515073099.6865299
1515073099.6865377
1515073100.343174
1515073100.3435504
1515073100.3435674
1515073100.3435764
1515073100.3435845
1515073100.3435922
1515073100.3435998
1515073100.9563942
1515073100.9564283
1515073100.9564388
1515073100.956447
1515073100.9564548
1515073100.9564624
1515073100.9564703
1515073101.613961
1515073101.6201727
1515073101.6202428
1515073101.6202986
1515073101.622002
1515073101.622071
1515073101.6221256
1515073102.1011913
1515073102.1012273
1515073102.101238
1515073102.1012468
1515073102.1012557
1515073102.1012638
1515073102.101272
1515073102.6000774
1515073102.6001048
1515073102.6001143
1515073102.6001225
1515073102.6001303
1515073102.600138
1515073102.6001456
1515073103.3740678
1515073103.3741045
1515073103.3741148
1515073103.3741267
1515073103.3741345
1515073103.3741424
1515073103.3741503
1515073104.1821823
1515073104.1822214
1515073104.1822343
1515073104.1822448
1515073104.182255
1515073104.182265
1515073104.1822753
1515073104.826989
1515073104.8270202
1515073104.8270302
1515073104.8270385
1515073104.8270464
1515073104.8270543
1515073104.827062
1515073105.5030422
1515073105.5033824
1515073105.5033991
1515073105.5034082
1515073105.503416
1515073105.503424
1515073105.5034316
1515073106.3003297
1515073106.300364
1515073106.3003743
1515073106.3003829
1515073106.3003905
1515073106.3003983
1515073106.3004062
1515073107.0587249
1515073107.0587564
1515073107.0587666
1515073107.0587757
1515073107.058784
1515073107.058792
1515073107.0588005
1515073107.5805364
1515073107.5805879
1515073107.5806034
1515073107.5806165
1515073107.5806286
1515073107.580642
1515073107.580654
1515073108.4018033
1515073108.4018304
1515073108.40184
1515073108.401848
1515073108.4018562
1515073108.401864
1515073108.401872
1515073109.110401
1515073109.1104376
1515073109.1104481
1515073109.1104562
1515073109.110464
1515073109.1104722
1515073109.1104803
1515073109.9287033
1515073109.9287388
1515073109.92875
1515073109.928759
1515073109.928768
1515073109.928777
1515073109.9287856
1515073110.1055412
1515073110.1055841