
1515073085.8915887
1515073092.1355987
1515073092.1356282
1515073092.1356382
1515073092.1356568
1515073092.135668
1515073092.135676
1515073092.1356833
1515073093.1665323
1515073093.1668143
1515073093.166825
1515073093.1668336
1515073093.1668415
1515073093.1668496
1515073093.166857
1515073094.5060747
1515073094.5061262
1515073094.50614
1515073094.5061483
1515073094.5061564
1515073094.5061643
1515073094.5061722
1515073095.739949
1515073095.739976
1515073095.7399912
1515073095.7400012
1515073095.7400115
1515073095.7400203
1515073095.740029
1515073097.010068
1515073097.010109
1515073097.01012
1515073097.010129
1515073097.0101376
1515073097.0101464
1515073097.010155
1515073098.2785113
1515073098.278538
1515073098.2785482
1515073098.2785573
1515073098.278566
1515073098.2785742
1515073098.2785828
1515073099.488285
1515073099.4883175
1515073099.4883273
1515073099.4883351
1515073099.4883456
1515073099.488353
1515073099.4883604
1515073100.827599
1515073100.8276944
1515073100.827755
1515073100.8278089
1515073100.827861
1515073100.8279114
1515073100.8279614
1515073102.031331
1515073102.031648
1515073102.0316646
1515073102.031685
1515073102.0316954
1515073102.0317035
1515073102.0317113
1515073103.437167
1515073103.4371998
1515073103.4372103
1515073103.4372194
1515073103.4372282
1515073103.4388022
1515073103.438818
1515073104.7533345
1515073104.7533717
1515073104.7533822
1515073104.7533906
1515073104.7533987
1515073104.7534487
1515073104.753459
1515073106.2755814
1515073106.2756124
1515073106.2756233
1515073106.2756324
1515073106.275641
1515073106.2756495
1515073106.2756584
1515073107.365233
1515073107.3652709
1515073107.3652809
1515073107.3652892
1515073107.365298
1515073107.3653057
1515073107.3653133
1515073108.8366613
1515073108.836689
1515073108.8366983
1515073108.8367062
1515073108.836714
1515073108.8367217
1515073108.8367293
1515073110.2025344
1515073110.2025676
1515073110.202577
1515073110.202585
1515073110.2025926
1515073110.2026002
1515073110.2026079
1515073111.512469
1515073111.5128963
1515073111.5129128
1515073111.5129223
1515073111.5129304
1515073111.512938
1515073111.5129454
1515073112.648667
1515073112.6486945
1515073112.648705
1515073112.6487138
1515073112.6487226
1515073112.6487312
1515073112.6487396
1515073113.885655
1515073113.8859377
1515073113.885954
1515073113.8859634
1515073113.8859715
1515073113.8859794
1515073113.8859873
1515073114.917526
1515073114.9175467
1515073114.9175563
1515073114.9175642
1515073114.9175718
1515073114.9175792
1515073114.9175866
1515073115.7579057
1515073115.7579324
1515073115.757942
1515073115.75795
1515073115.7579577
1515073115.7579653
1515073115.7579727
1515073116.4922478
1515073116.4922767
1515073116.4922864
1515073116.4922948
1515073116.492303
1515073116.492311
1515073116.492319
1515073117.3565497
1515073117.356586
1515073117.3565967
1515073117.3566055
1515073117.3566144
1515073117.3566227
1515073117.356631
1515073118.1513593
1515073118.1513937
1515073118.151406
1515073118.151417
1515073118.151427
1515073118.1514366
1515073118.1514466
1515073119.296196
1515073119.2962193
1515073119.296229
1515073119.296237
1515073119.2962446
1515073119.296252
1515073119.2962596
1515073120.3910708
1515073120.3911026
1515073120.3911135
1515073120.3911228
1515073120.3911319
1515073120.3911414
1515073120.3911502
1515073120.8366451
1515073120.836671
1515073120.8366807
1515073120.8366885
1515073120.8366964
1515073120.8367038
1515073120.8367114
1515073121.3476453
1515073121.3476737
1515073121.3476834
1515073121.347692
1515073121.3477004
1515073121.3477082
1515073121.3477163
1515073121.7680504
1515073121.768081
1515073121.7680914
1515073121.7681007
1515073121.7681096
1515073121.768118
1515073121.7681262
1515073122.2384784
1515073122.2385132
1515073122.2385285
1515073122.2385423
1515073122.2385557
1515073122.2385697
1515073122.2385828
1515073122.4621472
1515073122.4621766
1515073122.4621875
1515073122.4621966
1515073122.4622054