
1515073085.895538
1515073090.8532453
1515073090.8532734
1515073090.8532832
1515073090.853291
1515073090.8533
1515073090.853308
1515073090.8533158
1515073091.7495692
1515073091.7495947
1515073091.7496042
1515073091.7496126
1515073091.7496204
1515073091.7496285
1515073091.7496362
1515073092.4795527
1515073092.4795907
1515073092.479602
1515073092.4796102
1515073092.4796178
1515073092.4796252
1515073092.4796326
1515073093.1287942
1515073093.128821
1515073093.1288304
1515073093.1288393
1515073093.1288488
1515073093.128857
1515073093.128865
1515073094.2052157
1515073094.2052402
1515073094.2052505
1515073094.2052586
1515073094.2052667
1515073094.2052746
1515073094.2052824
1515073094.9631996
1515073094.963226
1515073094.9632351
1515073094.9632432
1515073094.9632509
1515073094.9632587
1515073094.9632664
1515073095.6611543
1515073095.6612358
1515073095.661291
1515073095.6613421
1515073095.6613946
1515073095.6614437
1515073095.6614928
1515073096.3601456
1515073096.360188
1515073096.360204
1515073096.3602176
1515073096.360231
1515073096.360244
1515073096.3602567
1515073096.9354944
1515073096.9355214
1515073096.9355345
1515073096.9355438
1515073096.9355524
1515073096.9355605
1515073096.9355688
1515073097.5054421
1515073097.505465
1515073097.505474
1515073097.5054822
1515073097.50549
1515073097.5054977
1515073097.505505
1515073098.0411482
1515073098.041178
1515073098.041188
1515073098.0411963
1515073098.041204
1515073098.0412116
1515073098.041219
1515073098.5947077
1515073098.5947332
1515073098.5947425
1515073098.5947506
1515073098.5947585
1515073098.5947661
1515073098.5947738
1515073099.0602942
1515073099.0606205
1515073099.060638
1515073099.0606468
1515073099.0606563
1515073099.0606642
1515073099.060672
1515073099.5655327
1515073099.5655613
1515073099.565571
1515073099.5655792
1515073099.5655868
1515073099.5655944
1515073099.5656018
1515073100.2713628
1515073100.271799
1515073100.2718205
1515073100.2718325
1515073100.2718434
1515073100.2718542
1515073100.2718644
1515073100.9962575
1515073100.9962807
1515073100.9962902
1515073100.9962983
1515073100.9963057
1515073100.9963133
1515073100.9963207
1515073101.7384856
1515073101.738567
1515073101.7386224
1515073101.7386737
1515073101.7387238
1515073101.7404203
1515073101.740483
1515073102.481095
1515073102.481125
1515073102.4811354
1515073102.4811444
1515073102.481153
1515073102.4811614
1515073102.4811695
1515073103.3795877
1515073103.3796093
1515073103.3796186
1515073103.3796268
1515073103.3796349
1515073103.3796537
1515073103.3796637
1515073104.47131
1515073104.471355
1515073104.4713674
1515073104.4713757
1515073104.4713833
1515073104.471391
1515073104.4713986
1515073105.5637863
1515073105.563813
1515073105.5638223
1515073105.5638304
1515073105.5638382
1515073105.5638456
1515073105.5638533
1515073106.7188516
1515073106.718885
1515073106.7188957
1515073106.718905
1515073106.7189138
1515073106.7189226
1515073106.7189314
1515073106.9472919