
1515073085.8656085
1515073090.6559012
1515073090.6559315
1515073090.6559415
1515073090.6559498
1515073090.6559584
1515073090.6559663
1515073090.655974
1515073092.2430053
1515073092.2430341
1515073092.2430437
1515073092.2430518
1515073092.2430594
1515073092.243067
1515073092.2430747
1515073093.4027421
1515073093.4030697
1515073093.4030893
1515073093.4030983
1515073093.4031065
1515073093.4031143
1515073093.4031224
1515073094.0178132
1515073094.0178404
1515073094.01785
1515073094.0178576
1515073094.0178657
1515073094.017873
1515073094.0178807
1515073094.9266512
1515073094.9267411
1515073094.9267933
1515073094.9268415
1515073094.926888
1515073094.9269342
1515073094.9269803
1515073095.833745
1515073095.8337727
1515073095.8337822
1515073095.8337903
1515073095.8337982
1515073095.8338058
1515073095.8338134
1515073096.7570572
1515073096.7571006
1515073096.757119
1515073096.7571347
1515073096.7571516
1515073096.7572098
1515073096.7572286
1515073097.7611265
1515073097.7611547
1515073097.7611642
1515073097.761172
1515073097.7611797
1515073097.7611873
1515073097.761195
1515073098.840093
1515073098.8404362
1515073098.8404555
1515073098.8404658
1515073098.8404748
1515073098.8404834
1515073098.8404922
1515073099.682081
1515073099.682115
1515073099.6821296
1515073099.6821425
1515073099.6821544
1515073099.682166
1515073099.6821778
1515073100.65904
1515073100.6594265
1515073100.6594484
1515073100.659458
1515073100.6894107
1515073100.689444
1515073100.6894543
1515073101.7345173
1515073101.7345443
1515073101.7345538
1515073101.7345617
1515073101.7345695
1515073101.7345772
1515073101.7345848
1515073103.0526245
1515073103.05266
1515073103.0526738
1515073103.0526853
1515073103.0526986
1515073103.0527096
1515073103.0527203
1515073103.908244
1515073103.9082658
1515073103.908275
1515073103.9082832
1515073103.9082909
1515073103.9082987
1515073103.9083064
1515073105.034205
1515073105.0344863
1515073105.0345025
1515073105.0345118
1515073105.0345204
1515073105.0345283
1515073105.0345361
1515073106.2663853
1515073106.2666967
1515073106.2667122
1515073106.2667212
1515073106.2667296
1515073106.2667375
1515073106.266745
1515073107.3224518
1515073107.3224819
1515073107.3224955
1515073107.322507
1515073107.322518
1515073107.322529
1515073107.3225398
1515073108.4885488
1515073108.4888325
1515073108.488849
1515073108.4888582
1515073108.4888663
1515073108.4888744
1515073108.488882
1515073109.4499183
1515073109.4499454
1515073109.4499552
1515073109.4499633
1515073109.449971
1515073109.4499786
1515073109.4499862
1515073110.17056
1515073110.1705902
1515073110.1706007
1515073110.1706097
1515073110.1706185
1515073110.1706274
1515073110.1706362
1515073111.0332778
1515073111.0333028
1515073111.0333123
1515073111.0333207
1515073111.0333283
1515073111.033336
1515073111.0333438
1515073111.7750094
1515073111.775035
1515073111.7750447
1515073111.7750528
1515073111.7750607
1515073111.7750685
1515073111.7750762
1515073112.5893526
1515073112.5893881
1515073112.5893989
1515073112.589408
1515073112.5894165
1515073112.5894256
1515073112.5894344
1515073113.3427947
1515073113.3428261
1515073113.3428366
1515073113.3428457
1515073113.3428545
1515073113.3428633
1515073113.342872
1515073113.8908432
1515073113.8908658
1515073113.8908758
1515073113.890884
1515073113.8908918