
1515073085.8516207
1515073090.578916
1515073090.5789468
1515073090.5789568
1515073090.578965
1515073090.5789735
1515073090.5789814
1515073090.5789893
1515073091.0605361
1515073091.060562
1515073091.0605738
1515073091.0605838
1515073091.0605936
1515073091.0606031
1515073091.0606122
1515073091.714571
1515073091.7146142
1515073091.714628
1515073091.7146368
1515073091.7146454
1515073091.714654
1515073091.7146623
1515073092.68523
1515073092.685508
1515073092.6855233
1515073092.6855323
1515073092.6855414
1515073092.685549
1515073092.6855567
1515073093.893937
1515073093.8939643
1515073093.8939743
1515073093.8939826
1515073093.8939908
1515073093.8939986
1515073093.8940067
1515073094.8240995
1515073094.824446
1515073094.8244627
1515073094.824472
1515073094.82448
1515073094.824488
1515073094.8244956
1515073095.622482
1515073095.6225579
1515073095.6226091
1515073095.622657
1515073095.622708
1515073095.6259153
1515073095.6259773
1515073096.505128
1515073096.5051522
1515073096.5051618
1515073096.5051699
1515073096.5051777
1515073096.5051856
1515073096.5051932
1515073097.260645
1515073097.260673
1515073097.2606847
1515073097.2606936
1515073097.2607017
1515073097.2607095
1515073097.2607174
1515073098.1195216
1515073098.1195488
1515073098.1195579
1515073098.1195657
1515073098.1195736
1515073098.1195817
1515073098.119589
1515073098.8867204
1515073098.889283
1515073098.889302
1515073098.8893123
1515073098.889321
1515073098.88933
1515073098.8893387
1515073099.735978
1515073099.7360013
1515073099.7360108
1515073099.7360187
1515073099.7360263
1515073099.736034
1515073099.7360415
1515073100.7081988
1515073100.7140915
1515073100.7141106
1515073100.7163255
1515073100.716341
1515073100.7163506
1515073100.7163596
1515073101.8841355
1515073101.8841927
1515073101.8842034
1515073101.8842118
1515073101.8842196
1515073101.8842273
1515073101.884235
1515073103.444364
1515073103.4443905
1515073103.4444013
1515073103.4444103
1515073103.444419
1515073103.4444273
1515073103.4444358
1515073105.3168836
1515073105.316911
1515073105.3169205
1515073105.3169284
1515073105.316936
1515073105.3169436
1515073105.3169513
1515073107.100021
1515073107.100049
1515073107.1000586
1515073107.1000667
1515073107.1000745
1515073107.1000822
1515073107.1000896
1515073108.6150923
1515073108.6151197
1515073108.6151292
1515073108.6151376
1515073108.6151454
1515073108.6151533
1515073108.6151607
1515073110.1848075
1515073110.184834
1515073110.184844
1515073110.1848528
1515073110.1848614
1515073110.18487
1515073110.1848786
1515073111.4639044
1515073111.463932
1515073111.4639413
1515073111.4639494
1515073111.4639573
1515073111.463965
1515073111.4639728
1515073112.6438432
1515073112.6438696
1515073112.643879
1515073112.6438868
1515073112.6438944
1515073112.643902
1515073112.6439097
1515073113.7694721
1515073113.7697732
1515073113.7697895
1515073113.7697985
1515073113.7698064
1515073113.7698143
1515073113.769822
1515073114.8048413
1515073114.8048778
1515073114.8048885
1515073114.8048978
1515073114.8049066
1515073114.8049154
1515073114.8049242
1515073115.7018557
1515073115.7018833
1515073115.7018933
1515073115.7019017
1515073115.7019093
1515073115.7019174
1515073115.701925
1515073116.6498668
1515073116.6499443
1515073116.6499965
1515073116.650043
1515073116.650089
1515073116.6501362
1515073116.650183
1515073117.7535043
1515073117.7535763
1515073117.7536302
1515073117.753678
1515073117.7537248
1515073117.7537699
1515073117.7538152
1515073118.6235607
1515073118.6236029
1515073118.623621
1515073118.6236367
1515073118.6236517
1515073118.6236665
1515073118.623681
1515073119.3396742
1515073119.3397
1515073119.3397095
1515073119.3397176
1515073119.3397253
1515073119.3397434
1515073119.3397515
1515073120.2357094
1515073120.2357457
1515073120.2357557
1515073120.235764
1515073120.2357717
1515073120.23578
1515073120.2357876
1515073120.682282
1515073120.6823182
1515073120.6823351
1515073120.68235