
1515073085.8817985
1515073091.1752322
1515073091.1752622
1515073091.175272
1515073091.1752803
1515073091.1752894
1515073091.1752973
1515073091.175305
1515073092.1692326
1515073092.1692603
1515073092.1692712
1515073092.1692803
1515073092.1692889
1515073092.1692975
1515073092.169306
1515073093.0287561
1515073093.0290983
1515073093.0291169
1515073093.029126
1515073093.0291338
1515073093.0291414
1515073093.029149
1515073093.9074323
1515073093.9074552
1515073093.9074643
1515073093.9074724
1515073093.907481
1515073093.9074886
1515073093.9074962
1515073095.3285253
1515073095.328568
1515073095.3285792
1515073095.328588
1515073095.3285964
1515073095.3286047
1515073095.328613
1515073096.624584
1515073096.6246107
1515073096.6246204
1515073096.6246288
1515073096.6246364
1515073096.6246438
1515073096.6246514
1515073098.2403946
1515073098.2404287
1515073098.2404404
1515073098.2404506
1515073098.240463
1515073098.2404728
1515073098.2404826
1515073099.6401458
1515073099.6405673
1515073099.6405933
1515073099.6406097
1515073099.6406245
1515073099.6406384
1515073099.6406524
1515073100.9578986
1515073100.9579294
1515073100.957941
1515073100.9579504
1515073100.9579592
1515073100.957968
1515073100.9579768
1515073102.0774589
1515073102.0782697
1515073102.0782876
1515073102.0782974
1515073102.078306
1515073102.0783143
1515073102.0783226
1515073103.449226
1515073103.4492517
1515073103.449262
1515073103.4492698
1515073103.4492776
1515073103.4492853
1515073103.449293
1515073105.1065316
1515073105.1065562
1515073105.106566
1515073105.1065738
1515073105.1065814
1515073105.106589
1515073105.1065965
1515073106.4828675
1515073106.4829042
1515073106.4829168
1515073106.4829283
1515073106.4829392
1515073106.4829495
1515073106.4829595
1515073107.9244533
1515073107.924482
1515073107.9244921
1515073107.9245007
1515073107.924509
1515073107.9245174
1515073107.9245253
1515073109.3356428
1515073109.3356762
1515073109.335689
1515073109.3357108
1515073109.3357227
1515073109.3357327
1515073109.3357427
1515073111.0012357
1515073111.0012667
1515073111.0012767
1515073111.0012848
1515073111.0012925
1515073111.0013
1515073111.0013077
1515073112.6880417
1515073112.6880693
1515073112.6880786
1515073112.6880865
1515073112.6880941
1515073112.6881018
1515073112.6881094
1515073114.196724
1515073114.1967514
1515073114.1967611
1515073114.196769
1515073114.1967766
1515073114.196784
1515073114.1967916
1515073115.265939
1515073115.2659655
1515073115.2659752
1515073115.2659829
1515073115.2659905
1515073115.2659981
1515073115.2660058
1515073116.3939643
1515073116.3939917
1515073116.3940012
1515073116.3940094
1515073116.3940172
1515073116.394025
1515073116.3940327
1515073117.9624836
1515073117.9625087
1515073117.9625182
1515073117.9625263
1515073117.9625342
1515073117.9625418
1515073117.9625494
1515073119.2920344
1515073119.2920666
1515073119.2920766
1515073119.2920845
1515073119.292092
1515073119.2920997
1515073119.2921073
1515073120.4777353
1515073120.4777684
1515073120.4777799
1515073120.4777896
1515073120.4777992
1515073120.477841
1515073120.4778547
1515073121.4836688
1515073121.4836948
1515073121.4837048
1515073121.4837136
1515073121.483722
1515073121.4837306
1515073121.48375
1515073122.1770103
1515073122.1770437
1515073122.1770556
1515073122.1770658
1515073122.177076
1515073122.1770868
1515073122.1770968
1515073122.544233
1515073122.5443237
1515073122.5443919
1515073122.5444527
1515073122.5445113
1515073122.5445688
1515073122.544626
1515073122.755662
1515073122.7556865
1515073122.7556973
1515073122.7557063
1515073122.7557147
1515073122.755723
1515073122.7557368
1515073122.954041
1515073122.9540722
1515073122.954083
1515073122.954092
1515073122.954101
1515073122.95411
1515073122.9541185
1515073123.124003
1515073123.1240392
1515073123.1240547
1515073123.1240683
1515073123.124081
1515073123.1240978
1515073123.1241107
1515073123.303018
1515073123.3030467
1515073123.3030565
1515073123.303065
1515073123.303073
1515073123.303081
1515073123.303089
1515073123.3961031
1515073123.3961482
1515073123.3961613