
1515073085.88152
1515073093.0690951
1515073093.0691245
1515073093.0691342
1515073093.069142
1515073093.0691507
1515073093.0691583
1515073093.069166
1515073095.076227
1515073095.0762491
1515073095.0762591
1515073095.0762672
1515073095.0762749
1515073095.0762825
1515073095.0762901
1515073096.5262587
1515073096.526288
1515073096.5263007
1515073096.52631
1515073096.5263188
1515073096.5263276
1515073096.5263362
1515073097.888285
1515073097.8883152
1515073097.8883257
1515073097.8883338
1515073097.8883433
1515073097.888351
1515073097.8883584
1515073099.570251
1515073099.5702739
1515073099.5702832
1515073099.5702913
1515073099.570299
1515073099.5703063
1515073099.570314
1515073100.9907582
1515073100.991731
1515073100.9917486
1515073100.991758
1515073100.991766
1515073100.991774
1515073100.9917815
1515073102.0944312
1515073102.0944564
1515073102.094466
1515073102.0944738
1515073102.0944831
1515073102.0944908
1515073102.0944984
1515073103.3906589
1515073103.39068
1515073103.3906894
1515073103.3906977
1515073103.3907058
1515073103.3907135
1515073103.3907208
1515073104.4824462
1515073104.4824698
1515073104.482482
1515073104.4824905
1515073104.4824984
1515073104.4825063
1515073104.482514
1515073105.797249
1515073105.7972846
1515073105.797296
1515073105.7973058
1515073105.797315
1515073105.797324
1515073105.797333
1515073107.2684019
1515073107.268436
1515073107.2684479
1515073107.2684572
1515073107.2684658
1515073107.2684743
1515073107.2684827
1515073108.6311967
1515073108.6312208
1515073108.6312304
1515073108.6312387
1515073108.6312468
1515073108.6312544
1515073108.6312618
1515073110.0176222
1515073110.0176454
1515073110.017655
1515073110.0176628
1515073110.017671
1515073110.0176787
1515073110.0176864
1515073111.4451394
1515073111.4451675
1515073111.4451776
1515073111.4451857
1515073111.4451933
1515073111.4452007
1515073111.4452083
1515073112.7278137
1515073112.7278354
1515073112.7278447
1515073112.7278526
1515073112.7278605
1515073112.727868
1515073112.7278757
1515073113.9229493
1515073113.9229732
1515073113.9229827
1515073113.922991
1515073113.9229987
1515073113.9230063
1515073113.9230137
1515073114.910692
1515073114.9107237
1515073114.910734
1515073114.9107418
1515073114.9107494
1515073114.910757
1515073114.9107647
1515073115.836678
1515073115.8367057
1515073115.836715
1515073115.836723
1515073115.8367307
1515073115.8367383
1515073115.8367462
1515073117.036983
1515073117.0370512
1515073117.037065
1515073117.0370753
1515073117.0370855
1515073117.0370953
1515073117.037105
1515073118.1172597
1515073118.117297
1515073118.1173084
1515073118.1173184
1515073118.1173282
1515073118.1173375
1515073118.1173468
1515073119.1937819
1515073119.1938145
1515073119.1938274
1515073119.1938381
1515073119.1938484
1515073119.1938586
1515073119.1938686
1515073120.2027607
1515073120.2027984
1515073120.2028136
1515073120.2028267
1515073120.2028391
1515073120.2028513
1515073120.2028635
1515073120.905291
1515073120.905323
1515073120.9053323
1515073120.9053407
1515073120.9053483
1515073120.905356
1515073120.9053636
1515073121.6270535
1515073121.6270814
1515073121.627091
1515073121.627099
1515073121.627107
1515073121.6271145
1515073121.6271222
1515073122.139357
1515073122.1394122
1515073122.1394258
1515073122.1394365
1515073122.139447
1515073122.1394594
1515073122.13947
1515073122.5067506
1515073122.506778
1515073122.5067873
1515073122.5067956
1515073122.5068033
1515073122.506811
1515073122.5068185
1515073122.720501
1515073122.720534
1515073122.7205465
1515073122.7205567
1515073122.720566
1515073122.7205749
1515073122.7205842