
1515073085.8674183
1515073092.1629286
1515073092.16296
1515073092.1629717
1515073092.1629813
1515073092.1629918
1515073092.1630006
1515073092.1630096
1515073094.4944172
1515073094.4944453
1515073094.494455
1515073094.4944632
1515073094.494471
1515073094.4944787
1515073094.4944863
1515073096.4689486
1515073096.4689748
1515073096.4689853
1515073096.4689934
1515073096.469001
1515073096.469009
1515073096.4690166
1515073097.96619
1515073097.9662173
1515073097.9662268
1515073097.9662347
1515073097.966244
1515073097.9662516
1515073097.966259
1515073099.499856
1515073099.4998806
1515073099.4998899
1515073099.499898
1515073099.4999056
1515073099.4999135
1515073099.499921
1515073100.1161625
1515073100.1161897
1515073100.116199
1515073100.116207
1515073100.1162145
1515073100.1162221
1515073100.1162295
1515073100.7792516
1515073100.779292
1515073100.779303
1515073100.7793124
1515073100.779322
1515073100.7793307
1515073100.7793596
1515073101.3897104
1515073101.3897407
1515073101.389752
1515073101.3897617
1515073101.3897712
1515073101.3897808
1515073101.38979
1515073102.6607423
1515073102.6607695
1515073102.660781
1515073102.660789
1515073102.6607966
1515073102.660804
1515073102.6608114
1515073103.5847871
1515073103.5848176
1515073103.5848544
1515073103.584868
1515073103.5848765
1515073103.5849104
1515073103.5849216
1515073104.7870739
1515073104.7871
1515073104.787111
1515073104.787119
1515073104.7871268
1515073104.7871344
1515073104.787142
1515073106.3070395
1515073106.3070624
1515073106.3070722
1515073106.3070803
1515073106.3070881
1515073106.307096
1515073106.3071036
1515073107.4453545
1515073107.4453857
1515073107.4453952
1515073107.445403
1515073107.445412
1515073107.4454195
1515073107.4454274
1515073108.7054925
1515073108.7055185
1515073108.7055278
1515073108.7055357
1515073108.7055435
1515073108.7055514
1515073108.705559
1515073109.9991894
1515073109.9992168
1515073109.9992259
1515073109.999234
1515073109.9992416
1515073109.999249
1515073109.9992566
1515073111.0343735
1515073111.034402
1515073111.0344117
1515073111.0344224
1515073111.034431
1515073111.0344386
1515073111.0344684
1515073112.165824
1515073112.165856
1515073112.1658666
1515073112.1658764
1515073112.165886
1515073112.1658952
1515073112.1659045
1515073113.3118331
1515073113.311856
1515073113.311865
1515073113.311873
1515073113.3118806
1515073113.3118885
1515073113.3118963
1515073114.412211
1515073114.4125159
1515073114.4125323
1515073114.4125412
1515073114.4125493
1515073114.412557
1515073114.4125648
1515073115.3079472
1515073115.3079736
1515073115.307984
1515073115.3079932
1515073115.3080018
1515073115.3080103
1515073115.3080187
1515073116.32141
1515073116.3214507
1515073116.321462
1515073116.3214707
1515073116.3214793
1515073116.3214877
1515073116.321496
1515073117.396439
1515073117.3972893
1515073117.3973074
1515073117.3973176
1515073117.3973265
1515073117.3973348
1515073117.3973434
1515073118.3446898
1515073118.3447227
1515073118.3447325
1515073118.3447409
1515073118.3447492
1515073118.3447568
1515073118.3447645
1515073119.265431
1515073119.2654574
1515073119.2654672
1515073119.2654753
1515073119.2654831
1515073119.265491
1515073119.2655003
1515073120.1740553
1515073120.1744905
1515073120.17488
1515073120.1748922
1515073120.1749005
1515073120.1749089
1515073120.1749165
1515073120.8292942
1515073120.8293266
1515073120.8293366
1515073120.8293445
1515073120.829352
1515073120.8293595
1515073120.829367
1515073121.4200406
1515073121.4200778
1515073121.4200878
1515073121.4200964
1515073121.420104
1515073121.4201117