
1515073085.8574343
1515073090.8104115
1515073090.810442
1515073090.8104525
1515073090.8104613
1515073090.8104713
1515073090.8104794
1515073090.8104875
1515073091.8798509
1515073091.8798847
1515073091.8798976
1515073091.8799083
1515073091.8799188
1515073091.8799288
1515073091.8799388
1515073093.0913887
1515073093.091427
1515073093.0914388
1515073093.091447
1515073093.091455
1515073093.0914624
1515073093.09147
1515073093.6828344
1515073093.6828625
1515073093.682872
1515073093.6828802
1515073093.6828897
1515073093.6828976
1515073093.6829057
1515073094.262109
1515073094.2621465
1515073094.2621567
1515073094.262165
1515073094.262173
1515073094.2621808
1515073094.2621884
1515073095.0726619
1515073095.0729802
1515073095.0729957
1515073095.073005
1515073095.0730128
1515073095.0730205
1515073095.073028
1515073095.9843771
1515073095.9846816
1515073095.9847043
1515073095.9847145
1515073095.9847245
1515073095.9851077
1515073095.9851232
1515073096.9152646
1515073096.9152985
1515073096.915326
1515073096.9153554
1515073096.9153678
1515073096.9153767
1515073096.915385
1515073097.8778403
1515073097.8778677
1515073097.8778784
1515073097.8778865
1515073097.877894
1515073097.8779016
1515073097.877909
1515073098.7573457
1515073098.757633
1515073098.7576485
1515073098.7576578
1515073098.7576659
1515073098.7576737
1515073098.7576814
1515073099.600211
1515073099.6002386
1515073099.6002486
1515073099.6002562
1515073099.6002636
1515073099.6002712
1515073099.6002786
1515073100.8805113
1515073100.880539
1515073100.8805487
1515073100.8805566
1515073100.8805645
1515073100.8805718
1515073100.8805795
1515073102.0264237
1515073102.0264573
1515073102.0264676
1515073102.0264764
1515073102.026487
1515073102.0264955
1515073102.0265038
1515073103.3846886
1515073103.38471
1515073103.3847191
1515073103.3847268
1515073103.3847342
1515073103.3847418
1515073103.3847492
1515073105.071092
1515073105.0711186
1515073105.0711281
1515073105.0711362
1515073105.0711439
1515073105.0711513
1515073105.071159
1515073106.656264
1515073106.6563
1515073106.6563134
1515073106.6563249
1515073106.6563358
1515073106.656347
1515073106.6563575
1515073108.564578
1515073108.5646
1515073108.5646095
1515073108.5646176
1515073108.5646253
1515073108.5646327
1515073108.56464
1515073110.1061788
1515073110.106204
1515073110.1062138
1515073110.1062229
1515073110.1062312
1515073110.1062396
1515073110.106248
1515073111.3942742
1515073111.3943007
1515073111.39431
1515073111.3943183
1515073111.3943262
1515073111.3943336
1515073111.3943412
1515073112.7182858
1515073112.7183096
1515073112.7183192
1515073112.7183273
1515073112.718335
1515073112.7183423
1515073112.71835
1515073114.0126915
1515073114.0129995
1515073114.0130162
1515073114.0130258
1515073114.0130339
1515073114.0130413
1515073114.0130486
1515073115.0417845
1515073115.041814
1515073115.0418239
1515073115.041832
1515073115.04184
1515073115.0418477
1515073115.0418556
1515073115.8683417
1515073115.868366
1515073115.868375
1515073115.8683825
1515073115.8683903
1515073115.868398
1515073115.8684056
1515073116.7047315
1515073116.7047548
1515073116.7047641
1515073116.704772
1515073116.7047799
1515073116.7047875
1515073116.704795
1515073117.6434798
1515073117.6435204
1515073117.643535
1515073117.643547
1515073117.6435592
1515073117.6435738
1515073117.6435857
1515073118.3945606
1515073118.394957
1515073118.3949747
1515073118.3949847
1515073118.3949935
1515073118.395002
1515073118.3950102
1515073119.2229946
1515073119.2230258
1515073119.223035
1515073119.2230432
1515073119.223051
1515073119.2230587
1515073119.2230663
1515073120.044903
1515073120.0449598
1515073120.0449755
1515073120.044984
1515073120.0449917
1515073120.0449991
1515073120.0450068
1515073120.7578075
1515073120.7578347
1515073120.7578435
1515073120.7578514
1515073120.757859
1515073120.7578685
1515073120.7578764
1515073121.3947964
1515073121.3948565
1515073121.3948674
1515073121.3948755
1515073121.3948832
1515073121.3948905
1515073121.3948982
1515073121.634777
1515073121.634799
1515073121.6348085