
1515073085.8576853
1515073092.66705
1515073092.6674
1515073092.6674173
1515073092.667427
1515073092.667437
1515073092.6674447
1515073092.667452
1515073095.4213185
1515073095.4213474
1515073095.4213572
1515073095.4213655
1515073095.4213731
1515073095.4213808
1515073095.4213884
1515073097.3378341
1515073097.3379061
1515073097.3379235
1515073097.3379319
1515073097.3379397
1515073097.3379471
1515073097.3379548
1515073099.123995
1515073099.1240373
1515073099.1240556
1515073099.1240706
1515073099.124088
1515073099.1241028
1515073099.1241174
1515073101.0282013
1515073101.0285342
1515073101.0285509
1515073101.0285597
1515073101.0285678
1515073101.0285752
1515073101.0285828
1515073102.9387894
1515073102.938818
1515073102.938828
1515073102.938836
1515073102.938844
1515073102.9388518
1515073102.93886
1515073103.9059896
1515073103.906017
1515073103.9072714
1515073103.9072847
1515073103.9072964
1515073103.907304
1515073103.9073117
1515073105.2476304
1515073105.2509863
1515073105.2510068
1515073105.2510178
1515073105.251027
1515073105.2510362
1515073105.251045
1515073106.9231956
1515073106.9232316
1515073106.9232478
1515073106.9232595
1515073106.9232707
1515073106.923282
1515073106.9232926
1515073108.5610898
1515073108.561117
1515073108.5611262
1515073108.5611343
1515073108.5611422
1515073108.5611498
1515073108.5611572
1515073110.0788457
1515073110.078873
1515073110.078883
1515073110.0788908
1515073110.078899
1515073110.0789065
1515073110.0789142
1515073111.490757
1515073111.4907815
1515073111.490791
1515073111.490799
1515073111.4908066
1515073111.4908142
1515073111.4908216
1515073112.7205956
1515073112.720955
1515073112.7209725
1515073112.7209823
1515073112.720993
1515073112.721002
1515073112.7210107
1515073113.8955398
1515073113.8958297
1515073113.8958457
1515073113.8958545
1515073113.8958626
1515073113.8958704
1515073113.895878
1515073114.9113624
1515073114.911391
1515073114.9114006
1515073114.9114087
1515073114.9114165
1515073114.9114242
1515073114.9114318
1515073116.0587704
1515073116.0588052
1515073116.058817
1515073116.0588272
1515073116.0588367
1515073116.058846
1515073116.058855
1515073116.5845935
1515073116.5846698
1515073116.5847216
1515073116.5847692
1515073116.584815
1515073116.5848603
1515073116.5849054
1515073117.218722
1515073117.2187586
1515073117.2187717
1515073117.2187822
1515073117.2187924
1515073117.2188027
1515073117.2188127
1515073117.7281477
1515073117.7282505
1515073117.7283103
1515073117.7284195
1515073117.7284808
1515073117.7285345
1515073117.7285874
1515073118.3039544
1515073118.3039882
1515073118.303998
1515073118.3040066
1515073118.304015
1515073118.3040228
1515073118.304031
1515073119.009486
1515073119.009512
1515073119.0095212
1515073119.0095294
1515073119.009537
1515073119.0095444
1515073119.009552
1515073119.5377672
1515073119.5377953
1515073119.5378046
1515073119.5378132
1515073119.537821
1515073119.537829
1515073119.5378363
1515073120.18317
1515073120.1832087
1515073120.1832244
1515073120.1832383
1515073120.1832519
1515073120.183265
1515073120.1832778
1515073120.6055603
1515073120.605587
1515073120.6055963
1515073120.6056044
1515073120.605612
1515073120.6056197
1515073120.605627
1515073120.9547405
1515073120.9547713
1515073120.9547803
1515073120.954788
1515073120.9547958
1515073120.9548063
1515073120.9548142
1515073121.440258
1515073121.4402835
1515073121.4402928
1515073121.440301
1515073121.4403086
1515073121.4403162
1515073121.4403238
1515073121.8260684
1515073121.8260956
1515073121.826105
1515073121.826113
1515073121.8261209
1515073121.8261282
1515073121.8261359
1515073122.2189317
1515073122.2189713
1515073122.2189896
1515073122.2190053
1515073122.2190201
1515073122.219035
1515073122.2190495
1515073122.4759326
1515073122.4759555
1515073122.4759643
1515073122.4759724
1515073122.47598