
4300200.055431407
4300204.067785198
4300204.067826347
4300204.067841012
4300204.067853961
4300204.067867172
4300204.067879066
4300204.067891135
4300204.077595743
4300204.077627504
4300204.0776418
4300204.07765504
4300204.077667726
4300204.077679877
4300204.077692006
4300204.077703913
4300204.077715917
4300204.077729977
4300204.077741897
4300204.077753526
4300204.081691904
4300204.081723275
4300204.081737258
4300204.081750322
4300204.081762762
4300204.081774769
4300204.081788135
4300204.081800191
4300204.081812135
4300204.081824153
4300204.081835853
4300204.0818476
4300204.081859643