
1514450076.019987
1514450232.7890074
1514450306.9819767
1514453801.9938002
1514453806.7873058
1514453806.8204267
1514453832.2024343
1514453920.1494396
1514453962.1705928
1514453969.523935
1514453969.5556414
1514455426.3282409
1514455426.9137557
1514455426.9137824
1514455426.9137902
1514455426.9137971
1514455426.913804
1514455426.9138107
1514455426.9138174
1514455426.9138238
1514455426.9138305
1514455426.913837
1514455426.9138434
1514455426.9138498
1514455426.9138563
1514455426.9138627
1514455426.9138691
1514455426.9138756
1514455426.9138827
1514455426.913889
1514455426.9138956
1514455426.913902
1514455426.9139085
1514455426.913915
1514455426.9139214
1514455426.913928
1514455426.9139342
1514455426.9139411
1514455426.9139612
1514455426.9139686
1514455426.913975
1514455426.9139814
1514455426.9139879
1514455426.913994
1514455426.9140005
1514455426.914007
1514455426.9140131
1514455426.9140198
1514455426.9140263
1514455426.9140327
1514455426.914039
1514455426.9140453
1514455426.9140518
1514455426.914058
1514455426.9140642
1514455426.9140706
1514455426.914077
1514455426.9140832
1514455426.91409
1514455426.914096
1514455426.9141088
1514455426.9141154
1514455426.9141219
1514455426.914128
1514455426.9141345
1514455426.9141407
1514455426.9141471
1514455426.9141536
1514455426.914172
1514455426.914179
1514455426.9141858
1514455426.9141922
1514455426.9141986
1514455426.914205
1514455426.9142113
1514455426.9142177
1514455426.914224
1514455426.91423
1514455426.9142363
1514455426.9142427
1514455426.9142492
1514455426.9142554
1514455426.9142618
1514455426.9142683
1514455426.9142752
1514455426.9142814
1514455426.9142878
1514455426.914294
1514455426.9143004
1514455426.9143069
1514455426.914313
1514455426.9143193
1514455426.9143257
1514455426.914332
1514455426.914338
1514455426.9143445
1514455426.9143507
1514455426.9143572
1514455426.9143634
1514455426.9143698
1514455426.9143763
1514455426.9143937
1514455426.9144006
1514455426.914407
1514455426.9144135
1514455426.91442
1514455426.914426
1514455426.9144323
1514455426.9144387
1514455426.9144452
1514455426.9144516
1514455426.914458
1514455426.9144645
1514455426.9144707
1514455426.914477
1514455426.9144835
1514455426.91449
1514455426.9144964
1514455426.914503
1514455426.9145095
1514455426.914516
1514455426.9145224
1514455426.9145286
1514455426.914535
1514455426.9145412
1514455426.9145477
1514455426.914554
1514455426.9145606
1514455426.914567
1514455426.915374
1514455426.9153924
1514455426.9154
1514455426.915407
1514455426.9154134
1514455426.91542
1514455426.9154263
1514455426.9154327
1514455426.9154391
1514455426.9154525
1514455426.9154592
1514455426.9154654
1514455426.9154718
1514455426.9154782
1514455426.9154847
1514455426.915491
1514455426.9154975
1514455426.915504
1514455426.9155102
1514455426.9155169
1514455426.915523
1514455426.9155293
1514455426.9155357
1514455426.9155421
1514455426.9155486
1514455426.9155548
1514455426.9155612
1514455426.9155676
1514455426.915574
1514455426.9155803
1514455426.9155867
1514455426.9155931
1514455426.9155996
1514455426.9156358
1514455426.9156494
1514455426.915656
1514455724.194418
1514455747.9520323
1514455783.2873096
1514455946.8913057
1514456021.0161932
1514456376.162732
1514457672.9034746
1514459183.4581003