0.026667999999993697
0.05069199999999796
0.0309740000000005
0.029879999999998574
0.030334000000003414
0.05305800000000005
0.0508829999999989
0.037408999999996695
0.029267999999994743
0.030715000000000714
0.030599000000002263
0.03027699999999811
0.02924600000000055
0.03088600000000241
0.047052999999998235
0.032049999999998136
0.04021900000000045
0.030011000000001786
0.0310089999999974
0.04775599999999969
0.03919400000000195
0.03848299999999938
0.042197000000001594
0.04280199999999468
0.04138399999999365
0.02616700000000094
0.0256779999999992
0.06530599999999964
0.025674000000002195
0.04410800000000137
0.046678
0.044400000000003104
0.03325900000000104
0.03662900000000491
0.03943099999999333
0.038907999999999276
0.04562799999999356
0.04068699999999836
0.04831300000000027
0.03774800000000056
0.039335999999998705
0.04252500000000481
0.04263199999999756
0.042488999999996224
0.042322999999996114
0.04016200000000225
0.036892999999999176
0.039602000000002135
0.039486000000003685
0.037488000000003296
0.039358000000000004
0.039522999999995534
0.03926100000000332
0.04399200000000292
0.03986600000000351
0.059252999999998224
0.04084900000000147
0.02655700000000394
0.031050000000000466
0.029143000000004804
0.03634200000000476
0.03492999999999569
0.05371799999999638
0.039780999999997846
0.039191999999999894
0.0417720000000017
0.039730000000005816
0.040045999999996695
0.040448000000004924
0.04072999999999638
0.036965000000002135
0.040205999999997744
0.04382400000000075
0.040218000000002974
0.03445400000000376
0.03770600000000002
0.057479000000000724
0.033250000000002444
0.0399190000000047
0.04265000000000185
0.04045699999999641
0.04216700000000628
0.0391389999999987
0.04127600000000342
0.04267499999999558
0.04591899999999782
0.04214900000000199
0.04157000000000011
0.03350499999999812
0.031921999999994455
0.04461599999999777
0.024816999999998757
0.04202899999999943
0.04542399999999702
0.05055500000000279
0.04244899999999774
0.033709000000001765
0.040183999999996445
0.0403570000000002
0.03765700000000294
0.03981000000000279
0.040996999999997286
0.04075600000000179
0.038748000000005334
0.03706199999999882
0.038779000000005226
0.04190600000000444
0.041377000000004216
0.042225000000001955
0.04336899999999844
0.037295999999997775
0.044654000000001304
0.03894300000000328
0.04036800000000085
0.04081899999999905
0.04347500000000082
0.03986600000000351
0.04388699999999801
0.04308199999999829
0.042372999999997774
0.04136599999999646
0.04216799999999665
0.04203799999999802
0.04062300000000363
0.042424000000004014
0.04259700000000066
0.03904500000000155
0.04821699999999396
0.04015900000000272
0.05314100000000366
0.04082700000000017
0.03041199999999833
0.04270100000000099
0.02764799999999923
0.02583800000000025
0.03753799999999785
0.04189999999999827
0.05832600000000099
0.04193100000000527
0.04031499999999966
0.039572999999997194
0.04130700000000331
0.036296000000000106
0.04126200000000324
0.03911599999999993
0.03691299999999842
0.04149900000000173
0.041955999999998994
0.04216199999999759
0.03394199999999614
0.042034000000001015
0.0329799999999949
0.038953999999996824
0.035860999999997034
0.029638999999995974
0.04084699999999941
0.04742300000000199
0.041325999999997975
0.0403699999999958
0.04193599999999975
0.040299000000004526
0.040992000000002804
0.05399300000000551
0.038741999999999166
0.02553699999999992
0.041843000000000075
0.04202900000000653
0.04030699999999854
0.031582999999997696
0.03959099999999438
0.03944299999999856
0.037019999999998277
0.04133300000000162
0.04006100000000146
0.042493000000000336
0.024173000000004663
0.022914999999997576
0.043832999999999345
0.040525000000002365
0.040537999999997965
0.04302799999999962
0.039372000000000185
0.033644999999999925
0.05323399999999623
0.04867800000000244
0.027208000000001675
0.02598199999999906
0.033850000000001046
0.027526000000001716
0.032755000000001644
0.029589999999998895
0.037715000000005716
0.04175700000000404
0.042098000000002855
0.042364000000006286
0.04272100000000023
0.03539299999999912
0.046123999999998944
0.03695000000000448
0.04105599999999754
0.03701600000000127
0.039384000000005415
0.04285099999999886
0.04092599999999891
0.04303199999999663
0.038666999999996676
0.03831000000000273
0.04009800000000041
0.03979899999999503
0.03988700000000023
0.03514400000000251
0.04534299999999547
0.04238200000000347
0.036133999999997
0.031449999999999534
0.03964700000000221
0.042045000000001664
0.04042899999999605
0.03511900000000168
0.04636299999999949
0.04362400000000122
0.03596199999999783
0.04266799999999904
0.0437429999999992
0.061726999999997645
0.038331999999996924
0.041968000000004224
0.06101100000000059
0.0451359999999994
0.04033000000000442
0.0343119999999999
0.03210899999999839
0.039017999999998665
0.04304299999999728
0.04083400000000381
0.035244999999996196
0.039437999999996975
0.04011700000000218
0.03206699999999785
0.03360100000000443
0.03919899999999643
0.031617000000004225
0.03822899999999407
0.055620000000004666
0.04105400000000259
0.03832799999999992
0.04070800000000219
0.03492599999999868
0.03868299999999891
0.04245300000000185
0.03532099999999616
0.032540999999994824
0.04269100000000492
0.04454799999999892
0.033300999999994474
0.03508099999999814
0.0639060000000029
0.04583900000000085
0.035752000000002226
0.03770600000000002
0.03266800000000103
0.04317500000000507
0.032402000000004705
0.040758999999994217
0.03957499999999925
0.03587800000000385
0.043295999999998
0.0415880000000044
0.04456099999999452
0.04578700000000424
0.04762500000000358
0.042664000000002034
0.04406099999999924
0.04207999999999856
0.03155500000000444
0.040409000000003914
0.031199000000000865
0.041111000000000786
0.0422799999999981
0.045302999999996985
0.04281899999999439
0.03912699999999347
0.03457800000000333
0.04346199999999811
0.0229360000000014
0.026012999999998954
0.041717000000005555
0.04332099999999883
0.02636100000000141
0.03699299999999539
0.04176999999999964
0.04934499999999531
0.03949199999999564
0.034103999999999246
0.04059700000000532
0.033823999999995635
0.04149100000000061
0.040540999999997496
0.04065900000000511
0.03098099999999704
0.041716000000000975
0.045189999999998065
0.043393999999999266
0.041717000000005555
0.041335000000003674
0.033869000000002814
0.04023799999999511
0.03999199999999803
0.04025000000000034
0.04523600000000272
0.03355200000000025
0.04119099999999776
0.040681999999996776
0.041060999999999126
0.03804799999999631
0.039929999999998245
0.03185799999999972
0.04546500000000009
0.04329500000000053
0.04242099999999738
0.042695000000001926
0.04252400000000023
0.044464000000004944
0.03481599999999929
0.023841000000004442
0.04289200000000193
0.0250909999999962
0.04299699999999973
0.034074000000003934
0.04325400000000457
0.033090000000001396
0.04121500000000111
0.04311799999999977
0.03806199999999649
0.05715200000000209
0.03353100000000353
0.03678299999999979
0.04354500000000172
0.0441589999999934
0.04300200000000132
0.0390119999999996
0.04490899999999698
0.03288299999999822
0.04267499999998847
0.03258499999999742
0.04051699999999414
0.05172199999999805
0.04101500000000158
0.038386000000002696
0.03888299999999845
0.03952100000000769
0.04138799999999776
0.03366100000000927
0.04537000000000546
0.032313000000002035
0.046002999999998906
0.04300100000000384
0.03910999999999376
0.04062799999999811
0.03970900000000199
0.04097099999999898
0.04067499999999313
0.04098199999999963
0.03458100000000286
0.03839100000000428
0.04971999999999355
0.0405190000000033
0.027092999999993594
0.05061700000000258
0.041448000000002594
0.040185999999991395
0.038942000000005805
0.03734500000000196
0.052991000000005783
0.037814999999994825
0.04044799999999782
0.039498000000008915
0.04167500000001212
0.036901000000000295
0.04080199999999934
0.039003000000008115
0.033102999999996996
0.037715000000005716
0.03839800000000082
0.03817700000000457
0.04300499999999374
0.0588950000000068
0.03961400000000026
0.04221600000001047
0.030658000000002517
0.030276000000000636
0.031316000000003896
0.04504900000000589
0.0446500000000043
0.038864000000003784
0.04087200000000735
0.03188999999998998
0.04050599999999349
0.04025400000000445
0.04045000000000698
0.04070899999999256
0.042349999999999
0.04072099999999068
0.039185000000003356
0.03272700000000839
0.06888500000000874
0.04267099999999857
0.04600800000000049
0.042526999999992654
0.04080600000000345
0.043659999999988486
0.04022000000000503
0.04007200000000921
0.04352000000000089
0.03971200000000863
0.04244500000000073
0.04079799999999523
0.03181700000000376
0.03987200000000257
0.03976200000001029
0.034782000000006974
0.03850699999999563
0.038671000000007894
0.03485899999999731
0.039256999999992104
0.04276299999999367
0.042615999999995324
0.043934000000007245
0.03749899999999684
0.044758999999999105
0.04274100000000658
0.0435370000000006
0.03921400000000119
0.0421439999999933
0.02574299999999141
0.03617199999999343
0.040374999999997385
0.040882999999993785
0.03786000000000911
0.04218000000000188
0.038953000000006455
0.0320689999999928
0.039566999999991026
0.03678100000000484
0.034990000000007626
0.040390000000002146
0.03246199999999533
0.03814200000000767
0.038673000000002844
0.03673700000000224
0.04015100000000871
0.03496499999999969
0.03905000000000314
0.032159000000007154
0.04503599999999608
0.03823099999999613
0.04046300000000258
0.035899999999998045
0.03276599999999519
0.04570400000000063
0.03976399999999103
0.0374660000000091
0.046824000000000865
0.040103000000002
0.033748000000002776
0.04055599999999515
0.047939999999996985
0.04214600000000246
0.04115600000000086
0.03828099999999779
0.039867000000000985
0.04340700000000197
0.040224999999992406
0.04362599999998906
0.04103800000000035
0.0348109999999906
0.03704300000001126
0.0363049999999987
0.03220100000000059
0.03237700000001098
0.039863000000011084
0.04206399999999633
0.02917599999999254
0.0403220000000033
0.040009999999995216
0.033670000000000755
0.0388499999999965
0.04369599999999707
0.041286999999996965
0.04385299999999859
0.039223999999990156
0.04336999999999591
0.03515000000000157
0.028247999999990725
0.03426600000000235
0.04656900000000519
0.037257000000010976
0.04089799999999855
0.03873099999999852
0.03928899999999658
