0.0018029999999953361
0.001264000000006149
0.001282000000003336
0.0012710000000026866
0.001326999999989198
0.0013059999999995853
0.001359999999991146
0.0025430000000028485
0.0023170000000050095
0.0012959999999964111
0.0013090000000062219
0.001614000000003557
0.00159600000000637
0.0015199999999992997
0.001493999999993889
0.0015390000000081727
0.0014029999999962683
0.0014579999999995152
0.0014830000000074506
0.0014859999999998763
0.0013990000000063674
0.0013530000000088194
0.0014690000000001646
0.0013590000000078817
0.0012949999999989359
0.0012499999999988631
0.001322999999999297
0.0012550000000004502
0.0012789999999966994
0.0011949999999956162
0.0019400000000047157
0.0016260000000016817
0.001539999999991437
0.0014159999999918682
0.001637000000002331
0.0013890000000031932
0.001391999999995619
0.0012860000000074479
0.0013250000000084583
0.0012880000000023983
0.0012090000000029022
0.0012710000000026866
0.0012150000000019645
0.0012739999999951124
0.0012229999999959773
0.0012239999999934525
0.0012140000000044893
0.0012739999999951124
0.0012279999999975644
0.0012409999999931642
0.0011520000000047048
0.0011970000000047776
0.0011729999999943175
0.002472000000011576
0.0019100000000094042
0.0019379999999955544
0.0019719999999949778
0.0018709999999941829
0.0018010000000003856
0.0017499999999870397
0.0017589999999927386
0.0017370000000056507
0.0019040000000103419
0.0017100000000027649
0.0017220000000008895
0.0016789999999957672
0.0016029999999886968
0.0015879999999981464
0.00171100000000024
0.001535000000004061
0.0015000000000071623
0.0014450000000039154
0.0014599999999944657
0.001508000000001175
0.0014579999999995152
0.0015149999999977126
0.001411000000004492
0.00145700000000204
0.0013479999999930214
0.0013720000000034815
0.0013799999999974943
0.0012720000000001619
0.0012779999999992242
0.0012600000000020373
0.0013530000000088194
0.0013029999999929487
0.0012889999999998736
0.0012669999999985748
0.0013040000000046348
0.0013080000000087466
0.0013009999999979982
0.0012930000000039854
0.0013160000000027594
0.0012409999999931642
0.001198999999999728
0.0012650000000036243
0.001211999999995328
0.0012519999999938136
0.0012090000000029022
0.0012040000000013151
0.0011400000000065802
0.0011959999999930915
0.0011560000000088166
0.0011789999999933798
0.0011860000000041282
0.0011380000000116297
0.0011860000000041282
0.0011369999999999436
0.0011050000000096816
0.0010890000000074451
0.0011030000000005202
0.001087999999995759
0.0011119999999920083
0.00112899999999172
0.001138999999994894
0.0011299999999891952
0.0011149999999986449
0.0010460000000023228
0.001097000000001458
0.0019659999999959155
0.001728999999997427
0.0016339999999956945
0.001600000000010482
0.0016310000000032687
0.001586000000003196
0.001737999999988915
0.0018890000000055807
0.0019329999999939673
0.0017959999999987986
0.0017509999999987258
0.0017619999999993752
0.0016710000000017544
0.0016019999999912216
0.001656000000011204
0.001594999999994684
0.0015049999999945385
0.001936000000000604
0.0021189999999933207
0.0017390000000006012
0.0017799999999965621
0.0017799999999965621
0.001829999999998222
0.0015929999999997335
0.0015440000000097598
0.001520999999996775
0.0015159999999951879
0.0015460000000047103
0.0014989999999954762
0.0015569999999911488
0.0015039999999970632
0.001539999999991437
0.0015099999999961256
0.001581000000001609
0.0015060000000062246
0.0014529999999979282
0.0014180000000010295
0.0014460000000013906
0.001429000000001679
0.00131799999999771
0.0013189999999951851
0.001322999999999297
0.001322999999999297
0.0013399999999990087
0.001328000000000884
0.0013489999999904967
0.001282000000003336
0.0013110000000011723
0.0012850000000099726
0.0012699999999910005
0.001234999999994102
0.0012039999999871043
0.0011750000000034788
0.0012000000000114142
0.0012270000000000891
0.0012170000000111258
0.001195000000009827
0.001197999999988042
0.0012020000000063646
0.0011870000000016034
0.0012519999999938136
0.0011870000000016034
0.001236000000005788
0.0018500000000045702
0.0015679999999917982
0.0015099999999961256
0.0015130000000027621
0.001520999999996775
0.0015429999999980737
0.0015250000000008868
0.001493999999993889
0.001576999999997497
0.0010759999999976344
0.0019029999999986558
0.001254000000002975
0.0009000000000014552
0.0010750000000001592
0.0010460000000023228
0.0010729999999909978
0.0010580000000004475
0.0009890000000041255
0.0009520000000122764
0.0009840000000025384
0.0009699999999952524
0.0009390000000024656
0.0009459999999990032
0.0009100000000046293
0.0008769999999884703
0.0009749999999968395
0.0008840000000134296
0.0009330000000034033
0.0008840000000134296
0.0009039999999913562
0.0008870000000058553
0.0008969999999948186
0.0009179999999986421
0.0008790000000118425
0.0008870000000058553
0.000907999999995468
0.0009030000000080918
0.000884999999996694
0.0008940000000023929
0.000881000000006793
0.0009239999999977044
0.0008759999999909951
0.0009259999999926549
0.0008860000000083801
0.0008909999999957563
0.0008750000000077307
0.0008899999999982811
0.000904000000005567
0.000904000000005567
0.0009349999999983538
0.0008789999999976317
0.0009030000000080918
0.0008770000000026812
0.0008890000000008058
0.0009190000000103282
0.0008890000000008058
0.0008770000000026812
0.0008909999999957563
0.000884999999996694
0.000950000000003115
0.000876000000005206
0.0008789999999976317
0.0009269999999901302
0.000876000000005206
0.0008960000000115542
0.000884999999996694
0.0009239999999977044
0.0009550000000047021
0.0008989999999897691
0.0008789999999976317
0.0010019999999997253
0.0013920000000098298
0.0016999999999995907
0.0015340000000065857
0.0014589999999969905
0.0009989999999930887
0.0011879999999990787
0.001097000000001458
0.0011559999999946058
0.001036999999996624
0.0010429999999956863
0.0010209999999943875
0.0009610000000037644
0.0009689999999977772
0.0009170000000011669
0.0009670000000028267
0.0008819999999900574
0.0008909999999957563
0.0009170000000011669
0.0008949999999998681
0.0010210000000085984
0.0008880000000033306
0.0008920000000074424
0.0008930000000049176
0.00089900000000398
0.0009179999999986421
0.0009189999999961174
0.0009060000000005175
0.0009060000000005175
0.0009069999999979927
0.0009129999999970551
0.0008799999999951069
0.000893999999988182
0.0009390000000024656
0.0008879999999891197
0.0009129999999970551
0.0009170000000011669
0.0008949999999998681
0.0008839999999992187
0.0009119999999995798
0.0008749999999935199
0.0009320000000059281
0.0008920000000074424
0.0008949999999998681
0.0008830000000017435
0.0008830000000017435
0.0008809999999925822
0.0008829999999875326
0.0009029999999938809
0.0008839999999992187
0.0009249999999951797
0.0008770000000026812
0.0009110000000021046
0.0008740000000102555
0.0008879999999891197
0.0008789999999976317
0.0008919999999932315
0.0008759999999909951
0.0008770000000026812
0.0009230000000002292
0.0009110000000021046
0.001379000000000019
0.0018709999999941829
0.0018980000000112796
0.0017390000000006012
0.0017770000000041364
0.0017449999999996635
0.001829999999998222
0.0017330000000015389
0.0018229999999874735
0.0017220000000008895
0.001702000000008752
0.0016619999999960555
0.0016009999999937463
0.0018930000000096925
0.0019389999999930296
0.001895000000004643
0.0018889999999913698
0.0017359999999939646
0.0017429999999905021
0.001784000000000674
0.0017789999999990869
0.0016249999999899956
0.0015479999999996608
0.001512000000005287
0.0015250000000008868
0.0015420000000005984
0.0015479999999996608
0.0015319999999974243
0.0015199999999992997
0.0013959999999997308
0.0014269999999925176
0.0014639999999985776
0.0014180000000010295
0.0014070000000003802
0.0014940000000081
0.0013279999999866732
0.0013629999999977827
0.00134200000000817
0.0013640000000094687
0.0013659999999902084
0.0012779999999992242
0.0013189999999951851
0.0012720000000001619
0.0013349999999974216
0.0012509999999963384
0.0012940000000014606
0.0012669999999985748
0.0012830000000008113
0.0012990000000030477
0.001268000000010261
0.0013380000000040582
0.0012480000000039126
0.0012709999999884758
0.0011930000000006658
0.0012170000000111258
0.001188999999996554
0.0012660000000010996
0.0011960000000073023
0.001225999999988403
0.0011969999999905667
0.001244999999997276
0.0012519999999938136
0.0012109999999978527
0.001262999999994463
0.0012370000000032633
0.0011870000000016034
0.0011999999999972033
0.0012059999999962656
0.001138999999994894
0.0011549999999971305
0.0012060000000104765
0.0011580000000037671
0.0011369999999999436
0.001167000000009466
0.0011399999999923693
0.0011579999999895563
0.0011860000000041282
0.0011009999999913589
0.001133999999993307
0.0010899999999907095
0.001097000000001458
0.0011230000000068685
0.0011220000000093933
0.0011050000000096816
0.001102000000003045
0.001125000000001819
0.0011470000000031177
0.0011089999999995825
0.00111599999999612
0.0010800000000017462
0.0011080000000021073
0.001125000000001819
0.0010919999999998709
0.0010849999999891224
0.001036999999996624
0.0010570000000029722
0.001036999999996624
0.0012720000000001619
0.0010830000000083828
0.0011019999999888341
0.0010870000000124946
0.001102000000003045
0.0010820000000109076
0.0010960000000039827
0.0011229999999926576
0.0010429999999956863
0.001069999999998572
0.0010390000000057853
0.0010730000000052087
0.00105100000000391
0.0010539999999963356
0.0010379999999940992
0.0010759999999976344
0.0010489999999947486
0.0011240000000043437
0.0010450000000048476
0.0010839999999916472
0.0010350000000016735
0.0010450000000048476
0.001036999999996624
0.00105100000000391
0.0010639999999995098
0.0010450000000048476
0.0010960000000039827
0.0010350000000016735
0.0010570000000029722
0.0010410000000007358
0.0010620000000045593
0.0010659999999944603
0.001059999999995398
0.0010950000000065074
0.0010170000000044865
0.0010079999999987876
0.000996000000000663
0.000994999999988977
0.0010110000000054242
0.001018999999999437
0.0010070000000013124
0.0010170000000044865
0.001033000000006723
0.0010219999999918628
0.0009929999999940264
0.0010170000000044865
0.0009930000000082373
0.0010199999999969123
0.0010070000000013124
0.0010540000000105465
0.0010339999999899874
0.0009950000000031878
0.0010169999999902757
0.0010069999999871015
0.0010149999999953252
0.0009969999999981383
0.0010159999999928004
0.00103800000000831
0.0010270000000076607
0.0010310000000117725
0.0010309999999975616
0.0010039999999946758
0.0010109999999912134
0.0010019999999997253
0.0010379999999940992
0.0010039999999946758
0.001046999999999798
0.0010809999999992215
0.0010029999999972006
0.00101399999999785
0.0010350000000016735
0.0010110000000054242
0.0009880000000066502
0.0010070000000013124
0.0010019999999997253
0.0017160000000018272
0.0018549999999919464
0.0019229999999907932
0.0017090000000052896
0.0018110000000035598
0.0017320000000040636
0.001806999999999448
0.0017420000000072378
0.001787999999990575
0.0017349999999964894
0.0019510000000053651
0.0019190000000008922
0.001857999999998583
0.0018790000000024065
0.001931999999996492
