0.004283000000000037
0.002723000000000031
0.002650999999999959
0.0026680000000001147
0.0027240000000001707
0.0026929999999998344
0.002721999999999891
0.0026279999999998527
0.0025759999999999117
0.0024530000000000385
0.002423000000000064
0.0024199999999998667
0.0024129999999999985
0.0024439999999998907
0.002463000000000104
0.002426999999999957
0.002459000000000211
0.002434999999999965
0.0024020000000000152
0.002286999999999928
0.0023079999999999767
0.0024170000000001135
0.002402999999999933
0.0023809999999999665
0.0022999999999999687
0.0023289999999998034
0.002259000000000011
0.0033170000000000144
0.0028479999999999617
0.0027280000000000637
0.002694999999999892
0.0027719999999997746
0.0027479999999999727
0.002817999999999987
0.002817999999999987
0.003705999999999765
0.00339799999999979
0.003311000000000064
0.003358999999999668
0.0033449999999999314
0.003038000000000096
0.003019000000000105
0.003051000000000137
0.0029850000000002375
0.0028580000000002492
0.0027970000000001605
0.0027140000000001052
0.0026569999999996874
0.0025200000000000777
0.0024960000000002758
0.0024210000000000065
0.0022780000000000022
0.0023200000000000998
0.0023049999999997794
0.00231899999999996
0.003710000000000324
0.003486999999999796
0.0034049999999998803
0.0033479999999999066
0.0031130000000003655
0.002929999999999655
0.0030250000000000554
0.002886000000000166
0.002827000000000357
0.0027249999999998664
0.0032200000000002227
0.002965999999999802
0.0028529999999999944
0.0037970000000000503
0.0035199999999999676
0.003535000000000288
0.003371000000000013
0.0032399999999999096
0.0030640000000001777
0.003001999999999949
0.0030010000000002535
0.00302200000000008
0.0025380000000003733
0.002547000000000299
0.002515000000000267
0.002419000000000171
0.002466999999999775
0.002338999999999647
0.002194999999999947
0.0022419999999998552
0.002285999999999788
0.0022619999999999862
0.0022660000000001013
0.002270999999999912
0.0023690000000002875
0.0022609999999998465
0.002298999999999829
0.0022929999999998785
0.0021529999999998495
0.0022129999999997985
0.002060000000000173
0.0021140000000001713
0.0021209999999998175
0.0019849999999999035
0.002018999999999771
0.001994999999999969
0.0019979999999999443
0.0019540000000000113
0.0019649999999997725
0.001923000000000119
0.001975000000000282
0.001950999999999592
0.001988000000000323
0.00200699999999987
0.002375000000000238
0.0021019999999998262
0.0020519999999999428
0.002047000000000132
0.002044000000000157
0.0019719999999998628
0.0019659999999999123
0.002032000000000256
0.0019610000000001016
0.001996000000000109
0.0019529999999998715
0.0019260000000000943
0.0019919999999999938
0.00363900000000017
0.003458999999999879
0.0034930000000001904
0.004666000000000281
0.005437999999999832
0.003350999999999882
0.003338999999999981
0.003401999999999905
0.0035039999999999516
0.0033840000000000536
0.003139000000000003
0.003045999999999882
0.003043000000000351
0.002891000000000421
0.0027800000000000047
0.0026330000000003295
0.0026490000000003455
0.0026140000000003383
0.0026260000000002393
0.0034370000000003564
0.0035120000000001816
0.0034489999999998133
0.0036129999999996443
0.003986999999999963
0.003665999999999947
0.003458999999999879
0.004164999999999974
0.0034730000000000594
0.003371000000000013
0.003394999999999815
0.0033209999999996853
0.0033720000000001527
0.002978000000000147
0.0030489999999998574
0.003058000000000227
0.0030559999999999476
0.0054160000000003095
0.003715000000000135
0.004842000000000013
0.0047120000000000495
0.004309000000000118
0.0035839999999995875
0.0036360000000001946
0.0034130000000001104
0.0035120000000001816
0.0033330000000000304
0.0030640000000001777
0.0030399999999999316
0.0030160000000001297
0.0028969999999999274
0.0028559999999999697
0.002819000000000127
0.0026740000000002873
0.002682999999999769
0.002755000000000063
0.002677999999999958
0.002690999999999999
0.0026609999999998024
0.002060000000000173
0.002048000000000272
0.0019999999999997797
0.001978999999999953
0.001951000000000036
0.002059000000000033
0.0021179999999998422
0.002517999999999798
0.0020159999999997957
0.0019040000000001278
0.00347900000000001
0.0035359999999999836
0.0038040000000001406
0.003498000000000001
0.0034960000000001656
0.003346000000000071
0.0032320000000001237
0.0032410000000000494
0.003249999999999975
0.0030520000000002767
0.0028409999999996494
0.0028559999999999697
0.0028239999999999377
0.00286300000000006
0.002847000000000044
0.0028359999999998386
0.0029479999999999507
0.002878999999999632
0.002673999999999843
0.0026540000000001562
0.0025200000000000777
0.00254999999999983
0.0025100000000000122
0.0025080000000001768
0.0023969999999997604
0.0025170000000001025
0.0024320000000002118
0.002553999999999945
0.0025679999999996816
0.0025209999999997734
0.0025199999999996336
0.002555000000000085
0.00248700000000035
0.0024160000000001958
0.0024449999999998084
0.002450999999999759
0.0024370000000000225
0.002561999999999731
0.0040320000000000356
0.003846999999999934
0.003474999999999895
0.003270000000000106
0.0031879999999997466
0.003178999999999821
0.0030130000000001544
0.0041719999999996205
0.0037969999999996062
0.0037929999999999353
0.003502000000000116
0.003481999999999985
0.003803000000000001
0.0036509999999996268
0.0035169999999999924
0.0035000000000002807
0.0035490000000000244
0.0034860000000001
0.0032369999999999344
0.003054000000000112
0.003430999999999962
0.003426999999999847
0.00324599999999986
0.0030020000000003932
0.003090999999999955
0.002831000000000028
0.0028369999999999784
0.0027060000000003193
0.002558999999999756
0.00502899999999995
0.006360000000000365
0.005201999999999707
0.00362299999999971
0.00455799999999984
0.004854000000000358
0.003446999999999978
0.005414999999999726
0.0025100000000000122
0.0027029999999999
0.0028250000000000774
0.002742000000000022
0.0022039999999998727
0.0026160000000001737
0.002441999999999833
0.0024020000000000152
0.002334999999999976
0.002447000000000088
0.0023140000000001493
0.002638999999999836
0.002098999999999851
0.0026140000000003383
0.0025690000000002655
0.002482999999999791
0.002355000000000107
0.002587000000000117
0.0019919999999999938
0.0024700000000001943
0.0026609999999998024
0.0030520000000002767
0.0025129999999999875
0.0031569999999998544
0.002650999999999737
0.002874999999999961
0.0023420000000000663
0.0025569999999999204
0.0020370000000000665
0.002242999999999995
0.0024570000000001535
0.0024880000000000457
0.0023330000000001405
0.002365999999999868
0.0023480000000000167
0.0022899999999999032
0.0022770000000003066
0.0022959999999998537
0.0021179999999998422
0.0023210000000002395
0.0022009999999998975
0.002413999999999916
0.0022940000000000182
0.0026530000000000165
0.0022440000000001348
0.002667000000000197
0.0025729999999999364
0.0023800000000000487
0.0026809999999999334
0.0023500000000002963
0.0024929999999998564
0.0021930000000001115
0.0020849999999996705
0.0022370000000000445
0.002219000000000193
0.003057999999999783
0.0023930000000000895
0.0024370000000000225
0.002363000000000337
0.0023169999999996804
0.0020700000000002383
0.00208800000000009
0.0023969999999997604
0.0022519999999999207
0.0023320000000000007
0.0023450000000000415
0.0022809999999999775
0.0027049999999997354
0.0024939999999999962
0.002254999999999896
0.003210999999999853
0.0026680000000003368
0.002326999999999746
0.002593999999999763
0.0022919999999997387
0.0022419999999998552
0.002267000000000241
0.0024260000000002613
0.0025729999999999364
0.0028690000000000104
0.0025690000000002655
0.0026209999999999845
0.002742000000000022
0.00240700000000027
0.002519000000000382
0.0024180000000000312
0.002018999999999771
0.0025680000000001257
0.002210999999999963
0.0027370000000002115
0.0026280000000000747
0.0027200000000000557
0.0027180000000002202
0.0026000000000001577
0.002050999999999803
0.0020560000000000578
0.0025640000000000107
0.002650000000000041
0.0024480000000002278
0.002159000000000244
0.0025129999999999875
0.002562999999999871
0.0022299999999999542
0.002566999999999986
0.002601999999999993
0.0022820000000001173
0.0022250000000001435
0.0022929999999998785
0.003070999999999824
0.0025400000000002088
0.002615000000000034
0.002787000000000095
0.0022100000000002673
0.0023260000000000502
0.0024130000000002205
0.0023889999999999745
0.0026129999999997544
0.002231000000000094
0.0023580000000000823
0.0024329999999999075
0.0022579999999998712
0.002097999999999711
0.0027029999999999
0.0022259999999998392
0.0022020000000000373
0.0024569999999997094
0.0024530000000000385
0.0023840000000001638
0.0022639999999993776
0.0025329999999996744
0.0024220000000001463
0.002361999999999753
0.0021019999999998262
0.0024889999999997414
0.002423000000000286
0.0023279999999994416
0.002456000000000458
0.0022100000000007114
0.002707000000000015
0.002286999999999928
0.002234999999999765
0.002252000000000365
0.0024660000000000792
0.002339000000000091
0.0021729999999999805
0.0021300000000001873
0.0034909999999994668
0.0023119999999998697
0.002415000000000056
0.0021900000000005804
0.0022419999999998552
0.0024399999999999977
0.0026130000000001985
0.0025450000000004636
0.0033140000000004832
0.00295000000000023
0.003354999999999997
0.0023580000000000823
0.0019849999999994594
0.0019819999999999283
0.00201600000000024
0.0019530000000003156
0.002385999999999555
0.0021609999999991913
0.00214299999999934
0.002134999999999998
0.0020340000000000913
0.0019969999999993604
0.0020100000000002893
0.0019479999999996167
0.0020899999999999253
0.0019980000000003884
0.0020059999999997302
0.00200699999999987
0.002059000000000033
0.002068000000000403
0.002102999999999966
0.0020940000000004844
0.002200000000000202
0.0024129999999997764
0.002400000000000624
0.002386999999999695
0.002394999999999925
0.0023729999999995144
0.002458999999999989
0.0022959999999994096
0.002171000000000589
0.0020370000000005106
0.003211000000000297
0.0024090000000001055
0.0023809999999997444
0.002341999999999622
0.0035119999999997376
0.0035240000000005267
0.0032560000000003697
0.0032299999999994
0.0031600000000002737
0.0030090000000004835
0.0029960000000004428
0.0031010000000000204
0.002851000000000603
0.0029289999999999594
0.0028559999999995256
0.002693999999999974
0.0027420000000004663
0.002690999999999555
0.002514999999999823
0.0025060000000003413
0.002519000000000382
0.0025279999999998637
0.0025769999999996074
0.002520000000000522
0.0025500000000002743
0.0025079999999997327
0.002350999999999992
0.0023489999999997124
0.002341999999999622
0.002315000000000289
0.003633999999999915
0.003417999999999921
0.0035249999999997783
0.0034570000000000434
0.003187000000000495
0.0029770000000004515
0.003067000000000597
0.0030960000000002097
0.002869999999999706
0.002625999999999351
0.002882999999999747
0.002615000000000478
0.0026120000000000587
0.00323899999999977
0.002938999999999581
0.0029370000000001895
0.003017999999999965
