0.0025739999999956353
0.0023529999999993834
0.0021830000000022665
0.0021869999999921674
0.00216700000000003
0.0020280000000099108
0.0020399999999938245
0.001979000000005726
0.0020580000000052223
0.002024000000005799
0.001959999999996853
0.0018700000000109185
0.0018940000000071677
0.001854000000008682
0.0019350000000031287
0.001931999999996492
0.001797999999993749
0.0017509999999987258
0.001732999999987328
0.002494999999996139
0.002407000000005155
0.002285999999998012
0.002235999999996352
0.0022469999999970014
0.002235999999996352
0.0023039999999951988
0.0021230000000116434
0.002137999999987983
0.0021690000000091914
0.0019670000000076016
0.0020619999999951233
0.0018510000000020455
0.0026220000000023447
0.004728999999997541
0.0027730000000047994
0.002527000000000612
0.005977999999998929
0.004706999999996242
0.00248399999999549
0.0025359999999921
0.0022749999999973625
0.0030180000000115115
0.002080000000006521
0.0023539999999968586
0.001682999999999879
0.0017390000000006012
0.002116000000000895
0.0019669999999933907
0.002001000000007025
0.0017550000000028376
0.001692000000005578
0.001679000000009978
0.0020410000000055106
0.0016509999999954061
0.001530999999999949
0.0017490000000037753
0.0014639999999985776
0.0015959999999921592
0.0013710000000060063
0.001455999999990354
0.0016509999999954061
0.0016020000000054324
0.0014680000000026894
0.0014879999999948268
0.0014649999999960528
0.001470999999995115
0.0014490000000080272
0.001383000000004131
0.0015460000000047103
0.0015760000000000218
0.0013200000000068712
0.0014579999999995152
0.0019659999999959155
0.0016509999999954061
0.0014490000000080272
0.0016379999999998063
0.0013749999999959073
0.0013629999999977827
0.0013849999999990814
0.0014600000000086766
0.0015470000000021855
0.0013900000000006685
0.0014719999999925903
0.001614000000003557
0.001391999999995619
0.0013799999999974943
0.0018409999999988713
0.0015690000000034843
0.0016860000000065156
0.00217999999999563
0.0018979999999970687
0.0015569999999911488
0.0019070000000027676
0.0016849999999948295
0.0016069999999928086
0.0014599999999944657
0.0013539999999920838
0.0014380000000073778
0.0014040000000079544
0.0013780000000025439
0.0015479999999996608
0.0017369999999914398
0.0019389999999930296
0.0013899999999864576
0.0013129999999961228
0.0015750000000025466
0.0017580000000094742
0.0016049999999978581
0.0014890000000065129
0.0013390000000015334
0.0019989999999978636
0.001333000000002471
0.0015140000000002374
0.0020899999999954844
0.001628000000010843
0.0014670000000052141
0.0014129999999994425
0.001986999999999739
0.0019459999999895672
0.002029000000007386
0.0020460000000070977
0.0020169999999950505
0.0016020000000054324
0.0016739999999941801
0.0020119999999934635
0.0014400000000023283
0.0019980000000003884
0.0015279999999933125
0.0013610000000028322
0.001695999999995479
0.0016279999999966321
0.0013939999999905694
0.002936999999988643
0.003126000000008844
0.0022809999999964248
0.0019070000000027676
0.0026749999999964302
0.0020960000000087575
0.0020870000000030586
0.002258999999995126
0.002174999999994043
0.0018270000000057962
0.002278000000003999
0.0017370000000056507
0.0020719999999982974
0.0020349999999922375
0.0014989999999954762
0.00159600000000637
0.0016519999999928814
0.0015010000000046375
0.0018990000000087548
0.0015449999999930242
0.0013629999999977827
0.0016700000000042792
0.0016620000000102664
0.0014819999999957645
0.001359999999991146
0.0014440000000064401
0.0015390000000081727
0.001626999999999157
0.0016350000000073805
0.0015060000000062246
0.0018099999999918737
0.001605000000012069
0.001806999999999448
0.0014259999999950423
0.001626999999999157
0.0014010000000013179
0.0014350000000007412
0.0014270000000067284
0.00179800000000796
0.0018639999999976453
0.001771000000005074
0.0016910000000081027
0.0016099999999994452
0.001867000000004282
0.0017689999999959127
0.0013840000000016062
0.001379000000000019
0.001923000000005004
0.0021229999999974325
0.00221700000000169
0.00197799999999404
0.0020569999999935362
0.002701999999999316
0.002113000000008469
0.0027510000000035006
0.0021559999999993806
0.0026130000000108566
0.002184999999997217
0.0017889999999880501
0.00211699999999837
0.0017780000000016116
0.00217999999999563
0.0017789999999990869
0.0017770000000041364
0.0016559999999969932
0.001558000000002835
0.0017579999999952634
0.0015570000000053597
0.002065999999999235
0.0017990000000054351
0.001516999999992663
0.0015099999999961256
0.0015750000000025466
0.0014810000000125
0.0014430000000089649
0.0014630000000011023
0.0018479999999954089
0.0014409999999998035
0.0015560000000078844
0.001669000000006804
0.0017279999999999518
0.0013200000000068712
0.001499000000009687
0.001370000000008531
0.001725000000007526
0.0018020000000120717
0.001328000000000884
0.0014310000000108403
0.0013349999999974216
0.001470999999995115
0.0014699999999976399
0.0015499999999946112
0.0016059999999953334
0.001388000000005718
0.001535000000004061
0.0016620000000102664
0.0013690000000110558
0.001697000000007165
0.001414999999994393
0.0017809999999940374
0.002115999999986684
0.0019059999999910815
0.0017169999999993024
0.0016059999999953334
0.001573000000007596
0.0017619999999993752
0.0017270000000024766
0.00145700000000204
0.001709999999988554
0.0016530000000045675
0.0015329999999948996
0.0017969999999962738
0.0013469999999955462
0.0017190000000084638
0.0017470000000088248
0.0017169999999993024
0.0019950000000079626
0.0014569999999878291
0.0016679999999951178
0.0014170000000035543
0.0017989999999912243
0.001720000000005939
0.0013519999999971333
0.0018469999999979336
0.0017029999999920165
0.0014299999999991542
0.0015149999999977126
0.001424999999997567
0.0014740000000017517
0.0014970000000005257
0.0013289999999983593
0.0018369999999947595
0.0014409999999998035
0.0015089999999986503
0.0013750000000101181
0.0016609999999985803
0.0018460000000004584
0.0015659999999968477
0.0016660000000001673
0.0018019999999978609
0.001576999999997497
0.0016210000000000946
0.0014560000000045648
0.001442999999994754
0.00171100000000024
0.0014859999999998763
0.001522000000008461
0.0016159999999985075
0.0016150000000010323
0.0014960000000030504
0.0014890000000065129
0.0017590000000069494
0.0015090000000128612
0.0013450000000005957
0.0017859999999956244
0.0014539999999954034
0.0013690000000110558
0.0014170000000035543
0.0015760000000000218
0.0020150000000001
0.0013840000000016062
0.0016360000000048558
0.0015470000000021855
0.0015190000000018244
0.0014949999999913643
0.001373999999998432
0.0017330000000015389
0.0013469999999955462
0.001558000000002835
0.0015829999999965594
0.0013610000000028322
0.001545000000007235
0.0015490000000113469
0.0014010000000013179
0.0017030000000062273
0.0013749999999959073
0.00209299999998791
0.001566999999994323
0.0015829999999965594
0.0014529999999979282
0.0017350000000107002
0.0015549999999961983
0.001359999999991146
0.001437999999993167
0.0018819999999948323
0.0015339999999923748
0.0017420000000072378
0.0018610000000052196
0.001936000000000604
0.0014279999999899928
0.0016329999999982192
0.001524999999986676
0.0014319999999941047
0.002093999999999596
0.0017409999999955517
0.0016430000000013933
0.0015369999999990114
0.001319000000009396
0.0014820000000099753
0.0014610000000061518
0.0016810000000049286
0.001543999999995549
0.0015420000000005984
0.0018550000000061573
0.0015519999999895617
0.0013849999999990814
0.0015840000000082455
0.0012900000000115597
0.001452000000000453
0.0015110000000078116
0.0020769999999998845
0.0015510000000062973
0.0014400000000023283
0.0013390000000015334
0.0017549999999886268
0.0013479999999930214
0.0014929999999964139
0.0013299999999958345
0.001365000000006944
0.001363999999995258
0.00130500000000211
0.0016150000000010323
0.00157199999999591
0.0013170000000002346
0.0017440000000021882
0.001470999999995115
0.0015060000000062246
0.001506999999989489
0.0020349999999922375
0.0020219999999966376
0.002034000000008973
0.001379000000000019
0.0016019999999912216
0.001383000000004131
0.001434000000003266
0.0016150000000010323
0.0015049999999945385
0.0013569999999987203
0.0013780000000025439
0.0014599999999944657
0.0014619999999894162
0.001581000000001609
0.001589999999993097
0.0014650000000102636
0.0012919999999922993
0.001548999999997136
0.001573000000007596
0.0015599999999977854
0.0020400000000080354
0.0014740000000017517
0.0018070000000136588
0.0015059999999920137
0.0016079999999902839
0.0013909999999981437
0.0016110000000111313
0.0018230000000016844
0.0014070000000003802
0.0019070000000027676
0.0016719999999992297
0.001439000000004853
0.001322999999999297
0.0014859999999998763
0.0015149999999977126
0.0017370000000056507
0.0017869999999930997
0.002130000000008181
0.0018489999999928841
0.0015210000000109858
0.0015760000000000218
0.0017880000000047858
0.0013809999999949696
0.00160900000000197
0.0014310000000108403
0.001470999999995115
0.001336999999992372
0.001350999999999658
0.001502999999999588
0.0013760000000075934
0.0013959999999997308
0.001497999999998001
0.0014139999999969177
0.0014370000000099026
0.0014699999999976399
0.001672999999996705
0.0016660000000001673
0.0014079999999978554
0.0014180000000010295
0.0015429999999980737
0.0014230000000026166
0.0013310000000075206
0.0013980000000088921
0.0017509999999987258
0.0013859999999965567
0.0013640000000094687
0.0017920000000088976
0.0014070000000003802
0.0015290000000049986
0.0013810000000091804
0.0013980000000088921
0.0013380000000040582
0.0015739999999908605
0.001474999999999227
0.001462000000003627
0.001672999999996705
0.0013110000000011723
0.0013780000000025439
0.0019980000000003884
0.0019489999999962038
0.0012940000000014606
0.00141999999999598
0.0013679999999993697
0.001296000000010622
0.0017359999999939646
0.0024180000000058044
0.002195000000000391
0.0019199999999983675
0.002291999999997074
0.003254999999995789
0.0029109999999974434
0.0020019999999902893
0.0020300000000048612
0.002466999999995778
0.0024700000000024147
0.0019609999999943284
0.0018929999999954816
0.0021600000000034925
0.0021179999999958454
0.001635999999990645
0.0015530000000012478
0.0016810000000049286
0.0016360000000048558
0.0017679999999984375
0.0014540000000096143
0.0013990000000063674
0.0014469999999988659
0.0014230000000026166
0.001525999999998362
0.0018089999999943984
0.00164600000000803
0.00145700000000204
0.0014400000000023283
0.0015000000000071623
0.0014590000000112013
0.0015089999999986503
0.0013220000000018217
0.0014499999999912916
0.0014389999999906422
0.0016519999999928814
0.0016980000000046402
0.002000999999992814
0.001493999999993889
0.001665000000002692
0.0017370000000056507
0.0017369999999914398
0.0016670000000118534
0.0015840000000082455
0.0015459999999904994
0.001391999999995619
0.0013849999999990814
0.0014369999999956917
0.0014610000000061518
0.0013670000000018945
0.0016840000000115651
0.001997000000002913
0.0017330000000015389
0.002148000000005368
0.0019500000000078899
0.001903999999996131
