0.043533000000000044
0.04548400000000008
0.04177499999999945
0.03976899999999972
0.03959000000000046
0.027148000000000394
0.031154000000000792
0.042013000000000744
0.04024099999999997
0.0486039999999992
0.03732600000000019
0.04072099999999956
0.044961999999999946
0.03929699999999947
0.04335000000000022
0.04314199999999957
0.05300199999999933
0.040772000000000475
0.03988299999999967
0.040578
0.05670999999999893
0.042411999999998784
0.039509999999999934
0.04002499999999998
0.0459410000000009
0.04346600000000045
0.04255600000000115
0.05677400000000077
0.031328000000000245
0.04224899999999998
0.03944900000000118
0.0414860000000008
0.05465500000000034
0.04427800000000026
0.04111099999999901
0.046347000000000804
0.03325299999999842
0.03340799999999966
0.03345700000000029
0.03595399999999849
0.03403699999999965
0.035080000000000666
0.03464400000000012
0.03648399999999974
0.034094999999998876
0.035797999999999774
0.03347100000000047
0.034072999999999354
0.02290700000000001
0.029864999999999142
0.025673999999998642
0.02356099999999728
0.02305600000000041
0.03453000000000017
0.024317999999997397
0.04335299999999975
0.03967399999999799
0.04208099999999959
0.042920999999999765
0.042766000000000304
0.04429400000000072
0.04545099999999991
0.0410010000000014
0.04242100000000093
0.044223000000002344
0.0395070000000004
0.036968000000001666
0.0410010000000014
0.039501999999998816
0.023413999999998936
0.029838000000001585
0.04142299999999821
0.060162000000001825
0.02234900000000195
0.025067999999997426
0.04253299999999882
0.039318999999998994
0.042829000000001116
0.04202499999999887
0.05539800000000028
0.042135999999999285
0.026296000000002095
0.042322999999999666
0.04170299999999827
0.023164000000001295
0.05682999999999794
0.041458000000002215
0.040078999999998643
0.04029900000000097
0.042322999999999666
0.04126600000000025
0.042149999999999466
0.04065300000000249
0.030162000000000688
0.02508500000000069
0.041465000000002306
0.042151000000000494
0.07363699999999795
0.038991000000002884
0.025839999999998753
0.041707999999999856
0.04244100000000017
0.042863999999998015
0.04198999999999842
0.04296499999999881
0.04044799999999782
0.04371799999999837
0.040613000000000454
0.038969000000001586
0.04180799999999962
0.04058600000000112
0.04756799999999828
0.03801299999999941
0.043680999999999415
0.039768000000002246
0.043008999999997855
0.030173000000001338
0.04235399999999956
0.041315999999998354
0.04040200000000027
0.03947300000000098
0.04241299999999981
0.04016299999999973
0.04344599999999943
0.04314700000000116
0.04220199999999963
0.04169000000000267
0.040507000000001625
0.041184999999998695
0.03975600000000057
0.04021600000000092
0.04368699999999848
0.06230599999999953
0.04546600000000112
0.04048699999999883
0.03984700000000174
0.0418420000000026
0.0435370000000006
0.04293399999999892
0.0420259999999999
0.04689000000000121
0.04056399999999982
0.038550999999998226
0.047124000000000166
0.0568599999999968
0.04162399999999877
0.04358899999999721
0.043832999999999345
0.04028900000000135
0.0473239999999997
0.04128599999999949
0.041871000000000436
0.03940499999999858
0.04103499999999727
0.057624000000000564
0.04091500000000181
0.04270800000000108
0.042822000000001026
0.041691000000000145
0.04171699999999845
0.025939000000001045
0.03304499999999777
0.033207000000000875
0.04292700000000238
0.03879999999999839
0.040756999999999266
0.04120199999999841
0.041916999999997984
0.04296199999999928
0.043480000000002406
0.04320000000000235
0.04088300000000089
0.04106999999999772
0.030727999999999867
0.03851799999999983
0.04264399999999924
0.03937000000000168
0.039473999999998455
0.041244999999999976
0.040977000000001595
0.041896000000001266
0.04351199999999977
0.03969199999999873
0.0397590000000001
0.04249199999999931
0.04017099999999729
0.03992099999999965
0.041311999999997795
0.044185999999999837
0.04392499999999799
0.03592199999999934
0.03425800000000123
0.040396999999998684
0.03847199999999873
0.04432900000000117
0.04045199999999838
0.03954600000000141
0.03950499999999835
0.0470259999999989
0.041357999999998896
0.04471200000000053
0.038170000000000925
0.038761000000000934
0.025705999999999563
0.028546999999999656
0.026811999999999614
0.02929099999999707
0.026762000000001507
0.031351000000000795
0.03161300000000011
0.027115000000002
0.04271299999999911
0.03780699999999726
0.043680999999999415
0.04104600000000147
0.04283799999999971
0.03844399999999837
0.04228900000000024
0.050995000000000346
0.030069999999998487
0.03713000000000122
0.052264000000000976
0.039761000000002156
0.042455000000000354
0.038405999999998386
0.04733600000000138
0.04196899999999815
0.03943299999999894
0.04037399999999991
0.03996299999999664
0.03972299999999862
0.04986500000000049
0.04449600000000231
0.04162099999999924
0.045179999999998444
0.0331729999999979
0.02710999999999686
0.048947999999999325
0.0369029999999988
0.05768199999999979
0.04632399999999848
0.05487699999999762
0.03530499999999748
0.034501000000002335
0.03024600000000177
0.02977000000000274
0.04104999999999848
0.04082299999999961
0.041437000000001944
0.04286300000000054
0.03960700000000017
0.04256300000000124
0.04333700000000107
0.042462000000000444
0.04270500000000155
0.04133900000000068
0.04261899999999841
0.04104099999999988
0.03881099999999904
0.04599099999999723
0.03940699999999708
0.042729999999998824
0.03943399999999997
0.04441900000000132
0.04221899999999934
0.03979099999999747
0.0422229999999999
0.042555999999997596
0.039335999999998705
0.042284999999999684
0.04603699999999833
0.039991000000000554
0.04074799999999712
0.03481400000000079
0.0426150000000014
0.041935000000002276
0.04176299999999955
0.039104000000001804
0.03963500000000053
0.04092599999999891
0.039591000000001486
0.038844999999998464
0.039252000000001175
0.059460999999998876
0.03978800000000149
0.042124999999998636
0.04313499999999948
0.04153999999999769
0.03957099999999869
0.040275999999998646
0.03633699999999962
0.04135800000000245
0.039900999999996856
0.04270100000000099
0.034874999999999545
0.042563999999998714
0.039166999999999064
0.0425229999999992
0.041626999999998304
0.04099499999999878
0.03896300000000252
0.039255000000000706
0.04213200000000228
0.04318299999999908
0.05400500000000008
0.04690199999999933
0.037848000000000326
0.03927900000000051
0.0471180000000011
0.04299800000000076
0.04257700000000142
0.04446800000000195
0.05356000000000094
0.04277100000000189
0.02293900000000093
0.04010199999999742
0.041971999999994125
0.04049900000000406
0.039566000000000656
0.04177699999999618
0.03874799999999823
0.047026000000002455
0.03972500000000423
0.04118700000000075
0.041249000000000535
0.045974999999998545
0.041657999999998196
0.05094599999999616
0.04249500000000239
0.04239199999999954
0.04054199999999497
0.03940599999999961
0.0412680000000023
0.04146700000000436
0.039220000000000255
0.03988499999999817
0.05780200000000235
0.059727000000002306
0.039882000000005746
0.060006000000001336
0.04976499999999362
0.04069300000000453
0.03756800000000027
0.04279199999999861
0.031858999999997195
0.043849999999999056
0.03059199999999862
0.04360600000000403
0.029074000000001377
0.032051000000002716
0.02942600000000084
0.05397100000000421
0.041513999999999385
0.04148800000000108
0.0413820000000058
0.03964099999999604
0.05357200000000262
0.06385299999999461
0.039489000000003216
0.04342199999999963
0.04022700000000157
0.04440400000000011
0.03795799999999616
0.039882999999996116
0.03978900000000607
0.041474999999998374
0.04254200000000452
0.04037399999999991
0.03994799999999543
0.04119000000000028
0.041955999999998994
0.043361000000004424
0.041857000000000255
0.03969500000000181
0.041974000000003286
0.02344200000000285
0.022311999999999443
0.02435700000000196
0.04292500000000388
0.03358599999999967
0.033809999999995455
0.03338300000000061
0.04021699999999839
0.037967999999999336
0.0417720000000017
0.0402909999999963
0.04190200000000033
0.0434099999999944
0.03923499999999791
0.048016000000004055
0.03414700000000437
0.037164000000004194
0.026831999999998857
0.04534699999999958
0.03821900000000511
0.044435
0.033392999999996675
0.041501999999994155
0.039818000000003906
0.0426350000000042
0.042146999999999935
0.04265000000000185
0.03829499999999797
0.04770899999999756
0.0417279999999991
0.039374999999999716
0.0419560000000061
0.03511699999999962
0.04296200000000283
0.042112000000003036
0.04197300000000581
0.04562900000000525
0.04248299999999716
0.043527000000004534
0.040959000000000856
0.04188100000000361
0.039616000000002316
0.047811000000002934
0.04147199999999884
0.048978999999995665
0.024194999999998856
0.027234999999997456
0.029032000000000835
0.04458600000000246
0.04195099999999741
0.0433529999999962
0.04364699999999999
0.050384000000001095
0.041966999999999643
0.04197099999999665
0.036233000000002846
0.04542399999999702
0.03854399999999458
0.0461740000000006
0.03969200000000228
0.0405060000000006
0.07961600000000146
0.0407730000000015
0.04203300000000354
0.030348000000003594
0.0428100000000029
0.04796699999999987
0.039085000000000036
0.026921000000001527
0.037866000000001065
0.047709000000004664
0.04418900000000292
0.045807000000003484
0.045555000000000234
0.04001500000000391
0.039497999999994704
0.04270000000000351
0.03991000000000611
0.04928600000000216
0.03931399999999741
0.028289000000000897
0.04051499999999919
0.04306700000000063
0.040421999999999514
0.043234999999995694
0.03886800000000079
0.04135500000000292
0.038400000000002876
0.042425999999998965
0.04120400000000046
0.04393800000000425
0.0406809999999993
0.04793599999999998
0.04228100000000268
0.040285000000004345
0.04058400000000262
0.04279999999999973
0.0421660000000017
0.04676899999999762
0.03996500000000225
0.04308799999999735
0.039019000000003246
0.041032999999998765
0.03868099999999686
0.04968299999999459
0.0424989999999994
0.0445269999999951
0.04695699999999903
0.04423300000000552
0.05773600000000556
0.041371000000005154
0.042642000000000735
0.04187300000000249
0.04186700000000343
0.04455099999999845
0.06097400000000164
0.042284999999999684
0.07568700000000206
0.02919799999999384
0.05610399999999771
0.04318800000000067
0.04217299999999824
0.042225000000001955
0.04246900000000409
0.03917200000000065
