0.0010150000000024306
0.00098899999999702
0.0009939999999986071
0.0010100000000008436
0.000996000000000663
0.0010710000000031528
0.0010399999999961551
0.0010450000000048476
0.0010429999999956863
0.0009990000000001942
0.0015819999999990841
0.00098899999999702
0.000983999999995433
0.0010049999999992565
0.0009790000000009513
0.001024000000001024
0.0009820000000004825
0.0009950000000031878
0.001024000000001024
0.0009919999999965512
0.0009820000000004825
0.0010219999999989682
0.0010000000000047748
0.0010290000000026112
0.0009870000000020696
0.0009929999999940264
0.0010390000000057853
0.0009710000000069385
0.0009900000000016007
0.0010090000000033683
0.000990999999999076
0.0010140000000049554
0.0009930000000011319
0.0009840000000025384
0.0010319999999950369
0.0009829999999979577
0.0009859999999974889
0.0009820000000004825
0.0009769999999988954
0.0010520000000013852
0.001173000000001423
0.0010350000000016735
0.0010600000000025034
0.0010249999999984993
0.0010070000000013124
0.0010729999999981032
0.00102600000000308
0.0010379999999940992
0.0010320000000021423
0.0010300000000000864
0.001066999999999041
0.0010199999999969123
0.0012260000000026139
0.0010359999999991487
0.0010410000000007358
0.0010710000000031528
0.0010409999999936304
0.0010399999999961551
0.001034999999994568
0.001044000000000267
0.001044000000000267
0.0009820000000004825
0.0010100000000008436
0.0009769999999988954
0.000978000000003476
0.000998000000002719
0.0009809999999959018
0.0010270000000005552
0.0009870000000020696
0.0010179999999948564
0.0010110000000054242
0.0009979999999956135
0.0010070000000013124
0.0010180000000019618
0.001054000000003441
0.001074000000002684
0.0010320000000021423
0.000996000000000663
0.0010149999999953252
0.0009829999999979577
0.000998000000002719
0.001046999999999798
0.0010100000000008436
0.000990999999999076
0.0010019999999997253
0.0009899999999944953
0.0010339999999970928
0.00098899999999702
0.0009829999999979577
0.0010130000000003747
0.0009920000000036566
0.001018999999999437
0.000983999999995433
0.0010110000000054242
0.0009939999999986071
0.0010219999999989682
0.0009969999999981383
0.0009930000000011319
0.0010019999999997253
0.00100100000000225
0.0009900000000016007
0.0010329999999996176
0.0009829999999979577
0.0009799999999984266
0.0010059999999967317
0.0009720000000044138
0.001041999999998211
0.0009969999999981383
0.0010340000000041982
0.0011930000000006658
0.0010410000000007358
0.0009939999999986071
0.0009990000000001942
0.0009840000000025384
0.0010109999999983188
0.000978000000003476
0.0009930000000011319
0.0010230000000035488
0.00098899999999702
0.000996000000000663
0.0010000000000047748
0.0009949999999960824
0.0010499999999993292
0.0010249999999984993
0.0010380000000012046
0.0010860000000008085
0.001036999999996624
0.0010569999999958668
0.001036999999996624
0.000980000000005532
0.0010049999999992565
0.0010089999999962629
0.001005000000006362
0.0010079999999987876
0.0009939999999986071
0.0009790000000009513
0.0010379999999940992
0.0009879999999995448
0.000990999999999076
0.0009870000000020696
0.0009869999999949641
0.0010359999999991487
0.0010279999999980305
0.0010410000000007358
0.0010499999999993292
0.0010230000000035488
0.0009990000000001942
0.0010300000000000864
0.0010570000000029722
0.0010399999999961551
0.0010380000000012046
0.0010709999999960473
0.0010339999999970928
0.0010559999999983916
0.0010359999999991487
0.0010329999999996176
0.0010650000000040905
0.0010459999999952174
0.0010589999999979227
0.0010400000000032605
0.0010449999999977422
0.001056000000005497
0.0010230000000035488
0.0010049999999992565
0.0010059999999967317
0.000998000000002719
0.0010300000000000864
0.0009900000000016007
0.0010090000000033683
0.0010270000000005552
0.0009799999999984266
0.00100100000000225
0.0009809999999959018
0.0010070000000013124
0.001024000000001024
0.001034999999994568
0.001003000000004306
0.001018999999999437
0.0009900000000016007
0.0010070000000013124
0.0010079999999987876
0.0009890000000041255
0.0009930000000011319
0.0010109999999983188
0.0009979999999956135
0.0009919999999965512
0.0010070000000013124
0.001018999999999437
0.0010499999999993292
0.0009879999999995448
0.0009979999999956135
0.0010249999999984993
0.0010019999999997253
0.0010320000000021423
0.0010589999999979227
0.0010639999999995098
0.0009939999999986071
0.0010450000000048476
0.000990999999999076
0.0010130000000003747
0.0009880000000066502
0.0009970000000052437
0.0009949999999960824
0.0009929999999940264
0.0009990000000001942
0.0009799999999984266
0.0009900000000016007
0.0010090000000033683
0.00098899999999702
0.000990999999999076
0.0010630000000020345
0.0010479999999972733
0.0010630000000020345
0.0010329999999996176
0.0010049999999992565
0.0009840000000025384
0.001024000000001024
0.0009919999999965512
0.0010309999999975616
0.0010339999999970928
0.0010250000000056048
0.001072000000000628
0.0010370000000037294
0.0010320000000021423
0.0010329999999996176
0.0010319999999950369
0.0010860000000008085
0.0010380000000012046
0.0010309999999975616
0.0010499999999993292
0.0009990000000001942
0.0009829999999979577
0.000990999999999076
0.0009820000000004825
0.0010159999999999059
0.0009829999999979577
0.0010019999999997253
0.0010269999999934498
0.0010150000000024306
0.0009859999999974889
0.0010019999999997253
0.0010120000000028995
0.001044000000000267
0.0009919999999965512
0.00100100000000225
0.001041999999998211
0.0010389999999986799
0.0019220000000004234
0.0017229999999983647
0.0017319999999969582
0.0017600000000044247
0.001728999999997427
0.0015830000000036648
0.0016590000000036298
0.0016309999999961633
0.001622999999995045
0.0016180000000005634
0.0014869999999973516
0.0015710000000055402
0.0014839999999978204
0.001566999999994323
0.001556000000000779
0.0014859999999998763
0.0014990000000025816
0.001447999999996341
0.0014010000000013179
0.0014380000000002724
0.0014010000000013179
0.001454999999999984
0.0013220000000018217
0.0013730000000009568
0.0013250000000013529
0.001379000000000019
0.0013130000000032283
0.0013599999999982515
0.0012639999999990437
0.001274999999999693
0.001287999999995293
0.0013450000000005957
0.001310999999994067
0.0013519999999971333
0.001307000000004166
0.0012600000000020373
0.0012729999999976371
0.0012589999999974566
0.0012620000000040932
0.0011930000000006658
0.0012499999999988631
0.0011930000000006658
0.0012249999999980332
0.0011970000000047776
0.0012320000000016762
0.0011849999999995475
0.0011779999999959045
0.001188999999996554
0.0011799999999979605
0.0011970000000047776
0.0011829999999974916
0.0011849999999995475
0.0011329999999958318
0.001148000000000593
0.0011039999999979955
0.0010670000000061464
0.0011330000000029372
0.0010890000000003397
0.0011840000000020723
0.001125000000001819
0.0011330000000029372
0.0010830000000012774
0.0011030000000005202
0.0011149999999986449
0.0010880000000028645
0.0011050000000025761
0.001077000000002215
0.0010820000000038021
0.0018220000000042091
0.0017560000000003129
0.001758999999999844
0.0017270000000024766
0.0017319999999969582
0.0017709999999979686
0.0015849999999986153
0.0016369999999952256
0.001624999999997101
0.0015909999999976776
0.0016360000000048558
0.0015000000000000568
0.0015660000000039531
0.0015339999999994802
0.0015720000000030154
0.001538000000003592
0.0014600000000015712
0.0012390000000053192
0.0010109999999983188
0.000998000000002719
0.0010270000000005552
0.0009699999999952524
0.0009850000000000136
0.0010169999999973811
0.0009859999999974889
0.000998000000002719
0.000978000000003476
0.0010070000000013124
0.0010130000000003747
0.0010019999999997253
0.0010029999999972006
0.0010130000000003747
0.0009990000000001942
0.0010350000000016735
0.0010259999999959746
0.0009820000000004825
0.000990999999999076
0.00098899999999702
0.0009899999999944953
0.0009979999999956135
0.0009930000000011319
0.000978000000003476
0.0010390000000057853
0.0009859999999974889
0.0010339999999970928
0.0010570000000029722
0.001024000000001024
0.0010339999999970928
0.0009790000000009513
0.0009770000000060008
0.0010269999999934498
0.001018999999999437
0.0015760000000000218
0.0016469999999983997
0.0015690000000034843
0.0014669999999981087
0.0012779999999992242
0.0013590000000007763
0.0013140000000007035
0.0013329999999953657
0.0013019999999954734
0.001379000000000019
0.001379000000000019
0.001269999999998106
0.0012450000000043815
0.001264999999996519
0.0012400000000027944
0.0012619999999969878
0.001781999999998618
0.0016460000000009245
0.0016309999999961633
0.0015879999999981464
0.0016469999999983997
0.0015950000000017894
0.0015749999999954412
0.001543999999995549
0.001515000000004818
0.0016540000000020427
0.0014869999999973516
0.0014469999999988659
0.0013940000000047803
0.0014450000000039154
0.0014960000000030504
0.0014730000000042764
0.0015070000000036998
0.0013870000000011373
0.0013099999999965917
0.0013189999999951851
0.001239999999995689
0.0012720000000001619
0.0012579999999999814
0.001300000000000523
0.0012570000000025061
0.0012910000000019295
0.0012090000000029022
0.0012509999999963384
0.0012129999999999086
0.0012560000000050309
0.0012139999999973838
0.0012439999999998008
0.0011930000000006658
0.0011829999999974916
0.0011369999999999436
0.001081000000006327
0.0010239999999939187
0.0010450000000048476
0.00102600000000308
0.001072000000000628
0.0010300000000000864
0.001036999999996624
0.0010130000000003747
0.0009979999999956135
0.0010049999999992565
0.0009820000000004825
0.0009790000000009513
0.0010320000000021423
0.0010509999999968045
0.001031000000004667
0.0010480000000043788
0.0009969999999981383
0.0010029999999972006
0.0010040000000017812
0.000996000000000663
0.00100100000000225
0.00101399999999785
0.0009869999999949641
0.0010350000000016735
0.0010019999999997253
0.0009739999999993643
0.0010290000000026112
0.0010049999999992565
0.001069999999998572
0.0010390000000057853
0.0010430000000027917
0.0010529999999988604
0.0010370000000037294
0.0010049999999992565
0.001044000000000267
0.000990999999999076
0.0009920000000036566
0.0010140000000049554
0.0009840000000025384
0.000990999999999076
0.0010169999999973811
0.000998000000002719
0.0009940000000057125
0.0009930000000011319
0.000983999999995433
0.0010150000000024306
0.0010040000000017812
0.0010420000000053165
0.0010449999999977422
0.0010609999999999786
0.0010009999999951447
0.0009990000000001942
0.0010430000000027917
0.0010629999999949291
0.0010679999999965162
0.0010640000000066152
0.0010459999999952174
0.0010370000000037294
0.0010979999999989332
0.0010430000000027917
0.0010769999999951096
0.0010479999999972733
0.0010329999999996176
0.001094999999999402
0.0011879999999990787
0.001044000000000267
0.0010430000000027917
0.0010219999999989682
0.00098899999999702
0.0010079999999987876
0.0009910000000061814
0.0010149999999953252
0.0009840000000025384
0.0009950000000031878
0.0010220000000060736
0.0009999999999976694
0.0009950000000031878
0.0009820000000004825
0.0010279999999980305
0.0010759999999976344
0.001044000000000267
0.0010410000000007358
