0.003961000000003878
0.0032179999999968345
0.003219000000001415
0.003025999999998419
0.003026999999995894
0.0030280000000004748
0.0029089999999953875
0.0028370000000066398
0.002892999999993151
0.0029189999999985616
0.00286400000000242
0.003613999999998896
0.002630000000003463
0.002595999999996934
0.0026349999999979445
0.0026490000000052305
0.002689000000003716
0.002658999999994194
0.002666999999995312
0.0024549999999976535
0.0025359999999992056
0.0025309999999976185
0.0024979999999956704
0.0024099999999975807
0.002466999999995778
0.002366999999999564
0.002357000000003495
0.002329000000003134
0.002323000000004072
0.00225699999999307
0.0022669999999962442
0.0023660000000020887
0.0022979999999961365
0.0022439999999974702
0.002240000000000464
0.002283999999995956
0.002232999999996821
0.0021380000000021937
0.0021469999999936817
0.00220499999999646
0.0021880000000038535
0.0021079999999997767
0.0021580000000014365
0.0021529999999998495
0.0020389999999963493
0.002062999999999704
0.0020489999999995234
0.0020109999999959882
0.001992000000001326
0.0019100000000022987
0.0019300000000015416
0.0019169999999988363
0.0019399999999976103
0.00197799999999404
0.0018519999999995207
0.0018819999999948323
0.001910999999999774
0.001847000000005039
0.0018659999999997012
0.0018309999999956972
0.0018740000000008195
0.0018910000000005311
0.0018409999999988713
0.0018770000000003506
0.0018899999999959505
0.0018850000000014688
0.0018540000000015766
0.0018719999999987635
0.0018510000000020455
0.0018570000000011078
0.002062999999999704
0.0019050000000007117
0.0018969999999995935
0.0018889999999984752
0.0018540000000015766
0.0019800000000032014
0.0019260000000045352
0.002017999999999631
0.001997000000002913
0.001959999999996853
0.0019020000000011805
0.0018379999999993402
0.001852999999996996
0.001870000000003813
0.0018350000000069144
0.0018740000000008195
0.0018889999999984752
0.001972000000002083
0.0018969999999995935
0.0018750000000054001
0.0018460000000004584
0.0018710000000012883
0.0018249999999966349
0.0018620000000026948
0.0021149999999963143
0.0019150000000038858
0.0018699999999967076
0.0018850000000014688
0.001860000000000639
0.0018640000000047507
0.0018889999999984752
0.001837000000001865
0.002141000000001725
0.0019279999999994857
0.0018999999999991246
0.0018460000000004584
0.0018710000000012883
0.0019490000000033092
0.0018659999999997012
0.0019249999999999545
0.0019459999999966726
0.001936000000000604
0.0019020000000011805
0.0019080000000002428
0.0019580000000019027
0.0019570000000044274
0.002116000000000895
0.0019199999999983675
0.001933999999998548
0.001967000000000496
0.001908999999997718
0.001860000000000639
0.0018639999999976453
0.0018619999999955894
0.0018819999999948323
0.0018889999999984752
0.001931999999996492
0.0019419999999996662
0.0018969999999995935
0.0018570000000011078
0.0018439999999984025
0.001857999999998583
0.0018620000000026948
0.0018749999999982947
0.0019489999999962038
0.0019240000000024793
0.0018689999999992324
0.0018990000000016494
0.0018449999999958777
0.0019099999999951933
0.0019530000000003156
0.0018330000000048585
0.0020390000000034547
0.0019479999999987285
0.0019580000000019027
0.0019300000000015416
0.0019399999999976103
0.00198999999999927
0.0019279999999994857
0.001956999999997322
0.001967000000000496
0.001946000000003778
0.003317000000002679
0.003304999999997449
0.0032989999999983866
0.00306600000000401
0.003064000000001954
0.0030479999999997176
0.0029439999999993915
0.002898999999999319
0.002899000000006424
0.0028220000000018786
0.0028089999999991733
0.002805000000002167
0.0027400000000028513
0.002689000000003716
0.0027949999999989927
0.002659000000001299
0.002721999999998559
0.0026450000000011187
0.0025079999999988445
0.002542999999995743
0.002509999999993795
0.002503000000004363
0.002448999999998591
0.00247099999999989
0.0023809999999997444
0.0024900000000016576
0.0024829999999980146
0.002321999999999491
0.0023430000000033147
0.0023610000000005016
0.0023660000000020887
0.002189999999998804
0.0021789999999981546
0.0021400000000042496
0.0021529999999998495
0.002048000000002048
0.002047000000004573
0.0020560000000031664
0.002105999999997721
0.0020689999999987663
0.0030270000000029995
0.002947999999996398
0.0028529999999946654
0.002834000000000003
0.002834000000000003
0.0028019999999955303
0.00293900000000491
0.002845999999998128
0.002879000000000076
0.0028429999999985966
0.002853999999999246
0.002798999999995999
0.0028440000000031773
0.0028420000000011214
0.002977999999998815
0.002957000000002097
0.0028450000000006526
0.0019229999999978986
0.001954999999995266
0.0019139999999993051
0.0019479999999987285
0.001984000000000208
0.0019210000000029481
0.001961999999998909
0.0019069999999956622
0.001860000000000639
0.0018940000000000623
0.0018489999999999895
0.0018680000000017571
0.0018799999999998818
0.001953999999997791
0.001964000000000965
0.0018770000000003506
0.0018680000000017571
0.0018740000000008195
0.0018549999999990519
0.0018689999999992324
0.0018540000000015766
0.0018519999999995207
0.0018969999999995935
0.0018820000000019377
0.001893000000002587
0.0018810000000044624
0.0018590000000031637
0.001885999999998944
0.001829999999998222
0.0019550000000023715
0.0019689999999954466
0.001885999999998944
0.0018889999999984752
0.0018749999999982947
0.0019340000000056534
0.0020020000000045
0.0020669999999967104
0.0019440000000017221
0.0033709999999942397
0.003498000000000445
0.0032909999999972683
0.003319000000004735
0.003107999999997446
0.003119000000005201
0.0030909999999977344
0.0030770000000046593
0.0030000000000001137
0.0026920000000032474
0.002503000000004363
0.0024699999999953093
0.002539999999996212
0.0025120000000029563
0.002392999999997869
0.0024090000000001055
0.0024279999999947677
0.0021719999999945117
0.002169999999999561
0.0021729999999990923
0.0021549999999948
0.002095000000004177
0.002044000000005042
0.002131999999996026
0.0021219999999999573
0.001961000000001434
0.0019100000000022987
0.0019330000000010727
0.001933999999998548
0.0019369999999980791
0.0019540000000048963
0.0019679999999979714
0.001951999999995735
0.0019119999999972492
0.001893000000002587
0.0018580000000056884
0.0019209999999958427
0.0018530000000041014
0.0018610000000052196
0.0021020000000007144
0.0019459999999966726
0.0019169999999988363
0.001880999999997357
0.0018799999999998818
0.001893000000002587
0.0019120000000043547
0.0019559999999998468
0.001964000000000965
0.0019430000000042469
0.0019650000000055456
0.0019659999999959155
0.0019530000000003156
0.001890000000003056
0.0018850000000014688
0.0018680000000017571
0.0019810000000006767
0.001966000000003021
0.0018910000000005311
0.001882999999999413
0.001855999999996527
0.0018769999999932452
0.0020080000000035625
0.0019419999999996662
0.0019700000000000273
0.002679000000000542
0.003383999999996945
0.0032810000000011996
0.003239000000000658
0.003010000000003288
0.0029990000000026384
0.0030050000000017008
0.0029899999999969396
0.00296400000000574
0.0026729999999943743
0.002671999999996899
0.002752000000000976
0.0027849999999958186
0.0027210000000010837
0.0027940000000015175
0.0026379999999974757
0.0026599999999987745
0.002529000000002668
0.0024799999999984834
0.0023809999999997444
0.0023600000000030263
0.002375000000000682
0.0023059999999972547
0.0023689999999945144
0.002316999999997904
0.0022739999999998872
0.0022720000000049367
0.00228100000000353
0.002146000000003312
0.0021489999999957377
0.0021489999999957377
0.0022570000000001755
0.002147000000000787
0.0020549999999985857
0.0019449999999991974
0.00196499999999844
0.0019169999999988363
0.001936000000000604
0.001958999999999378
0.0019239999999953739
0.0019509999999982597
0.0018870000000035247
0.0019419999999996662
0.001954999999995266
0.0020790000000019404
0.0019739999999970337
0.0019759999999990896
0.001968000000005077
0.001933999999998548
0.001882999999999413
0.0019290000000040664
0.0018710000000012883
0.0018839999999968882
0.001918000000003417
0.0018730000000033442
0.0019729999999995584
0.001936000000000604
0.0021800000000027353
0.0021729999999990923
0.00215400000000443
0.0021910000000033847
0.0022120000000001028
0.0022130000000046834
0.0021459999999962065
0.0021539999999973247
0.0020669999999967104
0.0020410000000055106
0.0020499999999969987
0.0020290000000002806
0.0019789999999986208
0.001972000000002083
0.0020439999999979364
0.0020489999999995234
0.0020020000000045
0.0021309999999985507
0.0020469999999974675
0.0020660000000063405
0.002017000000002156
0.0020570000000006416
0.002047000000004573
0.001961999999998909
0.0019080000000002428
0.0018539999999944712
0.0018620000000026948
0.0018719999999987635
0.0018749999999982947
0.001890000000003056
0.00187599999999577
0.0018940000000000623
0.0019069999999956622
0.001870000000003813
0.0018620000000026948
0.0019119999999972492
0.0018639999999976453
0.00185099999999494
0.0019930000000059067
0.002110999999999308
0.0018839999999968882
0.0018969999999995935
0.00186300000000017
0.0019209999999958427
0.0018980000000041741
0.0018869999999964193
0.00197799999999404
0.001984000000000208
0.0018839999999968882
0.0018840000000039936
0.0018990000000016494
0.001964000000000965
0.002007999999996457
0.0019449999999991974
0.001974999999994509
0.0019559999999998468
0.0018910000000005311
0.0018820000000019377
0.0018439999999984025
0.0019050000000007117
0.0018620000000026948
0.0018710000000012883
0.002060000000000173
0.001939000000000135
0.0019199999999983675
0.0018609999999981142
0.001870000000003813
0.0018710000000012883
0.0018749999999982947
0.00191300000000183
0.001918000000003417
0.0019429999999971415
0.0018999999999991246
0.0018820000000019377
0.0018359999999972842
0.001878999999995301
0.001840000000001396
0.0018799999999998818
0.0019729999999995584
0.0019169999999988363
0.0019320000000035975
0.0018450000000029831
0.0018850000000014688
0.0018850000000014688
0.0019479999999987285
0.001984999999997683
0.0019229999999978986
0.001967000000000496
0.0019020000000011805
0.0018719999999987635
0.0019050000000007117
0.0018779999999978259
0.0019040000000032364
0.0020039999999994507
0.001958999999999378
0.0019860000000022637
0.0018799999999998818
0.0019080000000002428
0.001873999999993714
0.001842000000003452
0.0018839999999968882
0.0018740000000008195
0.0019220000000004234
0.0018729999999962388
0.0018949999999975375
0.0018730000000033442
0.001865000000002226
0.0018820000000019377
0.0018620000000026948
0.0018449999999958777
0.0020649999999946544
0.0019439999999946167
0.0019080000000002428
0.0018620000000026948
0.0018810000000044624
0.0019240000000024793
0.0018750000000054001
0.0020820000000014716
0.0019509999999982597
0.001951999999995735
0.0018899999999959505
0.001865000000002226
0.0019099999999951933
0.001941000000002191
0.001961000000001434
0.0019889999999946895
0.001923000000005004
0.001967000000000496
0.0019009999999965999
0.0018949999999975375
0.0018889999999984752
0.0018790000000024065
