0.026941999999998245
0.040981000000002155
0.02539199999999653
0.04307700000000381
0.03222999999999843
0.02884000000000242
0.028999999999996362
0.02835100000000068
0.025514999999998622
0.02558400000000205
0.025973999999997943
0.0252049999999997
0.041350999999998805
0.028773000000001048
0.025120999999998617
0.02539700000000522
0.025105000000003486
0.041966999999999643
0.03844399999999837
0.035873000000002264
0.030337999999993315
0.03945399999999921
0.029100999999997157
0.02580000000000382
0.02556200000000075
0.025182000000000926
0.02507500000000107
0.02521700000000493
0.04044300000000334
0.03132199999999585
0.02719000000000449
0.026714999999995825
0.04177399999999665
0.03219400000000405
0.038204999999997824
0.03468900000000019
0.04018899999999803
0.03431499999999943
0.028704000000004726
0.025345000000001505
0.026078999999995744
0.02593000000000245
0.02532899999999927
0.041872999999995386
0.03395499999999885
0.03212400000000315
0.029961000000000126
0.03989800000000088
0.03357199999999949
0.03753799999999785
0.03133100000000155
0.03490699999999691
0.02873199999999798
0.02520999999999418
0.04343699999999728
0.03555400000000475
0.031475000000000364
0.041252000000000066
0.03318500000000313
0.033186000000000604
0.05205000000000126
0.0388850000000005
0.03171300000000343
0.0289939999999973
0.025979999999997005
0.025320000000000675
0.02512699999999768
0.02648800000000051
0.041080000000000894
0.042009000000000185
0.03362200000000115
0.028729999999995925
0.025933000000001982
0.025328000000001794
0.02504199999999912
0.025157000000000096
0.025159000000002152
0.025476000000004717
0.025157000000000096
0.02516599999999869
0.02505100000000482
0.02533499999999833
0.025020000000004927
0.025112000000000023
0.02504199999999912
0.025339999999999918
0.02571400000000068
0.025083999999999662
0.025019000000000347
0.025145999999999447
0.025719000000002268
0.025699000000003025
0.025058999999998832
0.025148999999998978
0.025584999999999525
0.040426000000003626
0.03146100000000018
0.027676999999997065
0.04129199999999855
0.03532700000000233
0.03912899999999553
0.031753999999999394
0.036725999999994485
0.03177800000000275
0.04330099999999959
0.03532699999999522
0.03046199999999999
0.026565999999995427
0.02576100000000281
0.025261000000000422
0.029911999999995942
0.026700999999995645
0.02504199999999912
0.025086999999999193
0.0250559999999993
0.025162999999999158
0.02519699999999858
0.025770000000001403
0.03695399999999438
0.03191799999999745
0.024582000000002324
0.023285999999998808
0.022311999999999443
0.0226600000000019
0.022455999999998255
0.022513000000003558
0.02261800000000136
0.023148999999996533
0.022450000000006298
0.045014000000001886
0.03200000000000358
0.02573300000000245
0.023521000000002346
0.022548999999997932
0.02292800000000028
0.023272999999996102
0.022321999999995512
0.02232500000000215
0.02293700000000598
0.023065000000002556
0.02247899999999703
0.041073000000004356
0.04666499999999729
0.03506399999999843
0.030230000000003088
0.028679000000003896
0.04762599999999395
0.03834300000000468
0.032095000000005314
0.028911999999998272
0.026910000000000878
0.03884299999999996
0.03187700000000149
0.027889999999999304
0.03610900000000328
0.030228999999998507
0.0396469999999951
0.030647000000001867
0.026451000000001557
0.025413999999997827
0.038999000000004
0.03184199999999748
0.03896199999999794
0.031984000000001345
0.02732199999999807
0.026050000000005014
0.02527700000000266
0.025168000000000745
0.0250909999999962
0.025745999999998048
0.026080000000000325
0.025261999999997897
0.025027000000001465
0.025148999999998978
0.03942199999999474
0.03933999999999571
0.039864000000001454
0.029328999999997052
0.02518999999999494
0.03338500000000266
0.02552199999999516
0.02520200000000017
0.02508799999999667
0.025643999999999778
0.025236999999997067
0.025136000000003378
0.025065000000005
0.02513299999999674
0.025596000000000174
0.025252999999999304
0.0250559999999993
0.02517699999999934
0.025187000000002513
0.02515199999999851
0.026112999999995168
0.025266999999999484
0.02707700000000557
0.027360000000001605
0.025147999999994397
0.047875999999995145
0.03275000000000006
0.02713399999999666
0.042780000000000484
0.027532000000000778
0.026304000000003214
0.02597899999999953
0.025470999999996025
0.026023999999999603
0.02601399999999643
0.02720599999999962
0.033555999999997255
0.027917999999999665
0.04146899999999931
0.029060000000001196
0.025078999999998075
0.025112000000000023
0.042919999999995184
0.03443399999999741
0.028916000000002384
0.05254099999999795
0.031835000000000946
0.0442949999999982
0.04148100000000454
0.035404999999997244
0.030157000000002654
0.026389999999999247
0.04236700000000582
0.034837000000003115
0.03143900000000599
0.02767899999999912
0.026220999999999606
0.038052999999997894
0.04271500000000117
0.039093000000001155
0.03196799999999911
0.029376999999996656
0.025492999999997323
0.025102000000003954
0.07319600000000293
0.03835200000000327
0.04002100000000297
0.03235600000000005
0.03094899999999967
0.027618000000003917
0.03338300000000061
0.025939000000001045
0.04302500000000009
0.03490600000000654
0.04276400000000535
0.037994000000004746
0.0315960000000004
0.02810399999999902
0.039622999999998854
0.03841400000000306
0.030863000000003638
0.030097999999995295
0.026570999999997014
0.02544499999999772
0.02552000000000021
0.0394149999999982
0.030655999999993355
0.030102999999996882
0.026335999999993476
0.025317000000001144
0.025088000000003774
0.025845000000003893
0.026567000000000007
0.025224999999998943
0.025625999999995486
0.026288999999998452
0.03026400000000251
0.025314999999999088
0.025105999999993855
0.02519699999999858
0.025177999999996814
0.025147000000004027
0.02511700000000161
0.04046699999999959
0.03360299999999938
0.04049200000000042
0.031193999999999278
0.028067000000000064
0.026176999999997008
0.02588000000000079
0.026344999999999175
0.0251920000000041
0.043376999999999555
0.04096299999999786
0.033794000000000324
0.029278999999995392
0.027330999999996664
0.0251829999999984
0.025375000000003922
0.04205800000000437
0.03503299999999854
0.03951699999999647
0.04030800000000312
0.04431900000000155
0.03336800000000295
0.02903400000000289
0.02665400000000062
0.02549699999999433
0.0288540000000026
0.02545700000000295
0.0385390000000001
0.04242300000000654
0.03366400000000169
0.04031599999999713
0.040719000000002836
0.031833000000005995
0.0404399999999967
0.03236100000000164
0.028563999999995815
0.02559800000000223
0.025117999999999086
0.025832000000001187
0.04101500000000158
0.033515000000001294
0.03174600000000538
0.027476000000000056
0.02570800000000162
0.02521600000000035
0.02503899999999959
0.025323000000000206
0.025424000000001
0.02540899999999624
0.025456999999995844
0.025339000000002443
0.0254809999999992
0.02516899999999822
0.024981000000003917
0.040134999999999366
0.0416619999999952
0.03324500000000086
0.026530000000001053
0.02596799999999888
0.025187999999999988
0.02554999999999552
0.025041000000001645
0.0251829999999984
0.025047000000000708
0.025762000000000285
0.02586300000000108
0.025590000000001112
0.02580000000000382
0.04159299999999888
0.033884999999997945
0.028874000000001843
0.04232699999999312
0.03921400000000119
0.032102999999999327
0.028027999999999054
0.02894799999999975
0.04113800000000367
0.03415999999999997
0.02908299999999997
0.025334000000000856
0.025091000000003305
0.04197899999999777
0.03282199999999591
0.040918000000004895
0.041410999999996534
0.03333299999999895
0.028253999999996893
0.026761999999997954
0.04227199999999698
0.03390500000000429
0.0412549999999996
0.042062000000001376
0.034428999999995824
0.04145300000000418
0.03191699999999997
0.02850300000000061
0.025860999999999024
0.025060000000003413
0.025144000000004496
0.025934999999996933
0.03964099999999604
0.027295999999999765
0.025379999999998404
0.025312999999997032
0.02567000000000519
0.02524400000000071
0.025373000000001866
0.025503000000000497
0.04102900000000176
0.03280000000000172
0.029668000000000916
0.02652400000000199
0.04226200000000091
0.0344649999999973
0.028196999999998695
0.026834000000000913
0.026054999999999495
0.041325999999997975
0.053449999999998
0.03576800000000446
0.04205300000000278
0.03253700000000492
0.02814300000000003
0.02788900000000183
0.029100999999997157
0.04016700000000384
0.031440000000003465
0.025664999999996496
0.025131999999999266
0.04041800000000251
0.030712000000001183
0.027057999999996696
0.03937700000000177
0.04120799999999747
0.04191600000000051
0.029535000000002753
0.03728100000000012
0.03933500000000123
0.027312999999999477
0.03356399999999837
0.04085699999999548
0.05381500000000017
0.03762200000000604
0.030861999999999057
0.02636100000000141
0.025647999999996784
0.02586300000000108
0.030859999999997
0.04080199999999934
0.03327100000000627
0.040384000000003084
0.03975799999999907
0.03987700000000416
0.04224699999999615
0.040478000000000236
0.0324939999999998
0.042795000000005246
0.040083000000002755
0.03109900000000465
0.025752000000004216
0.02799500000000421
0.029111999999997806
0.02655099999999777
0.03988499999999817
0.03192099999999698
0.027810999999999808
0.039611999999998204
0.03147000000000588
0.027067000000002395
0.0252049999999997
0.025725999999998805
0.040332999999996844
0.03952999999999918
0.030835000000003276
0.033115000000002226
0.03790000000000049
0.04375399999999985
0.04219300000000459
0.0383679999999984
0.029423999999998784
0.027767999999994686
0.03640299999999996
0.029077999999998383
0.02662799999999521
0.025108000000003017
0.027836000000000638
0.025190000000002044
0.03287999999999869
0.041693999999999676
0.03082899999999711
0.03483900000000517
0.028878999999996324
0.04059500000000327
0.032403999999999655
0.04184800000000166
0.04440699999999964
0.035418000000007055
0.03713700000000131
0.030259000000000924
0.02571100000000115
0.03826500000000266
0.03170300000000026
0.040691000000002475
0.03614699999999971
0.02835100000000068
0.025241999999998654
0.04028300000000229
0.032909999999994
0.027788000000001034
0.041767999999997585
0.05861399999999861
0.05253499999999889
0.03703399999999846
0.03255500000000211
0.02723699999999951
0.028230000000000643
0.023521000000002346
0.025173999999999808
0.028161000000011427
0.039561000000006175
0.031620000000003756
0.026648000000008665
0.03918200000001093
