0.010438000000000613
0.009926000000000101
0.008665000000000589
0.008493000000000528
0.007791000000000103
0.007875000000000298
0.007039999999999935
0.0067589999999997374
0.006746000000000585
0.006751999999999647
0.007050000000000445
0.00726699999999969
0.011491000000000362
0.011059000000000374
0.009634000000000142
0.009362999999999566
0.008301999999999587
0.007960999999999885
0.01806199999999958
0.019731000000000165
0.011587000000000458
0.01068099999999994
0.011318000000000161
0.010673000000000599
0.009878999999999749
0.009403999999999968
0.00915300000000041
0.008872999999999465
0.011794000000000082
0.011148999999999631
0.011083000000000176
0.010261999999999993
0.009382000000000446
0.009070999999999607
0.009788000000000352
0.009470999999999563
0.008754999999999846
0.008601999999999776
0.012330000000000396
0.01082099999999997
0.009926000000000101
0.009773000000000032
0.009661999999999615
0.009291999999999412
0.011493999999999893
0.011038000000000103
0.01112099999999927
0.010615999999999737
0.01160199999999989
0.011819000000000024
0.010792999999999608
0.009825999999999446
0.009364000000000594
0.009007999999999683
0.009056000000000175
0.008525999999999812
0.008685999999999972
0.008440000000000225
0.009481000000000073
0.008722000000000563
0.008362000000000869
0.008156999999999748
0.007661999999999836
0.007470000000000532
0.007054000000000116
0.007162000000000113
0.006762000000000157
0.006601999999999997
0.006461999999999968
0.006770000000000387
0.006790000000000518
0.006749000000000116
0.006415999999999755
0.006763999999999548
0.006522000000000361
0.00649199999999972
0.00648499999999963
0.0067310000000002645
0.006466000000000527
0.006625000000000547
0.006494
0.006720999999999755
0.006516999999999662
0.006756000000000206
0.006489000000000189
0.0065629999999998745
0.006788000000000238
0.006677999999999962
0.006498000000000559
0.007184000000000523
0.00666800000000034
0.006869999999999266
0.0065590000000002036
0.006751999999999647
0.011817999999999884
0.011203000000000074
0.010616999999999877
0.0103629999999999
0.00927699999999998
0.009000999999999593
0.008277000000000534
0.007959000000000493
0.007818999999999576
0.007607999999999393
0.007493000000000194
0.007501000000000424
0.007068000000000296
0.007368000000000485
0.007073000000000107
0.007019999999999804
0.007038999999999795
0.007085000000000008
0.006768000000000107
0.006930000000000547
0.006782999999999539
0.006695999999999813
0.012138999999999456
0.010940999999999867
0.01221899999999998
0.011249000000000287
0.01003799999999977
0.009579000000000448
0.008982999999999741
0.008874999999999744
0.008187000000000388
0.007814999999999905
0.008753999999999706
0.007847999999999189
0.007470999999999783
0.007676000000000016
0.007762999999999742
0.007120999999999711
0.007170000000000343
0.006952000000000069
0.007096000000000657
0.006784999999998931
0.006546000000000163
0.006626000000000687
0.007175999999999405
0.006910000000001304
0.006554999999998756
0.006448000000000675
0.006869999999999266
0.006759000000000626
0.006515999999999522
0.006676999999999822
0.006797000000000608
0.006731999999999516
0.006503999999999621
0.00648499999999963
0.011835999999998847
0.010728999999999544
0.009994999999999976
0.00943499999999986
0.00914900000000074
0.00822600000000051
0.012087000000001069
0.011860000000000426
0.02042499999999947
0.016715999999998843
0.011829000000000534
0.011801999999999424
0.01174199999999992
0.011033999999998656
0.009450000000001069
0.008965999999999141
0.008585000000000065
0.008343999999999241
0.007855000000001056
0.0078030000000008926
0.012002000000000734
0.01233499999999843
0.011452999999999491
0.01084900000000033
0.010737999999999914
0.010485000000000966
0.009647000000001071
0.00931200000000132
0.008632999999999669
0.00849099999999936
0.007794999999999774
0.007832999999999757
0.007376999999999967
0.007085000000000008
0.007414999999999949
0.006906000000000745
0.012159999999999727
0.011367999999999157
0.011022000000000531
0.011600999999998862
0.009496000000000393
0.009126999999999441
0.01127499999999948
0.010462000000000415
0.009254999999999569
0.008713000000000193
0.010763000000000744
0.0092579999999991
0.011808999999999514
0.010728000000000293
0.01128899999999966
0.01034699999999944
0.01224200000000053
0.011115000000000208
0.010635000000000616
0.012185999999999808
0.012289000000000883
0.011596000000000828
0.010413999999999035
0.009368000000000265
0.009319999999998885
0.009106000000000947
0.009206999999999965
0.008739999999999526
0.008307999999999538
0.00806200000000068
0.008162000000000447
0.00809000000000104
0.00786199999999937
0.007685000000000386
0.007057000000001423
0.007067000000001045
0.008269000000000304
0.007992999999999029
0.008010000000000517
0.007583999999999591
0.011443999999999122
0.010942000000000007
0.009871999999999659
0.009717000000000198
0.008641000000000787
0.008547999999999334
0.008286000000000016
0.007778000000000063
0.007713999999999999
0.00771499999999925
0.007445999999999842
0.007536999999999239
0.011084000000000316
0.01069200000000059
0.009833999999999676
0.009373000000000076
0.012517000000000778
0.011349000000000942
0.009506000000000014
0.00928099999999965
0.009104999999999919
0.008319999999999439
0.01227200000000117
0.009716000000000946
0.009544999999999249
0.009081000000000117
0.012147000000000574
0.011033999999998656
0.010364000000000928
0.009843000000000046
0.008563999999999794
0.008491000000001137
0.00829999999999842
0.0080139999999993
0.012086999999999293
0.011480999999999852
0.010669999999999291
0.010227999999999682
0.00924899999999873
0.009019999999999584
0.008741999999999805
0.00837100000000035
0.008210999999999302
0.008034000000000319
0.00786199999999937
0.00775600000000054
0.012088999999999572
0.011397000000000546
0.01224000000000025
0.01161300000000054
0.010317000000000576
0.009643000000000512
0.009243000000001445
0.009491999999999834
0.018197999999999936
0.016277999999999793
0.01127699999999976
0.010707999999999274
0.010328000000001225
0.00990499999999983
0.01204899999999931
0.01190099999999994
0.010314000000001045
0.010036999999998741
0.00881299999999996
0.00854600000000083
0.007913000000000281
0.008005999999999958
0.00776500000000091
0.007448000000000121
0.006805999999999202
0.006840000000000401
0.008139999999999148
0.008111000000001312
0.012151999999998608
0.01146600000000042
0.011101000000000028
0.01004799999999939
0.011433000000000249
0.01094999999999935
0.010170999999999708
0.009157999999999333
0.008810000000000429
0.00846799999999881
0.00820000000000043
0.007456000000001239
0.007134999999999891
0.007338999999999984
0.00740599999999958
0.007147999999999044
0.007372000000000156
0.00770599999999888
0.0071229999999999905
0.007272999999999641
0.0067539999999990386
0.006783000000000428
0.0064640000000011355
0.00651900000000083
0.006456000000000017
0.007736000000001297
0.01174699999999973
0.01096599999999981
0.010232999999999493
0.0099020000000003
0.009368999999999517
0.008857000000000781
0.008629000000000886
0.008402000000000243
0.00793800000000111
0.007699999999999818
0.007479000000000013
0.007435000000000969
0.007094999999999629
0.007018000000000413
0.007037000000000404
0.006992000000000331
0.006826000000000221
0.007168999999999315
0.00707699999999889
0.006568999999998937
0.006512000000000739
0.006471000000001226
0.006878999999999635
0.006842000000000681
0.0065229999999996124
0.006605999999999668
0.0064819999999983224
0.006721999999999895
0.00714300000000101
0.006650000000000489
0.0064630000000001075
0.006586000000000425
0.006529999999999703
0.006709000000000742
0.006511999999998963
0.006736000000000075
0.00650800000000018
0.006619999999999848
0.006482000000000099
0.006584000000000145
0.0120780000000007
0.011533000000000015
0.010712999999999084
0.010013000000000716
0.009330999999999534
0.00931500000000085
0.009133999999999531
0.008888999999999925
0.008864000000000871
0.008300999999999448
0.008612000000001174
0.00866800000000012
0.01129300000000022
0.010412999999999784
0.009292999999999552
0.009187999999999974
0.012494000000000227
0.012780999999998599
0.010981000000001018
0.01037700000000008
0.011649000000000242
0.011549999999999727
0.010421000000000902
0.010134000000000754
0.019292000000000087
0.016913000000000622
0.011556000000000566
0.012966000000000477
0.011905000000000499
0.011928000000001049
0.009886999999999091
0.009370000000000545
0.017309000000000907
0.01487400000000072
0.011782000000000181
0.010891000000000872
0.011668999999999485
0.010686999999999003
0.010297999999998808
0.009357999999998867
0.008752000000001203
0.008240999999999943
0.008615000000000705
0.008131000000000554
0.007879000000000858
0.007683999999999358
0.007802999999999116
0.007404000000001076
0.007118999999999431
0.006911999999999807
0.007067000000001045
0.006800000000000139
0.011956999999998885
0.0112609999999993
0.009624000000000521
0.009304999999999453
0.008459000000000216
0.008328999999999809
0.008335999999999899
0.008116000000001122
0.0077859999999994045
0.0075950000000002404
0.007479000000000013
0.0073680000000013735
0.008696999999999733
0.008826000000000889
0.008005000000000706
0.007941000000000642
0.007457999999999743
0.007220999999999478
0.007374999999999687
0.007071999999999079
0.007146999999999792
0.0073670000000003455
0.007082999999999728
0.006546000000000163
0.006525999999999144
0.006501999999999342
0.006835999999999842
0.006901999999998409
0.006494999999999251
0.006465000000000387
0.006456000000000017
0.006432000000000215
0.006876999999999356
0.006724999999999426
0.006451999999999458
0.0066139999999990096
0.01206700000000005
0.011416999999999788
0.011889000000000038
0.010982999999999521
0.009716000000000946
0.009159999999999613
0.006911000000000556
0.006514000000001019
0.005772000000000332
0.005965999999999028
0.005768999999999025
0.005988000000000326
0.010030000000000427
0.010142999999999347
0.008876000000000772
0.008609999999999118
0.008245000000000502
0.008174000000000348
0.00789200000000001
0.007642999999999844
0.011770999999999532
0.011253999999999209
0.010122000000000853
0.009695000000000675
0.011367999999999157
0.010113000000000483
0.009293000000001328
0.008774999999999977
0.009102000000000388
0.008846000000000132
0.0078870000000002
0.007776999999999035
0.007424999999999571
0.007281000000000759
0.0074190000000005085
0.00746800000000114
0.018931000000000253
0.017438000000000287
0.01269800000000032
0.01158799999999971
0.019752000000000436
0.016515000000000057
0.0123660000000001
0.010920999999999736
0.010172000000000736
0.009660000000000224
