
1515082991.4855907
1515082993.2001827
1515082993.2002122
1515082993.200222
1515082993.2002401
1515082993.2002494
1515082993.200257
1515082993.2002704
1515082993.200278
1515082993.200286
1515082993.2002988
1515082993.2003067
1515082993.200314
1515082993.2006845
1515082993.2007697
1515082993.2008247
1515082994.5119622
1515082994.5120072
1515082994.5120234
1515082994.512049
1515082994.5120637
1515082994.5120769
1515082994.5120986
1515082994.512112
1515082994.512125
1515082994.5121467
1515082994.512161
1515082994.5121741
1515082994.5133536
1515082994.5135093
1515082994.513593
1515082995.897931
1515082995.897957
1515082995.8979666
1515082995.897982
1515082995.89799
1515082995.8979995
1515082995.8980126
1515082995.8980205
1515082995.8980281
1515082995.8980412
1515082995.8980489
1515082995.8980563
1515082995.8984168
1515082995.8985045
1515082995.8985577
1515082997.5856044
1515082997.5856423
1515082997.5856593
1515082999.6186206
1515082999.6186574
1515082999.6186705
1515083002.6280012
1515083002.628091
1515083002.6281557
1515083005.0704505
1515083005.070485
1515083005.0704968
1515083007.1157718
1515083007.1157978
1515083007.1158078
1515083008.6941137
1515083008.6941483
1515083008.6941602
1515083010.3334696
1515083010.3335059
1515083010.3335202
1515083012.0058115
1515083012.0058389
1515083012.00585
1515083013.7541482
1515083013.7542593
1515083013.7543309
1515083014.9131162
1515083014.9131558
1515083014.9131687
1515083015.725568
1515083015.7268882
1515083015.7269163
1515083016.4054449
1515083016.4054754
1515083016.4054863
1515083016.8734832
1515083016.8735187
1515083016.873531
1515083017.3572576
1515083017.3572876
1515083017.3572984
1515083017.9029603
1515083017.902994
1515083017.9030056
1515083018.5843613
1515083018.5844536
1515083018.5845163
1515083019.2569969
1515083019.2570293
1515083019.2570648
1515083020.0447347
1515083020.044764
1515083020.0447738
1515083020.6212666
1515083020.62131
1515083020.6213262
1515083021.515142
1515083021.5151713
1515083021.5151842
1515083022.3241243
1515083022.3241572
1515083022.3241713
1515083023.1258817
1515083023.1259222
1515083023.1259387
1515083023.820892
1515083023.8209236
1515083023.820935
1515083024.5831475
1515083024.5839493
1515083024.5839717
1515083025.0732605
1515083025.073549
1515083025.073565
1515083025.7879739
1515083025.788013
1515083025.7880268
1515083026.3900268
1515083026.3900566
1515083026.39007
1515083027.107733
1515083027.1077633
1515083027.1077754
1515083027.8458073
1515083027.8458433
1515083027.8458567
1515083028.600672
1515083028.6007023
1515083028.6007147
1515083029.3604681
1515083029.3604975
1515083029.3605096
1515083030.0362017
1515083030.0362926
1515083030.0363445
1515083031.1007602
1515083031.1024275
1515083031.1024978
1515083031.8451028
1515083031.8451316
1515083031.845145
1515083032.574133
1515083032.5741825
1515083032.5742035
1515083033.4404395
1515083033.4404697
1515083033.4404829
1515083034.2600029
1515083034.2600334
1515083034.2600489
1515083035.1719573
1515083035.1719928
1515083035.172006
1515083036.2324655
1515083036.2324982
1515083036.2325094
1515083037.2164881
1515083037.216517
1515083037.2165263
1515083038.3318124
1515083038.3318467
1515083038.3318605
1515083039.4944592
1515083039.4944983
1515083039.494512
1515083040.7894733
1515083040.7895038
1515083040.7895198
1515083042.3475592
1515083042.3475854
1515083042.3475947
1515083043.817364
1515083043.8173964
1515083043.8174105
1515083044.9940684
1515083044.9940965
1515083044.994106
1515083045.9668624
1515083045.9668946
1515083045.9669056
1515083047.0322804
1515083047.0323162
1515083047.0323255
1515083048.1069512
1515083048.107359
1515083048.107379
1515083049.4632545
1515083049.4632905
1515083049.4633024
1515083050.8132002
1515083050.8132474
1515083050.813265
1515083051.2528749