
1515082991.4649131
1515082998.716392
1515082998.7164345
1515082998.716448
1515082999.3485181
1515082999.348545
1515082999.3485553
1515083000.4244761
1515083000.4245155
1515083000.4245298
1515083002.3796947
1515083002.3801289
1515083002.3801506
1515083003.5012114
1515083003.5016508
1515083003.501673
1515083004.482789
1515083004.4828165
1515083004.4828272
1515083005.682496
1515083005.6825235
1515083005.682534
1515083007.0264378
1515083007.0268326
1515083007.0268528
1515083008.8050814
1515083008.805112
1515083008.8051255
1515083010.6046562
1515083010.6047063
1515083010.6047194
1515083012.0729225
1515083012.0729535
1515083012.0729637
1515083013.3543084
1515083013.3543384
1515083013.354349
1515083014.3548617
1515083014.3548958
1515083014.354908
1515083015.6352477
1515083015.6353476
1515083015.6354015
1515083017.4429834
1515083017.443038
1515083017.4430518
1515083018.989173
1515083018.98921
1515083018.989223
1515083020.595576
1515083020.5956101
1515083020.5956235
1515083022.1890497
1515083022.1890953
1515083022.1891086
1515083024.101972
1515083024.1020114
1515083024.102025
1515083026.1366389
1515083026.137007
1515083026.1370268
1515083026.9482055
1515083026.9482386
1515083026.9482522
1515083027.7086673
1515083027.7090018
1515083027.709021
1515083028.4794152
1515083028.4794443
1515083028.4794579
1515083029.239385
1515083029.2394233
1515083029.2394333
1515083029.832151
1515083029.8321846
1515083029.8321967
1515083030.6513119
1515083030.6514232
1515083030.651544
1515083031.8086586
1515083031.8086963
1515083031.8087127
1515083032.6475315
1515083032.6475585
1515083032.6475677
1515083033.5606546
1515083033.560698
1515083033.5607166
1515083034.9588554
1515083034.958897
1515083034.958908
1515083036.3106637
1515083036.3107045
1515083036.3107185
1515083037.4884565
1515083037.488504
1515083037.4885163
1515083038.84572
1515083038.8457499
1515083038.8457606
1515083040.1397104
1515083040.1397488
1515083040.1397622
1515083041.410539
1515083041.410573
1515083041.4105856
1515083042.3741698
1515083042.374203
1515083042.3742142
1515083043.4737108
1515083043.4737558
1515083043.4737704
1515083044.475395
1515083044.4754329
1515083044.4754446
1515083045.702199
1515083045.702236
1515083045.7022462
1515083046.9421408
1515083046.9421906
1515083046.9422023
1515083048.1107495
1515083048.1107786
1515083048.1107917
1515083049.5507843
1515083049.550814
1515083049.5508265
1515083051.2291408
1515083051.2291927
1515083051.2292051
1515083052.6176944
1515083052.6177285
1515083052.6177402
1515083053.9517097
1515083053.9517462
1515083053.9517603
1515083055.2012608
1515083055.2012913
1515083055.2013016
1515083056.5370948
1515083056.5371416
1515083056.5371537
1515083057.7113428
1515083057.7113726
1515083057.711385
1515083058.5933435
1515083058.593388
1515083058.5933998
1515083059.7489464
1515083059.7489803
1515083059.7489924
1515083060.8769913
1515083060.8775096
1515083060.8775308
1515083061.9211729
1515083061.92122
1515083061.921233
1515083062.9290729
1515083062.9291086
1515083062.9291208
1515083063.7941303
1515083063.7946131
1515083063.7946434
1515083064.5771968
1515083064.5772455
1515083064.5772588
1515083065.427262
1515083065.4272912
1515083065.427302
1515083066.46421
1515083066.4642465
1515083066.4642572
1515083067.3641622
1515083067.3646247
1515083067.3646505
1515083068.1879492
1515083068.1879878
1515083068.1880007
1515083068.8310637
1515083068.8311193
1515083068.8311357
1515083069.4953551
1515083069.49539
1515083069.495402
1515083069.7303858
1515083075.1480687
1515083075.148103
1515083075.148115
1515083075.5988517
1515083075.5988877
1515083075.5989
1515083076.2224853
1515083076.2225184
1515083076.2225313
1515083076.7055182
1515083076.7055588
1515083076.705575
1515083077.1160007
1515083077.1160336
1515083077.1160464
1515083077.3957865
1515083077.3958318
1515083077.3958473
1515083077.7730346
1515083077.773073
1515083077.7730882
1515083078.1263874
1515083078.1264348
1515083078.1264474
1515083078.5008612
1515083078.5008926
1515083078.5009043
1515083078.832694
1515083078.8327298
1515083078.8327436
1515083079.1591132
1515083079.1591446
1515083079.1591563
1515083079.5320215
1515083079.5320694
1515083079.5320823
1515083079.882936
1515083079.883345
1515083079.8833642