
1515082991.4827175
1515082998.5701888
1515082998.5702295
1515082998.5702431
1515083000.5049722
1515083000.505005
1515083000.5050159
1515083001.5149493
1515083001.5149744
1515083001.5149858
1515083002.7254658
1515083002.7276077
1515083002.7279482
1515083004.0262067
1515083004.0265942
1515083004.0266154
1515083005.3606987
1515083005.360735
1515083005.3607483
1515083006.7924001
1515083006.79246
1515083006.7924764
1515083008.4091778
1515083008.4095466
1515083008.4095652
1515083009.5302398
1515083009.530274
1515083009.5302858
1515083010.8546665
1515083010.854695
1515083010.854705
1515083012.272533
1515083012.2725666
1515083012.2725778
1515083013.643238
1515083013.6432633
1515083013.6432748
1515083015.6929057
1515083015.6938894
1515083015.6939068
1515083017.582189
1515083017.5822282
1515083017.5822413
1515083018.997465
1515083018.9974892
1515083018.9974992
1515083020.356162
1515083020.3561985
1515083020.356212
1515083021.5073352
1515083021.5073714
1515083021.5073855
1515083022.6155012
1515083022.615557
1515083022.615574
1515083023.7194777
1515083023.7195075
1515083023.7195187
1515083024.773821
1515083024.7742
1515083024.7742195
1515083025.7181249
1515083025.7181647
1515083025.71818
1515083026.751761
1515083026.751794
1515083026.7518067
1515083027.6416507
1515083027.6420367
1515083027.6420577
1515083028.5116978
1515083028.5117316
1515083028.5117438
1515083029.37106
1515083029.3710904
1515083029.3711019
1515083030.1974826
1515083030.1975815
1515083030.197639
1515083031.396741
1515083031.3970547
1515083031.3970742
1515083032.3723307
1515083032.372368
1515083032.3723803
1515083033.2666337
1515083033.266666
1515083033.2666774
1515083034.2313747
1515083034.2317803
1515083034.231804
1515083035.1206508
1515083035.120699
1515083035.1207137
1515083036.083984
1515083036.0847006
1515083036.0847232
1515083037.0772996
1515083037.0777767
1515083037.0778017
1515083038.3515735
1515083038.3515975
1515083038.3516073
1515083039.5597632
1515083039.5597947
1515083039.5598063
1515083040.6847453
1515083040.6847785
1515083040.6847892
1515083042.2555535
1515083042.2556133
1515083042.255629
1515083043.795405
1515083043.7954412
1515083043.7954552
1515083045.1393769
1515083045.139415
1515083045.1394272
1515083046.256167
1515083046.256192
1515083046.2562017
1515083047.4067078
1515083047.4067497
1515083047.4067678
1515083048.5478237
1515083048.5478501
1515083048.547861
1515083049.3824596
1515083049.382812
1515083049.3828306
1515083050.2401805
1515083050.2402105
1515083050.2402213
1515083051.178835
1515083051.1789858
1515083051.1790073
1515083052.0580695
1515083052.0580926
1515083052.0581021
1515083052.901728
1515083052.9017656
1515083052.9017801
1515083053.62911
1515083053.6291583
1515083053.6291704
1515083054.4300923
1515083054.4301195
1515083054.43013
1515083055.220952
1515083055.2209802
1515083055.22099
1515083056.1184402
1515083056.1184676
1515083056.1184773
1515083056.980323
1515083056.9803545
1515083056.9803653
1515083058.051062
1515083058.0510874
1515083058.0510986
1515083058.8741477
1515083058.8741996
1515083058.8742125
1515083059.7788448
1515083059.7788858
1515083059.7789035
1515083060.8585145
1515083060.8588583
1515083060.858879
1515083061.9304657
1515083061.9304976
1515083061.9305089
1515083063.0351305
1515083063.0351627
1515083063.0351744
1515083064.1648946
1515083064.1653538
1515083064.1653707
1515083065.3737504
1515083065.373785
1515083065.3737974
1515083066.4672236
1515083066.467255
1515083066.467266
1515083067.5619287
1515083067.5619657
1515083067.561979
1515083075.2904441
1515083075.290496
1515083075.2905138
1515083076.0587537
1515083076.0587792
1515083076.0587888
1515083076.7568438
1515083076.7568722
1515083076.7568846
1515083077.2878265
1515083077.2878578
1515083077.2878675
1515083077.7842493
1515083077.7842784
1515083077.7842915
1515083078.1876369
1515083078.18768
1515083078.1876962
1515083078.5343304
1515083078.5343652
1515083078.5343754
1515083078.846521
1515083078.846546
1515083078.8465564
1515083079.1971257
1515083079.1971555
1515083079.1971653
1515083079.5901434
1515083079.5901763
1515083079.590188
1515083079.947874
1515083079.947934
1515083079.9479465
1515083080.2286797
1515083080.2287097
1515083080.2287211