
1515082991.4461963
1515082993.5575628
1515082993.557593
1515082993.5576031
1515082993.5576236
1515082993.5576336
1515082993.5576413
1515082993.5576549
1515082993.5576627
1515082993.557671
1515082993.5576842
1515082993.5576918
1515082993.5576994
1515082993.5580478
1515082993.558136
1515082993.5581882
1515082994.7423785
1515082994.7424695
1515082994.7425191
1515082994.7427924
1515082994.7428737
1515082994.7429206
1515082994.7429774
1515082994.7430243
1515082994.7430685
1515082994.74312
1515082994.7431667
1515082994.7432098
1515082994.7433062
1515082994.7433577
1515082994.7434027
1515082998.405903
1515082998.4059403
1515082998.4059553
1515082999.2815242
1515082999.2815607
1515082999.281576
1515083000.8756697
1515083000.8760254
1515083000.8760448
1515083002.0988042
1515083002.0988414
1515083002.098854
1515083003.3224216
1515083003.3224657
1515083003.3224816
1515083004.4775982
1515083004.4776492
1515083004.4776683
1515083005.692785
1515083005.6928184
1515083005.6928303
1515083007.0506124
1515083007.0509734
1515083007.0509934
1515083008.273031
1515083008.2730694
1515083008.2730827
1515083009.205499
1515083009.2055302
1515083009.2055402
1515083010.3874922
1515083010.3875241
1515083010.3875363
1515083011.6043656
1515083011.6044023
1515083011.6044137
1515083012.4773638
1515083012.4773886
1515083012.477398
1515083013.6582835
1515083013.6589434
1515083013.6589627
1515083014.9318118
1515083014.93184
1515083014.9318516
1515083016.056584
1515083016.056612
1515083016.056622
1515083017.1340353
1515083017.1340706
1515083017.1340833
1515083018.2548666
1515083018.2549047
1515083018.254918
1515083019.329734
1515083019.3297641
1515083019.3297741
1515083020.4144373
1515083020.4148118
1515083020.4148319
1515083021.5119877
1515083021.5120223
1515083021.5120656
1515083022.6701446
1515083022.6701698
1515083022.6701796
1515083023.9007049
1515083023.9007294
1515083023.9007401
1515083025.1091032
1515083025.1093843
1515083025.1094
1515083026.4910426
1515083026.4910767
1515083026.4910886
1515083028.0334065
1515083028.0334418
1515083028.033452
1515083029.3969936
1515083029.397021
1515083029.3970323
1515083030.2426395
1515083030.2426677
1515083030.242677
1515083031.216457
1515083031.216598
1515083031.2166917
1515083032.4438462
1515083032.4442956
1515083032.444318
1515083033.558019
1515083033.5580516
1515083033.5580647
1515083034.9612896
1515083034.961314
1515083034.9613237
1515083036.4201214
1515083036.4201498
1515083036.420161
1515083037.935417
1515083037.935745
1515083037.936278
1515083039.216073
1515083039.2161012
1515083039.216111
1515083040.5689397
1515083040.568968
1515083040.568978
1515083041.6430938
1515083041.6431372
1515083041.6431513
1515083042.49097
1515083042.4910088
1515083042.4910212
1515083043.4468575
1515083043.447471
1515083043.4474933
1515083044.2841873
1515083044.2842164
1515083044.2842262
1515083045.3064904
1515083045.3065348
1515083045.3065512
1515083046.3532438
1515083046.3532708
1515083046.3532798
1515083047.7368782
1515083047.7369199
1515083047.7369306
1515083048.8724785
1515083048.872509
1515083048.8725183
1515083049.8849225
1515083049.8849528
1515083049.8849626
1515083051.0254595
1515083051.025488
1515083051.025497
1515083052.1994283
1515083052.2008216
1515083052.2008398
1515083053.1976073
1515083053.1976368
1515083053.197648
1515083054.1152408
1515083054.1152785
1515083054.115291
1515083055.270565
1515083055.2705984
1515083055.270612
1515083056.4926305
1515083056.4926677
1515083056.4926808
1515083057.7165701
1515083057.7166765
1515083057.7167544
1515083058.5592072
1515083058.5592427
1515083058.5592558
1515083059.6635208
1515083059.6639726
1515083059.6639957
1515083060.7230158
1515083060.7230973
1515083060.7231565
1515083061.7139566
1515083061.713997
1515083061.7140124
1515083062.6611183
1515083062.6611452
1515083062.6611562
1515083063.6730015
1515083063.6730304
1515083063.6730394
1515083064.4609227
1515083064.461254
1515083064.4612708
1515083065.3993945
1515083065.3994322
1515083065.3994443
1515083066.36918
1515083066.3692174
1515083066.3692305