
1515082991.4841683
1515082999.5295045
1515082999.5295403
1515082999.5295508
1515083000.8771093
1515083000.8772008
1515083000.877215
1515083002.210273
1515083002.210304
1515083002.2103205
1515083003.6550307
1515083003.6557767
1515083003.6557975
1515083005.6971972
1515083005.6972294
1515083005.697245
1515083007.6486607
1515083007.6486964
1515083007.648708
1515083009.12583
1515083009.1258674
1515083009.1258795
1515083010.7397468
1515083010.7397847
1515083010.7397985
1515083012.3062654
1515083012.306299
1515083012.3063097
1515083013.576472
1515083013.5765073
1515083013.5765183
1515083014.8986874
1515083014.8987255
1515083014.8987374
1515083016.0648956
1515083016.0649269
1515083016.0649405
1515083017.6380944
1515083017.6381354
1515083017.6381466
1515083019.0524278
1515083019.052453
1515083019.0524623
1515083020.3748398
1515083020.3748748
1515083020.3748891
1515083021.5524132
1515083021.552445
1515083021.5524552
1515083022.9072642
1515083022.9075644
1515083022.9075823
1515083024.4979854
1515083024.4980202
1515083024.498034
1515083026.3593493
1515083026.3593931
1515083026.3594067
1515083027.9582605
1515083027.95829
1515083027.9583006
1515083029.3437984
1515083029.3438337
1515083029.3438463
1515083030.1248074
1515083030.12484
1515083030.1248527
1515083031.2067115
1515083031.2068262
1515083031.2068908
1515083032.4873035
1515083032.487678
1515083032.4877038
1515083033.689296
1515083033.6893222
1515083033.6893313
1515083034.796326
1515083034.7963665
1515083034.796378
1515083035.7066975
1515083035.706725
1515083035.706734
1515083036.8495898
1515083036.849625
1515083036.8496375
1515083038.1191432
1515083038.1195464
1515083038.1195667
1515083039.368821
1515083039.3688593
1515083039.368875
1515083040.5332956
1515083040.533328
1515083040.5333393
1515083041.7640812
1515083041.7641184
1515083041.7641284
1515083042.9104707
1515083042.910508
1515083042.9108918
1515083043.8672662
1515083043.8672981
1515083043.8673093
1515083045.0988207
1515083045.0988474
1515083045.0988564
1515083046.1521294
1515083046.1521733
1515083046.1521842
1515083047.215755
1515083047.2169042
1515083047.2169201
1515083048.422613
1515083048.4226525
1515083048.4226668
1515083049.7108996
1515083049.7120972
1515083049.7121625
1515083050.9573536
1515083050.9573855
1515083050.9573948
1515083052.1949778
1515083052.1950111
1515083052.1950245
1515083053.23882
1515083053.2388713
1515083053.2388852
1515083054.4141889
1515083054.4142253
1515083054.41424
1515083055.476973
1515083055.4796138
1515083055.47964
1515083056.56166
1515083056.5616994
1515083056.5617115
1515083057.7664638
1515083057.7665265
1515083057.7665372
1515083058.6685648
1515083058.6686049
1515083058.668621
1515083059.8410087
1515083059.8410518
1515083059.8410692
1515083061.2154686
1515083061.215502
1515083061.215516
1515083062.3874242
1515083062.387459
1515083062.3874707
1515083063.3776698
1515083063.3777213
1515083063.377736
1515083064.3496702
1515083064.3497012
1515083064.3497117
1515083065.311297
1515083065.3113554
1515083065.3113735
1515083066.2584646
1515083066.2586064
1515083066.2587028
1515083066.9339178
1515083066.933956
1515083066.9339676
1515083067.797038
1515083067.7970772
1515083067.7970915
1515083068.3987763
1515083068.3988287
1515083068.3988438
1515083069.016342
1515083069.0163653
1515083069.0163767
1515083069.8488107
1515083069.8492017
1515083069.8492253
1515083070.337591
1515083070.3376496
1515083070.3376658
1515083071.0209556
1515083071.0209928
1515083071.021005
1515083071.620404
1515083071.6207857
1515083071.6208045
1515083072.1341794
1515083072.1342146
1515083072.1342268
1515083072.493382
1515083072.4934146
1515083072.493427
1515083073.0308154
1515083073.0308628
1515083073.0308764