
1515082991.4754717
1515082998.3795354
1515082998.3795686
1515082998.37958
1515083000.9222324
1515083000.922554
1515083000.9225717
1515083001.6588032
1515083001.6588645
1515083001.6588843
1515083002.24903
1515083002.2490628
1515083002.2490737
1515083002.860134
1515083002.8601632
1515083002.8601747
1515083003.4862888
1515083003.4863389
1515083003.486351
1515083004.8486314
1515083004.84897
1515083004.8489892
1515083005.4210904
1515083005.421126
1515083005.4211402
1515083006.2428572
1515083006.2428858
1515083006.242895
1515083007.1034377
1515083007.1037335
1515083007.1037507
1515083007.9665003
1515083007.96655
1515083007.9665642
1515083008.8017945
1515083008.8018236
1515083008.801839
1515083009.6925719
1515083009.6926053
1515083009.692617
1515083010.4638734
1515083010.4639292
1515083010.4639404
1515083011.4539878
1515083011.4540267
1515083011.4540403
1515083012.388652
1515083012.3886898
1515083012.3887036
1515083013.3392239
1515083013.339729
1515083013.3397567
1515083014.1001725
1515083014.1002023
1515083014.100212
1515083015.0808094
1515083015.080854
1515083015.0808678
1515083015.876502
1515083015.8768828
1515083015.8769035
1515083016.7034237
1515083016.703478
1515083016.7034943
1515083017.5528035
1515083017.5528407
1515083017.552855
1515083018.3497996
1515083018.3499453
1515083018.350024
1515083019.1884508
1515083019.18967
1515083019.1896913
1515083020.0213573
1515083020.0213912
1515083020.021404
1515083020.71002
1515083020.7100468
1515083020.710056
1515083021.668144
1515083021.6684985
1515083021.668516
1515083022.6355293
1515083022.6355596
1515083022.6355708
1515083023.663689
1515083023.6641495
1515083023.664171
1515083024.95286
1515083024.9529023
1515083024.9529138
1515083026.1172867
1515083026.1173215
1515083026.1173346
1515083027.1422899
1515083027.14233
1515083027.1423473
1515083028.2590234
1515083028.259054
1515083028.2590652
1515083029.389932
1515083029.3900273
1515083029.3900836
1515083030.6285248
1515083030.6294935
1515083030.629555
1515083032.356315
1515083032.3563638
1515083032.3563802
1515083033.6614456
1515083033.6615286
1515083033.66158
1515083034.9140747
1515083034.9141183
1515083034.9141307
1515083035.8635585
1515083035.8635988
1515083035.8636131
1515083036.9215004
1515083036.9215298
1515083036.9215426
1515083038.1682758
1515083038.1683066
1515083038.1683187
1515083039.4075875
1515083039.4076114
1515083039.4076211
1515083040.4734254
1515083040.4738271
1515083040.473848
1515083041.5028667
1515083041.5028925
1515083041.5029025
1515083042.5802288
1515083042.580271
1515083042.580285
1515083043.8172398
1515083043.8172867
1515083043.817299
1515083045.1982193
1515083045.1982522
1515083045.198264
1515083046.834545
1515083046.8346026
1515083046.8346171
1515083047.8450801
1515083047.845121
1515083047.8451335
1515083048.7970982
1515083048.7971256
1515083048.7971363
1515083050.064427
1515083050.0644584
1515083050.06447
1515083051.2658195
1515083051.26586
1515083051.2658746
1515083052.3250813
1515083052.325668
1515083052.3256917
1515083053.5457716
1515083053.5458176
1515083053.5458305
1515083054.6612825
1515083054.6613111
1515083054.6613207
1515083055.7914379
1515083055.7914808
1515083055.791498
1515083056.8661633
1515083056.8661966
1515083056.8662088
1515083058.0503697
1515083058.05041
1515083058.0504234
1515083059.088675
1515083059.0887208
1515083059.0887337
1515083060.212367
1515083060.2124104
1515083060.2124274
1515083061.3402398
1515083061.3405964
1515083061.3406174
1515083062.591064
1515083062.591104
1515083062.5911148
1515083064.0097165
1515083064.009747
1515083064.0097578
1515083065.3328369
1515083065.3328755
1515083065.3328893
1515083066.491855
1515083066.491878
1515083066.491907
1515083067.6555178
1515083067.6555543
1515083067.655567
1515083067.9786656
1515083067.9787083
1515083067.9787247
1515083068.8316894
1515083068.8317409
1515083068.8317552
1515083069.7601373
1515083069.7601614
1515083069.7601717
1515083069.866966
1515083075.138883
1515083075.1389248
1515083075.138939
1515083075.5602007
1515083075.5602384
1515083075.5602517
1515083076.2131033
1515083076.2131426
1515083076.2131562
1515083076.742797
1515083076.7428255
1515083076.7428355
1515083077.2360072
1515083077.2360356
1515083077.2360456
1515083077.6760223
1515083077.6763365
1515083077.676354
1515083078.0289495
1515083078.028979
1515083078.0308504
1515083078.410295
1515083078.4103239
1515083078.4103363
1515083078.7325928
1515083078.7326322
1515083078.732645
1515083079.0088942
1515083079.008926
1515083079.0089362
1515083079.2679818
1515083079.2680135
1515083079.2680252
1515083079.5975635
1515083079.59761
1515083079.5976229
1515083079.9123135
1515083079.9123402
1515083079.9123514
1515083080.201842
1515083080.2018797
1515083080.2018964
1515083080.4426124
1515083080.4426498
1515083080.4426599
1515083080.6856577
1515083080.6857452
1515083080.6858037
1515083080.7989054