
1515082991.4486468
1515082993.580563
1515082993.5806036
1515082993.5806215
1515082993.5806525
1515082993.5806692
1515082993.5806837
1515082993.58071
1515082993.5807247
1515082993.5807402
1515082993.580764
1515082993.5807786
1515082993.5807931
1515082993.582282
1515082993.5824616
1515082993.5825636
1515082995.5756578
1515082995.5756862
1515082995.5756958
1515082995.575711
1515082995.5757194
1515082995.575727
1515082995.5757406
1515082995.5757487
1515082995.5757563
1515082995.5757692
1515082995.5757773
1515082995.575785
1515082995.5761585
1515082995.576245
1515082995.5763004
1515082997.5843854
1515082997.5844233
1515082997.5844398
1515082998.239975
1515082998.2400112
1515082998.240028
1515082998.8301587
1515082998.830198
1515082998.830213
1515082999.3997545
1515082999.3997843
1515082999.3997955
1515083000.400745
1515083000.400783
1515083000.4007983
1515083000.9568326
1515083000.9571955
1515083000.9572148
1515083001.9583368
1515083001.958363
1515083001.958374
1515083002.8676019
1515083002.8684561
1515083002.8684766
1515083003.7255359
1515083003.7278788
1515083003.7279253
1515083004.529321
1515083004.5293522
1515083004.5293636
1515083005.4335432
1515083005.4335685
1515083005.4335794
1515083006.472209
1515083006.472241
1515083006.4722524
1515083007.5823827
1515083007.5827253
1515083007.5827453
1515083008.7102864
1515083008.7114635
1515083008.711488
1515083010.0020106
1515083010.0024045
1515083010.0024297
1515083011.4836812
1515083011.4837193
1515083011.4837315
1515083012.6406562
1515083012.6407485
1515083012.6408155
1515083013.7481034
1515083013.748181
1515083013.7482388
1515083015.4554658
1515083015.4554992
1515083015.4555109
1515083016.7994294
1515083016.7994733
1515083016.7994869
1515083018.1471264
1515083018.1471672
1515083018.1471817
1515083019.408396
1515083019.4084365
1515083019.4084544
1515083020.624981
1515083020.6250043
1515083020.6250143
1515083021.9293957
1515083021.9294274
1515083021.9294386
1515083023.1320786
1515083023.1321077
1515083023.13212
1515083024.3034554
1515083024.3034928
1515083024.3035073
1515083025.577189
1515083025.577734
1515083025.5777555
1515083026.8555667
1515083026.855604
1515083026.855617
1515083027.9989278
1515083027.9989557
1515083027.9989655
1515083029.1165488
1515083029.1165814
1515083029.116592
1515083029.7576933
1515083029.7577305
1515083029.757745
1515083030.7250853
1515083030.7251709
1515083030.7252195
1515083031.9054449
1515083031.9054744
1515083031.9054868
1515083032.9815247
1515083032.981553
1515083032.9815664
1515083033.999718
1515083033.9997466
1515083033.9997592
1515083035.1408892
1515083035.1409154
1515083035.1409254
1515083036.4190342
1515083036.4190657
1515083036.4190767
1515083037.2695808
1515083037.269868
1515083037.2698848
1515083038.3153985
1515083038.3154316
1515083038.3154433
1515083039.3966777
1515083039.3967085
1515083039.3967204
1515083040.5772266
1515083040.5772538
1515083040.5772643
1515083041.7295034
1515083041.7295344
1515083041.7295444
1515083043.0042152
1515083043.0042481
1515083043.0042586
1515083044.0359466
1515083044.0359843
1515083044.0359967
1515083045.6003115
1515083045.6003423
1515083045.6003544
1515083047.1676393
1515083047.167667
1515083047.1676764
1515083048.7722037
1515083048.7722323
1515083048.7722435
1515083049.9975355
1515083049.99757
1515083049.9975843
1515083051.0943253
1515083051.0943613
1515083051.094374
1515083052.1451793
1515083052.1452627
1515083052.1452773
1515083053.1470475
1515083053.1470802
1515083053.1470919
1515083054.370383
1515083054.370434
1515083054.370446
1515083055.7377076
1515083055.7377431
1515083055.7377558
1515083057.0366383
1515083057.036664
1515083057.0366738
1515083058.3579276
1515083058.358046
1515083058.358113
1515083059.8829188
1515083059.8829489
1515083059.8829594
1515083061.3487015
1515083061.3487315
1515083061.348744
1515083062.6453526
1515083062.645379
1515083062.6453907
1515083063.7255204
1515083063.7259374
1515083063.7259538
1515083064.7060544
1515083064.7060955
1515083064.7061079
1515083065.921104
1515083065.921142
1515083065.9211555
1515083066.7558074
1515083066.7558386
1515083066.7558508
1515083067.7553596
1515083067.7553985
1515083075.3536558
1515083075.3537028
1515083075.3537166
1515083076.1692948
1515083076.1693218
1515083076.1693313
1515083076.800278
1515083076.800315
1515083076.8003287
1515083077.2699232
1515083077.2699473
1515083077.2699568
1515083077.7730477
1515083077.7730722
1515083077.773083
1515083077.9369693