
1515082991.4764307
1515082993.5561383
1515082993.556168
1515082993.5561776
1515082993.5561948
1515082993.556204
1515082993.556212
1515082993.556226
1515082993.5562341
1515082993.5562425
1515082993.5562556
1515082993.5562634
1515082993.556271
1515082993.556652
1515082993.5567417
1515082993.556796
1515082995.194429
1515082995.194457
1515082995.194467
1515082995.194482
1515082995.1944904
1515082995.1944983
1515082995.1945117
1515082995.1945198
1515082995.1945271
1515082995.1945398
1515082995.1945484
1515082995.1945558
1515082995.194902
1515082995.1949883
1515082995.195043
1515082998.6116862
1515082998.611725
1515082998.6117406
1515082999.4909563
1515082999.4909875
1515082999.491002
1515083000.9331105
1515083000.93321
1515083000.9332612
1515083001.9574068
1515083001.957448
1515083001.957464
1515083003.275527
1515083003.2755587
1515083003.2755706
1515083004.20227
1515083004.2023053
1515083004.202318
1515083005.66717
1515083005.667203
1515083005.6672146
1515083007.1665394
1515083007.1665666
1515083007.166576
1515083008.3409166
1515083008.3410447
1515083008.34113
1515083009.2344205
1515083009.2344518
1515083009.234463
1515083010.674827
1515083010.6748626
1515083010.6748729
1515083011.5640373
1515083011.5640657
1515083011.5640764
1515083011.990876
1515083011.990909
1515083011.9909208
1515083012.4432561
1515083012.4432912
1515083012.4457333
1515083013.0214195
1515083013.0217876
1515083013.0218093
1515083013.6353753
1515083013.6354072
1515083013.6354187
1515083014.2990775
1515083014.2991133
1515083014.2991264
1515083015.0148017
1515083015.0148296
1515083015.0148392
1515083015.8927925
1515083015.8928256
1515083015.8928401
1515083017.178611
1515083017.178647
1515083017.17866
1515083018.3833048
1515083018.3833427
1515083018.3833566
1515083019.5243657
1515083019.5244021
1515083019.5244148
1515083020.8392317
1515083020.8392668
1515083020.8392808
1515083022.124719
1515083022.1247525
1515083022.1247659
1515083023.7354722
1515083023.7355053
1515083023.7355192
1515083025.1869323
1515083025.187388
1515083025.187726
1515083026.7411532
1515083026.741187
1515083026.7412012
1515083027.9348161
1515083027.9352078
1515083027.9352264
1515083029.0553157
1515083029.0553534
1515083029.0553668
1515083029.8114972
1515083029.8115292
1515083029.8115425
1515083031.0474827
1515083031.0476084
1515083031.04768
1515083032.3728483
1515083032.3728752
1515083032.3728876
1515083033.5201502
1515083033.5201786
1515083033.5201883
1515083034.9622257
1515083034.9622493
1515083034.9622588
1515083036.4199908
1515083036.4200194
1515083036.4200315
1515083037.6365333
1515083037.6365619
1515083037.6365716
1515083039.1004066
1515083039.1004322
1515083039.1004415
1515083040.6862214
1515083040.68625
1515083040.686263
1515083042.1537826
1515083042.1538157
1515083042.153828
1515083043.7809312
1515083043.7809799
1515083043.7809985
1515083045.3700664
1515083045.3700986
1515083045.3701105
1515083047.0433373
1515083047.0433702
1515083047.043382
1515083048.5466385
1515083048.5466685
1515083048.5466788
1515083050.173364
1515083050.173409
1515083050.1734257
1515083051.7330523
1515083051.733084
1515083051.7330945
1515083053.0176587
1515083053.017695
1515083053.0177073
1515083054.136577
1515083054.1366081
1515083054.1366208
1515083055.4386775
1515083055.4390564
1515083055.4390793
1515083056.651395
1515083056.6514251
1515083056.6514356
1515083058.1822941
1515083058.182331
1515083058.182343
1515083059.653245
1515083059.6532738
1515083059.6532853
1515083060.924801
1515083060.924828
1515083060.9248374
1515083062.116186
1515083062.116222
1515083062.1162345
1515083063.2321186
1515083063.232161
1515083063.232177
1515083064.132215
1515083064.1337168
1515083064.1348896
1515083065.4136384
1515083065.4136705
1515083065.4136825
1515083066.4997804
1515083066.4998047
1515083066.4998152
1515083067.8177407
1515083067.8177786
1515083067.8177922
1515083068.8701346
1515083068.870166
1515083068.870178
1515083069.692496
1515083069.6925313
1515083075.1740072
1515083075.17404
1515083075.1740518
1515083076.0146465
1515083076.0146818
1515083076.014694
1515083076.6668577
1515083076.6668892
1515083076.6669002
1515083076.9502172
1515083076.9502475
1515083076.9502583