
1515082991.4597967
1515082998.6320295
1515082998.6320667
1515082998.6320782
1515082999.3159363
1515082999.3159761
1515082999.315991
1515083000.4746826
1515083000.474732
1515083000.474746
1515083001.4684987
1515083001.468903
1515083001.4689229
1515083002.9984384
1515083002.9984758
1515083002.9984887
1515083004.5506122
1515083004.5509222
1515083004.5509381
1515083006.2051601
1515083006.2051919
1515083006.2052023
1515083007.487234
1515083007.4873133
1515083007.4873254
1515083008.82901
1515083008.8290439
1515083008.8290565
1515083010.1503537
1515083010.1504076
1515083010.150422
1515083011.5556064
1515083011.555637
1515083011.5556474
1515083012.5402997
1515083012.5403442
1515083012.5403578
1515083013.5187848
1515083013.5188224
1515083013.5188353
1515083014.2761834
1515083014.2816741
1515083014.281715
1515083015.2702188
1515083015.2702622
1515083015.2702732
1515083016.36403
1515083016.3644953
1515083016.3645227
1515083017.4747727
1515083017.4748034
1515083017.4748144
1515083018.6292188
1515083018.6295357
1515083018.629553
1515083019.9418967
1515083019.9426618
1515083019.942686
1515083021.3691235
1515083021.3691664
1515083021.3691802
1515083022.3224366
1515083022.3236566
1515083022.3236828
1515083023.4300425
1515083023.430084
1515083023.4301012
1515083023.8985813
1515083023.8986065
1515083023.8986173
1515083024.4273508
1515083024.4273994
1515083024.4274135
1515083024.8802774
1515083024.8807278
1515083024.8807497
1515083025.4637146
1515083025.4646277
1515083025.464651
1515083025.884168
1515083025.8842065
1515083025.8842213
1515083026.3579652
1515083026.358006
1515083026.35802
1515083026.9650633
1515083026.9650943
1515083026.9651077
1515083027.542012
1515083027.5420568
1515083027.54207
1515083028.0139146
1515083028.0142138
1515083028.0142303
1515083028.5892458
1515083028.5892787
1515083028.5892904
1515083029.090639
1515083029.0906715
1515083029.0906835
1515083029.478385
1515083029.4784217
1515083029.478432
1515083030.4292881
1515083030.42933
1515083030.429343
1515083031.0111835
1515083031.0117853
1515083031.0118487
1515083031.7586555
1515083031.7586882
1515083031.7586992
1515083032.3328025
1515083032.3328526
1515083032.3328679
1515083032.908838
1515083032.9088771
1515083032.9088936
1515083033.4461713
1515083033.4462018
1515083033.4462159
1515083034.2105103
1515083034.2105477
1515083034.2105606
1515083034.934736
1515083034.9347677
1515083034.9347787
1515083035.6172512
1515083035.6173055
1515083035.6173205
1515083036.4268568
1515083036.4272046
1515083036.427222
1515083037.0197406
1515083037.0200875
1515083037.0201437
1515083037.8200412
1515083037.8200965
1515083037.8201132
1515083038.512576
1515083038.5126157
1515083038.5126307
1515083039.3694654
1515083039.369497
1515083039.369511
1515083040.219742
1515083040.2201595
1515083040.2201827
1515083041.731682
1515083041.7317061
1515083041.731716
1515083043.162565
1515083043.162597
1515083043.1626084
1515083044.171192
1515083044.1712494
1515083044.171264
1515083045.3805459
1515083045.3805718
1515083045.3805828
1515083046.4826531
1515083046.4826865
1515083046.482697
1515083047.5678298
1515083047.5696082
1515083047.569638
1515083048.7620673
1515083048.762105
1515083048.7621162
1515083049.78493
1515083049.784958
1515083049.784968
1515083050.8547623
1515083050.8548074
1515083050.854821
1515083051.9850006
1515083051.9850338
1515083051.9850497
1515083053.079748
1515083053.0797946
1515083053.0798144
1515083054.0366554
1515083054.0366921
1515083054.036705
1515083054.9699612
1515083054.969996
1515083054.970009
1515083056.075249
1515083056.0752814
1515083056.0752933
1515083057.218696
1515083057.2187512
1515083057.2187665
1515083058.253247
1515083058.253733
1515083058.2537513
1515083059.5394826
1515083059.5395236
1515083059.53954
1515083060.5881207
1515083060.5881515
1515083060.588163
1515083061.602298
1515083061.6027453
1515083061.6027668
1515083062.6396072
1515083062.639638
1515083062.6396472
1515083062.97918