
1515082991.4516633
1515082999.7958274
1515082999.7958703
1515082999.7959108
1515083002.6056206
1515083002.6057112
1515083002.6057713
1515083004.9292204
1515083004.9292517
1515083004.9292643
1515083006.944282
1515083006.9446776
1515083006.9446993
1515083008.6107926
1515083008.610832
1515083008.6108456
1515083010.4048564
1515083010.4048934
1515083010.4049067
1515083012.3983266
1515083012.3983626
1515083012.3983755
1515083013.7973952
1515083013.797515
1515083013.7975938
1515083015.6880782
1515083015.6883805
1515083015.688397
1515083017.5145483
1515083017.5145793
1515083017.51459
1515083019.0098476
1515083019.0099308
1515083019.0099866
1515083020.4228487
1515083020.422887
1515083020.4229007
1515083021.6825538
1515083021.682578
1515083021.6825879
1515083023.0573103
1515083023.057344
1515083023.057356
1515083024.6011934
1515083024.60128
1515083024.6013415
1515083025.9078505
1515083025.9079108
1515083025.9079278
1515083027.288016
1515083027.288052
1515083027.288066
1515083028.6033678
1515083028.6034024
1515083028.603413
1515083029.6083863
1515083029.6085
1515083029.6085842
1515083031.3121653
1515083031.3122692
1515083031.31302
1515083032.577582
1515083032.5776043
1515083032.5776138
1515083033.8811474
1515083033.8811831
1515083033.8811975
1515083034.9815457
1515083034.981571
1515083034.9815803
1515083035.8898406
1515083035.8898888
1515083035.8899028
1515083036.7748256
1515083036.775215
1515083036.775237
1515083037.734712
1515083037.734745
1515083037.734757
1515083038.616465
1515083038.6165059
1515083038.6165195
1515083039.7455966
1515083039.7456303
1515083039.7456424
1515083040.6860101
1515083040.6860552
1515083040.686067
1515083041.6711347
1515083041.6711633
1515083041.6711726
1515083042.6488414
1515083042.6489573
1515083042.6490216
1515083043.6792219
1515083043.6792536
1515083043.6792645
1515083044.4982314
1515083044.4982755
1515083044.4982862
1515083045.3791764
1515083045.3792048
1515083045.3792171
1515083046.3146842
1515083046.315142
1515083046.3151667
1515083047.3155463
1515083047.3161044
1515083047.3161333
1515083048.38462
1515083048.38466
1515083048.3846743
1515083049.1951663
1515083049.195208
1515083049.1952195
1515083050.1145082
1515083050.1145406
1515083050.115466
1515083051.0302293
1515083051.0302558
1515083051.0302653
1515083052.053739
1515083052.0537825
1515083052.0538015
1515083052.8850923
1515083052.885138
1515083052.885153
1515083053.6048276
1515083053.6048572
1515083053.6048675
1515083054.372365
1515083054.3724124
1515083054.3724272
1515083055.1658049
1515083055.1661327
1515083055.166151
1515083056.0822525
1515083056.0822933
1515083056.0823102
1515083057.0262678
1515083057.0263033
1515083057.026317
1515083058.2034955
1515083058.2035255
1515083058.2035367
1515083059.442157
1515083059.442187
1515083059.4421964
1515083060.5022101
1515083060.5022635
1515083060.5022786
1515083061.6508625
1515083061.6509025
1515083061.6509163
1515083062.7485392
1515083062.748579
1515083062.7485967
1515083063.6171927
1515083063.6176271
1515083063.6176488
1515083064.4190292
1515083064.4190686
1515083064.41908
1515083065.311963
1515083065.3120034
1515083065.3120205
1515083066.1979427
1515083066.197988
1515083066.1980317
1515083067.200463
1515083067.200929
1515083067.2009552
1515083067.8376436
1515083067.8376803
1515083067.8376954
1515083068.4170573
1515083068.4170876
1515083068.417099
1515083068.9474857
1515083068.947988
1515083068.9480126
1515083069.7220867
1515083069.7225182
1515083069.722541
1515083070.0726857
1515083070.072725
1515083070.07274
1515083070.6941967
1515083070.6942418
1515083070.6942546
1515083071.3846967
1515083071.3847313
1515083071.3847446
1515083071.7372546
1515083071.7372828
1515083071.7372947