
1515082991.4754794
1515082998.2204692
1515082998.220511
1515082998.220526
1515082999.0147583
1515082999.0147943
1515082999.014808
1515082999.4738567
1515082999.4738896
1515082999.4739032
1515083000.539026
1515083000.5390651
1515083000.5390754
1515083001.230814
1515083001.2312505
1515083001.231277
1515083002.117596
1515083002.1176288
1515083002.1176414
1515083002.8302639
1515083002.8307571
1515083002.830782
1515083003.5348084
1515083003.534846
1515083003.5348558
1515083004.146455
1515083004.146867
1515083004.1468904
1515083004.7452395
1515083004.7452736
1515083004.7452862
1515083005.4819593
1515083005.4819977
1515083005.482008
1515083006.2707243
1515083006.270753
1515083006.2707639
1515083007.064515
1515083007.064545
1515083007.0645556
1515083007.850702
1515083007.8508048
1515083007.8508704
1515083008.7246711
1515083008.7246978
1515083008.7247095
1515083009.4213803
1515083009.4214125
1515083009.4214244
1515083010.2550313
1515083010.2554166
1515083010.255438
1515083011.0595694
1515083011.0596046
1515083011.0596182
1515083012.2134023
1515083012.2134552
1515083012.213472
1515083013.8686986
1515083013.8690336
1515083013.8690975
1515083015.7107723
1515083015.711038
1515083015.7110534
1515083016.976776
1515083016.976813
1515083016.9768262
1515083018.5538602
1515083018.5539005
1515083018.5539155
1515083020.2503347
1515083020.2503672
1515083020.2503784
1515083021.56184
1515083021.5618765
1515083021.561889
1515083022.8092284
1515083022.8092716
1515083022.8092883
1515083023.8833694
1515083023.8834016
1515083023.883414
1515083024.9873402
1515083024.9873667
1515083024.987377
1515083026.5583498
1515083026.5583756
1515083026.558386
1515083028.0313509
1515083028.03139
1515083028.0314
1515083029.4585156
1515083029.458543
1515083029.4585526
1515083030.7212353
1515083030.7213407
1515083030.7213953
1515083032.0187018
1515083032.0188298
1515083032.0189013
1515083033.4263499
1515083033.4263835
1515083033.4264095
1515083035.3264644
1515083035.327327
1515083035.3273468
1515083037.256342
1515083037.2563715
1515083037.2563815
1515083039.0762002
1515083039.0762346
1515083039.0762477
1515083040.5914404
1515083040.591474
1515083040.5914855
1515083041.7287788
1515083041.7288222
1515083041.728834
1515083042.6498182
1515083042.6498969
1515083042.6499577
1515083043.9367626
1515083043.9367895
1515083043.9367998
1515083045.3307836
1515083045.3308237
1515083045.3308342
1515083046.6024187
1515083046.6024535
1515083046.6024659
1515083047.7526426
1515083047.753148
1515083047.7531717
1515083049.2917325
1515083049.2917688
1515083049.291782
1515083050.4392524
1515083050.4392886
1515083050.439301
1515083051.9562237
1515083051.9562728
1515083051.9562867
1515083053.2814941
1515083053.2815263
1515083053.2815382
1515083054.5527203
1515083054.5527556
1515083054.5527678
1515083055.7575953
1515083055.7576246
1515083055.7576358
1515083056.9334066
1515083056.9334376
1515083056.9334478
1515083058.190813
1515083058.1910808
1515083058.191096
1515083059.4966471
1515083059.496696
1515083059.4967084
1515083060.6520617
1515083060.6520991
1515083060.6521134
1515083061.8869376
1515083061.886979
1515083061.8869936
1515083063.1145704
1515083063.1146016
1515083063.114612
1515083063.6454008