
1515082991.4762
1515082999.03529
1515082999.035334
1515082999.03535
1515082999.619607
1515082999.619638
1515082999.6196504
1515083000.851535
1515083000.8516095
1515083000.8516243
1515083001.6172075
1515083001.617244
1515083001.6172564
1515083002.2628508
1515083002.2628884
1515083002.2629175
1515083003.1417186
1515083003.1417677
1515083003.1417806
1515083004.5320723
1515083004.5320985
1515083004.53211
1515083005.6709416
1515083005.6709795
1515083005.6709979
1515083006.8403265
1515083006.842873
1515083006.842897
1515083007.9867573
1515083007.9867811
1515083007.9867904
1515083008.8748217
1515083008.8752584
1515083008.8752785
1515083009.8850937
1515083009.8851626
1515083009.8851838
1515083010.8952367
1515083010.8952672
1515083010.895279
1515083012.6288
1515083012.6289153
1515083012.6289825
1515083013.9260132
1515083013.9261084
1515083013.92618
1515083015.544361
1515083015.5443976
1515083015.5444088
1515083017.0866194
1515083017.0866568
1515083017.0866687
1515083018.8612494
1515083018.8612978
1515083018.86131
1515083020.4005299
1515083020.4008696
1515083020.400886
1515083021.8378189
1515083021.8378606
1515083021.8378758
1515083023.1944816
1515083023.1945105
1515083023.1945205
1515083024.744936
1515083024.7449768
1515083024.7449896
1515083026.5397484
1515083026.5397873
1515083026.5398023
1515083027.9041684
1515083027.9042037
1515083027.9042149
1515083029.1410306
1515083029.1410694
1515083029.1410878
1515083029.9392796
1515083029.9393132
1515083029.9393265
1515083031.3646924
1515083031.3651175
1515083031.3651404
1515083033.056241
1515083033.0565898
1515083033.056606
1515083034.4489849
1515083034.4493775
1515083034.4493978
1515083035.3318489
1515083035.3319304
1515083035.331949
1515083036.9103668
1515083036.9104116
1515083036.9104245
1515083037.9536068
1515083037.9536371
1515083037.9536488
1515083038.643062
1515083038.644016
1515083038.6440394
1515083039.2621274
1515083039.2621627
1515083039.2621744
1515083039.9024403
1515083039.9033828
1515083039.9034011
1515083040.4138818
1515083040.4139113
1515083040.413921
1515083040.9079351
1515083040.907988
1515083040.9080033
1515083041.4766827
1515083041.4767163
1515083041.4767275
1515083042.3299594
1515083042.3299928
1515083042.3300047
1515083043.5114586
1515083043.5114932
1515083043.5115032
1515083044.3747723
1515083044.3748112
1515083044.3748257
1515083045.586383
1515083045.5864365
1515083045.5864482
1515083046.737288
1515083046.737315
1515083046.737324
1515083048.2564054
1515083048.256439
1515083048.2564504
1515083049.5327685
1515083049.5328035
1515083049.532817
1515083051.0181763
1515083051.0182161
1515083051.0182295
1515083052.384348
1515083052.3843877
1515083052.3844035
1515083053.8112695
1515083053.8113325
1515083053.8113513
1515083055.0905814
1515083055.0909345
1515083055.090955
1515083056.2932673
1515083056.293329
1515083056.293831
1515083057.351635
1515083057.3516734
1515083057.3516862
1515083058.271085
1515083058.2714198
1515083058.271437
1515083059.5864482
1515083059.5864956
1515083059.5865061
1515083060.7453768
1515083060.7460148
1515083060.7460415
1515083061.8064902
1515083061.806535
1515083061.8065515
1515083062.8108554
1515083062.8108995
1515083062.810916
1515083063.5982423
1515083063.5982778
1515083063.5982912
1515083064.2608328
1515083064.2609262
1515083064.2609782
1515083064.992456
1515083064.992502
1515083064.992515
1515083065.6616936
1515083065.661733
1515083065.6617475
1515083066.4779606
1515083066.478322
1515083066.47834
1515083066.7315536