
1515082991.4852095
1515082998.9074466
1515082998.907849
1515082998.90787
1515083001.1708639
1515083001.171262
1515083001.171283
1515083003.3565474
1515083003.3565872
1515083003.3566022
1515083005.0472953
1515083005.047358
1515083005.0473742
1515083006.740655
1515083006.7406898
1515083006.7407024
1515083008.1247814
1515083008.1252925
1515083008.125312
1515083009.1242843
1515083009.1248715
1515083009.124887
1515083010.2712588
1515083010.2715273
1515083010.2715433
1515083011.5200782
1515083011.52011
1515083011.520121
1515083012.6274228
1515083012.6275165
1515083012.6275804
1515083014.2950578
1515083014.295093
1515083014.2951057
1515083015.8850791
1515083015.8851082
1515083015.8851209
1515083017.8218668
1515083017.821917
1515083017.8219347
1515083019.305752
1515083019.3066146
1515083019.3066902
1515083020.6735609
1515083020.673588
1515083020.673597
1515083022.086859
1515083022.0869184
1515083022.0869355
1515083023.942768
1515083023.9428177
1515083023.9428308
1515083025.382311
1515083025.382355
1515083025.3823714
1515083026.7313993
1515083026.7314548
1515083026.7314703
1515083028.0621579
1515083028.0621915
1515083028.062206
1515083029.2793162
1515083029.2793581
1515083029.279386
1515083030.0451171
1515083030.0451462
1515083030.0451596
1515083031.0587893
1515083031.0588748
1515083031.0589235
1515083032.0498517
1515083032.0498817
1515083032.0498927
1515083033.0201018
1515083033.0201652
1515083033.020181
1515083033.9862857
1515083033.9866443
1515083033.9866652
1515083034.9872386
1515083034.9872622
1515083034.987272
1515083036.0357656
1515083036.0358005
1515083036.0358129
1515083036.913739
1515083036.9145932
1515083036.9146142
1515083037.943775
1515083037.9438174
1515083037.9438355
1515083038.9335275
1515083038.9335785
1515083038.9335916
1515083039.9524577
1515083039.9524894
1515083039.9525006
1515083041.1200519
1515083041.1201017
1515083041.1201146
1515083042.0464368
1515083042.0464704
1515083042.046482
1515083042.9284475
1515083042.928476
1515083042.9284885
1515083043.94373
1515083043.943772
1515083043.9437823
1515083045.0604913
1515083045.060519
1515083045.0605283
1515083046.037716
1515083046.0377855
1515083046.0378006
1515083047.150411
1515083047.1504483
1515083047.1504602
1515083048.4490016
1515083048.44904
1515083048.4490554
1515083049.601635
1515083049.6016629
1515083049.601673
1515083050.9086688
1515083050.9087005
1515083050.9087112
1515083052.2298417
1515083052.2298727
1515083052.2298856
1515083053.4850602
1515083053.4851046
1515083053.4851167
1515083054.6174293
1515083054.617464
1515083054.617476
1515083055.7566705
1515083055.7567031
1515083055.7567153
1515083057.1359339
1515083057.1359644
1515083057.1359742
1515083058.3194067
1515083058.3194358
1515083058.3194475
1515083059.7073295
1515083059.7073584
1515083059.7073677
1515083060.9540122
1515083060.9540617
1515083060.9540815
1515083062.2974052
1515083062.2974458
1515083062.2974634
1515083063.7552295
1515083063.7552662
1515083063.755279
1515083065.0984929
1515083065.098546
1515083065.0985599
1515083066.468185
1515083066.4682102
1515083066.4682207
1515083067.8582647
1515083067.8582942
1515083067.8583066
1515083068.9138024
1515083068.9138541
1515083068.9138672
1515083069.8647714
1515083069.8648064
1515083069.8648183
1515083070.353008
1515083070.353041
1515083070.3530548
1515083071.0881283
1515083071.0881689
1515083071.088184
1515083071.7239206
1515083071.7239609
1515083071.723975
1515083072.398373
1515083072.3984225
1515083072.3984354
1515083072.8172975
1515083072.8173568
1515083072.8173735