
1515082991.4829843
1515082999.5670922
1515082999.5671268
1515082999.5671375
1515083002.6206293
1515083002.6207476
1515083002.621539
1515083005.4214132
1515083005.421443
1515083005.421457
1515083007.8567753
1515083007.8568072
1515083007.8568213
1515083009.0938218
1515083009.093858
1515083009.0938709
1515083010.759728
1515083010.7597635
1515083010.7597742
1515083012.449651
1515083012.4496825
1515083012.4496932
1515083013.853697
1515083013.8537965
1515083013.853848
1515083015.6536083
1515083015.6537135
1515083015.6537666
1515083017.3280234
1515083017.3280578
1515083017.3280697
1515083018.7815158
1515083018.7815602
1515083018.7816556
1515083020.095006
1515083020.0950384
1515083020.095052
1515083021.4797208
1515083021.4797883
1515083021.4798071
1515083022.8215306
1515083022.8215866
1515083022.821601
1515083024.053558
1515083024.0535932
1515083024.0536058
1515083026.027702
1515083026.027739
1515083026.0277529
1515083027.8909109
1515083027.8909569
1515083027.890971
1515083033.0340734
1515083033.0341055
1515083033.0341187
1515083034.6076965
1515083034.6077328
1515083034.6077473
1515083035.7972093
1515083035.7972567
1515083035.7972736
1515083037.1438475
1515083037.1439123
1515083037.1439316
1515083039.054019
1515083039.05406
1515083039.0540729
1515083040.9028213
1515083040.9028697
1515083040.902882
1515083042.3793466
1515083042.3793714
1515083042.3793821
1515083043.8637936
1515083043.8638346
1515083043.8638492
1515083045.4768643
1515083045.4772933
1515083045.4773128
1515083047.3858984
1515083047.3859305
1515083047.385942
1515083048.6838427
1515083048.683879
1515083048.6839213
1515083049.8906167
1515083049.8906388
1515083049.8906486
1515083050.8927577
1515083050.893195
1515083050.893214
1515083052.122167
1515083052.1222148
1515083052.1222284
1515083053.247384
1515083053.247417
1515083053.2474313
1515083054.4424286
1515083054.4424534
1515083054.4424636
1515083055.7972558
1515083055.7972858
1515083055.7972996
1515083057.0509338
1515083057.050974
1515083057.050992
1515083058.2144177
1515083058.2144442
1515083058.214454
1515083059.1327994
1515083059.1328402
1515083059.132853
1515083060.0331516
1515083060.0331922
1515083060.0332077
1515083061.1760695
1515083061.1761026
1515083061.1761148
1515083062.264394
1515083062.2648866
1515083062.26491
1515083063.4829643
1515083063.4829953
1515083063.483009
1515083064.4272537
1515083064.4272919
1515083064.4273071
1515083065.4531548
1515083065.4532042
1515083065.4532206
1515083066.516551
1515083066.516582
1515083066.5165918
1515083067.831956
1515083067.832002
1515083067.8320158
1515083068.7759848
1515083068.7760324
1515083068.7760448
1515083069.7504568
1515083069.7504947
1515083069.7505116
1515083070.2201452
1515083070.2201872
1515083070.2202034
1515083071.097774
1515083071.0978026
1515083071.0978143
1515083071.6856349
1515083071.6856716
1515083071.6856837
1515083072.3361776
1515083072.3362358
1515083072.3362532
1515083072.7540247
1515083072.755806
1515083072.7558293
1515083074.6380785
1515083074.6381266
1515083074.6381447
1515083075.3255372
1515083075.3255844
1515083075.3256016
1515083075.9976623
1515083075.9976945
1515083075.9977074
1515083076.4526365
1515083076.4526837
1515083076.452696
1515083076.8219485
1515083076.8219852
1515083076.8219993
1515083077.2616003
1515083077.2616282
1515083077.26164
1515083077.69977
1515083077.7001808
1515083077.7002022
1515083078.01673
1515083078.0167599
1515083078.0167704
1515083078.3978708
1515083078.3979216
1515083078.3979356
1515083078.742
1515083078.7420292
1515083078.7420423
1515083079.0148098
1515083079.0148356
1515083079.0148463
1515083079.1360722