
1515082991.4558616
1515082999.3213606
1515082999.3213968
1515082999.3214095
1515083000.6466892
1515083000.6468387
1515083000.646943
1515083001.5103018
1515083001.510335
1515083001.5103478
1515083002.3924408
1515083002.392478
1515083002.392491
1515083003.572986
1515083003.5730357
1515083003.5730498
1515083004.5147247
1515083004.5150583
1515083004.5150776
1515083005.5211258
1515083005.5211523
1515083005.5211618
1515083006.6135674
1515083006.6136138
1515083006.6136272
1515083007.723428
1515083007.7234643
1515083007.7234776
1515083010.7015781
1515083010.7023616
1515083010.702388
1515083011.8225746
1515083011.8226182
1515083011.8226337
1515083012.891334
1515083012.8913622
1515083012.8913724
1515083013.6502116
1515083013.6502414
1515083013.650255
1515083014.5116189
1515083014.5116673
1515083014.5116787
1515083015.472571
1515083015.472604
1515083015.4726195
1515083016.6220536
1515083016.6221046
1515083016.6221182
1515083017.8223126
1515083017.8223538
1515083017.822369
1515083019.251985
1515083019.2520192
1515083019.252029
1515083020.6230955
1515083020.6231399
1515083020.6231554
1515083021.7636244
1515083021.7640116
1515083021.7640357
1515083022.8910954
1515083022.891128
1515083022.8911417
1515083023.880787
1515083023.8808217
1515083023.880832
1515083025.0994198
1515083025.0997581
1515083025.0997794
1515083026.7725534
1515083026.7726262
1515083026.7726765
1515083028.3784988
1515083028.3788586
1515083028.3788786
1515083029.5247653
1515083029.524793
1515083029.524802
1515083030.6252453
1515083030.6252825
1515083030.625295
1515083031.8298504
1515083031.829952
1515083031.8300302
1515083033.1840568
1515083033.1840892
1515083033.1841002
1515083034.4358792
1515083034.435944
1515083034.4359572
1515083035.4337943
1515083035.4338324
1515083035.4338472
1515083036.7989118
1515083036.7989626
1515083036.7989798
1515083038.1379044
1515083038.137942
1515083038.1379542
1515083039.5161717
1515083039.5162048
1515083039.5162165
1515083040.781206
1515083040.781256
1515083040.7812724
1515083042.0139465
1515083042.0139856
1515083042.013999
1515083043.2243614
1515083043.2244549
1515083043.224822
1515083044.1883924
1515083044.1884415
1515083044.1884534
1515083045.2273734
1515083045.2274141
1515083045.227432
1515083046.2073677
1515083046.2073965
1515083046.2074065
1515083047.3275013
1515083047.3275392
1515083047.3275518
1515083048.5881963
1515083048.5882254
1515083048.5882359
1515083049.7902467
1515083049.7902699
1515083049.7902796
1515083050.8687992
1515083050.8688383
1515083050.8688498
1515083052.038526
1515083052.0385587
1515083052.0385706
1515083053.0463648
1515083053.0464542
1515083053.0464733
1515083053.8809757
1515083053.8813689
1515083053.8813891
1515083054.7762382
1515083054.7762718
1515083054.776284
1515083055.6395733
1515083055.6396065
1515083055.6396184
1515083056.5546577
1515083056.554704
1515083056.554717
1515083057.7091417
1515083057.7092223
1515083057.7092774
1515083058.486821
1515083058.4868672
1515083058.4868817
1515083059.7580078
1515083059.7583246
1515083059.7583406
1515083060.941636
1515083060.9419272
1515083060.9419444
1515083062.0430899
1515083062.0431247
1515083062.043136
1515083063.3789678
1515083063.3789945
1515083063.3790057
1515083064.4610589
1515083064.461089
1515083064.4611003
1515083065.5921903
1515083065.5922477
1515083065.5922656
1515083066.5881078
1515083066.5881398
1515083066.5881493
1515083067.7331803
1515083067.7332323
1515083067.7332454
1515083068.2524924
1515083068.252527
1515083068.252539
1515083069.004791
1515083069.0048318
1515083069.004848
1515083069.8467114
1515083069.8467455
1515083069.8467567
1515083070.3204153
1515083070.3204594
1515083070.320476
1515083071.1025317
1515083071.103013
1515083071.1030347
1515083071.6695843
1515083071.6696157
1515083071.6696253
1515083072.2431192
1515083072.2431548
1515083072.2431667
1515083072.5754695
1515083072.5755222
1515083072.5755358
1515083073.1400588
1515083073.1422043
1515083073.142242
1515083075.2128563
1515083075.212896
1515083075.2129197
1515083075.9760513
1515083075.9764647
1515083075.977042
1515083076.4576626
1515083076.4577003
1515083076.4577143
1515083076.8386285
1515083076.8386893
1515083076.8387096
1515083077.2637467
1515083077.2637725
1515083077.2637832
1515083077.7418187
1515083077.7421298
1515083077.742147
1515083078.0982695
1515083078.0983236
1515083078.098337
1515083078.47574
1515083078.4757705
1515083078.4757805
1515083078.8177314
1515083078.8177748
1515083078.8177922
1515083079.1427593
1515083079.1428013
1515083079.1428149
1515083079.4902694
1515083079.490308
1515083079.4903188
1515083079.8243113
1515083079.8247938
1515083079.8248167
1515083080.0684586
1515083080.0685055
1515083080.0685163
1515083080.340907
1515083080.3409467
1515083080.340961
1515083080.837307
1515083080.837356