
1515071983.2807662
1515071985.6668973
1515071985.6669219
1515071985.6672056
1515071985.6672895
1515071986.2036917
1515071986.2037868
1515071986.5927372
1515071986.5928092
1515071988.1945589
1515071988.1945941
1515071988.8127801
1515071988.8128211
1515071989.3982325
1515071989.3982604
1515071990.0076447
1515071990.007673
1515071990.9656901
1515071990.965719
1515071992.1288326
1515071992.128875
1515071993.5187495
1515071993.5190713
1515071994.9253938
1515071994.9254177
1515071996.3258004
1515071996.3258352
1515071997.5115457
1515071997.5115767
1515071998.8418977
1515071998.8419302
1515071999.8510878
1515071999.8511155
1515072001.1287193
1515072001.1287475
1515072002.3338068
1515072002.3338375
1515072003.3433142
1515072003.3433714
1515072004.4014943
1515072004.4015176
1515072005.5262532
1515072005.5262818
1515072006.311571
1515072006.3116138
1515072007.1630764
1515072007.1631043
1515072008.0168993
1515072008.0169268
1515072008.8433208
1515072008.843365
1515072009.7821164
1515072009.7821476
1515072010.950761
1515072010.950789
1515072012.3175073
1515072012.3175414
1515072013.4534602
1515072013.4534986
1515072014.535775
1515072014.535802
1515072015.6496034
1515072015.6496408
1515072016.6043649
1515072016.6043923
1515072017.7562263
1515072017.756264
1515072018.776224
1515072018.776246
1515072019.6842449
1515072019.6842735
1515072020.796951
1515072020.7969844
1515072021.9492323
1515072021.9492598
1515072022.4413505
1515072023.4430401
1515072023.4430776
1515072024.3738992
1515072024.3742366
1515072025.1995265
1515072025.199573
1515072025.8912
1515072025.8915482
1515072026.806194
1515072026.8062327
1515072027.567714
1515072027.5677378
1515072028.3539205
1515072028.353949
1515072029.2536147
1515072029.2536428
1515072030.2042992
1515072030.2043457
1515072030.8029919
1515072030.803019
1515072031.7875307
1515072031.787594
1515072032.5765808
1515072032.5766096
1515072033.2288938
1515072033.2289894
1515072034.0410652
1515072034.0410883
1515072034.701836
1515072034.7018726
1515072035.465534
1515072035.4655645
1515072036.33625
1515072036.3362784
1515072036.8919673
1515072036.893424
1515072037.59604
1515072037.5960681
1515072038.763913
1515072038.7639408
1515072039.8908656
1515072039.8909006
1515072041.0386515
1515072041.0386887
1515072042.1013174
1515072042.1013556
1515072043.425452
1515072043.425494
1515072045.1762357
1515072045.176261
1515072046.7429724
1515072046.7430034
1515072047.9568295
1515072047.9568658
1515072049.137682
1515072049.1379642
1515072050.2202792
1515072050.2203171
1515072051.3098507
1515072051.3098764
1515072052.4934838
1515072052.493534
1515072053.4880903
1515072053.4885066
1515072054.6230247
1515072054.6230912
1515072055.5231016
1515072055.5231345
1515072056.5668304
1515072056.566867
1515072057.6297715
1515072057.629802
1515072058.669396
1515072058.669548
1515072059.545628
1515072059.5456502
1515072061.0114377
1515072061.0114748
1515072062.328523
1515072062.32855
1515072063.4838235
1515072063.4838758
1515072064.2894714
1515072064.289833
1515072065.351701
1515072065.3517373
1515072066.3777912
1515072066.37807
1515072067.4118397
1515072067.4118774
1515072068.2670681
1515072068.2670963
1515072069.3057816
1515072069.3058772
1515072070.5028977
1515072070.5029268
1515072071.7612557
1515072071.7612932
1515072073.0341055
1515072073.0341332
1515072074.3254657
1515072074.3259783
1515072075.2714295
1515072075.2714577
1515072076.2934113
1515072076.2934492
1515072077.0566251
1515072077.0566711
1515072077.6903126
1515072077.6903663
1515072078.6008074
1515072078.6008418
1515072079.318878
1515072079.3189154
1515072079.902401
1515072079.9024286
1515072080.3538167
1515072080.3538558
1515072080.7730606
1515072080.7730894
1515072081.1942368
1515072081.1946735
1515072081.5832808
1515072081.5833135
1515072082.0108178
1515072082.0108562
1515072082.4432762
1515072082.4433057
1515072082.8777041
1515072082.8777478
1515072083.2584727
1515072083.258511
1515072083.5950646
1515072083.5950978
1515072083.9411151
1515072083.9411392
1515072084.253738
1515072084.253773
1515072085.2574313
1515072085.2575762