
1515071983.2925165
1515071985.2232215
1515071985.2232575
1515071985.2357056
1515071985.2358096
1515071985.7767305
1515071985.7768388
1515071986.4025245
1515071986.4026363
1515071987.0429287
1515071987.0430233
1515071988.328604
1515071988.328632
1515071989.0551744
1515071989.0552049
1515071989.896677
1515071989.8967054
1515071990.8046138
1515071990.8046403
1515071991.803782
1515071991.8038092
1515071992.7976027
1515071992.7976317
1515071993.656359
1515071993.6564507
1515071994.9195285
1515071994.9195511
1515071996.2132995
1515071996.2133288
1515071997.262914
1515071997.2629423
1515071998.196379
1515071998.1964126
1515071999.488128
1515071999.488433
1515072000.28071
1515072000.280976
1515072001.0061715
1515072001.0061998
1515072001.5572937
1515072001.557322
1515072002.268667
1515072002.268696
1515072004.0094886
1515072004.009513
1515072005.0246856
1515072005.0247161
1515072005.9439955
1515072005.9440358
1515072006.9067528
1515072006.9071608
1515072008.048361
1515072008.0483878
1515072008.8184247
1515072008.8184533
1515072009.799476
1515072009.7994993
1515072010.9117975
1515072010.912176
1515072011.958125
1515072011.9581616
1515072012.9702997
1515072012.9709253
1515072013.863808
1515072013.8638349
1515072014.7084086
1515072014.7084396
1515072015.792298
1515072015.7923281
1515072017.0669725
1515072017.0673816
1515072017.9973197
1515072017.9973931
1515072019.0752227
1515072019.0752444
1515072020.0505354
1515072020.0505638
1515072021.184164
1515072021.1841917
1515072022.3332016
1515072022.3332243
1515072023.671548
1515072023.6716328
1515072024.8025463
1515072024.8025765
1515072025.9142964
1515072025.914322
1515072027.22012
1515072027.2201574
1515072028.24766
1515072028.2476864
1515072029.379791
1515072029.3798225
1515072030.4192758
1515072030.4193027
1515072031.3449943
1515072031.3450255
1515072032.0076957
1515072032.0077608
1515072033.0498922
1515072033.0499728
1515072034.1044796
1515072034.1048732
1515072034.9580762
1515072034.958107
1515072035.6630816
1515072035.66311
1515072036.5574837
1515072036.5577638
1515072037.3228383
1515072037.3228664
1515072038.2489064
1515072038.2489357
1515072038.9949496
1515072038.9949777
1515072039.9321966
1515072039.9326055
1515072040.7544792
1515072040.7545016
1515072041.6955767
1515072041.695624
1515072042.6613104
1515072042.661674
1515072043.6665285
1515072043.6665661
1515072044.5315135
1515072044.5315452
1515072045.4739935
1515072045.4743402
1515072046.6055553
1515072046.6055808
1515072047.8658578
1515072047.8658814
1515072049.0425575
1515072049.0425851
1515072050.142498
1515072050.1425204
1515072051.2640405
1515072051.2644498
1515072052.247952
1515072052.2479928
1515072053.058571
1515072053.0585968
1515072053.9721704
1515072053.9721985
1515072054.8937368
1515072054.893762
1515072055.974604
1515072055.9746315
1515072056.9162865
1515072056.9163296
1515072058.0129015
1515072058.012929
1515072059.505046
1515072059.5050733
1515072060.553365
1515072060.5533867
1515072061.5217159
1515072061.5217493
1515072062.6631572
1515072062.6631954
1515072064.040023
1515072064.0400486
1515072065.3173327
1515072065.3173604
1515072066.426464
1515072066.4264858
1515072067.5549536
1515072067.554983
1515072068.4436543
1515072068.445521
1515072069.426353
1515072069.4266713
1515072070.5298235
1515072070.5298536
1515072071.7224398
1515072071.7224617
1515072073.0596697
1515072073.0596979
1515072074.3270104
1515072074.3270338
1515072075.3166513
1515072075.316678
1515072076.3838892
1515072076.3839188
1515072077.4746
1515072077.4746323
1515072078.2893293
1515072078.2893615
1515072078.7842698
1515072078.7843013
1515072079.3864467
1515072079.3867657
1515072079.9712265
1515072079.9712603
1515072080.383884
1515072080.3839078
1515072080.7989275
1515072080.7989514
1515072081.2473733
1515072081.2474048
1515072081.6550286
1515072081.655059
1515072082.058922
1515072082.0589511
1515072082.4685357
1515072082.4685583
1515072082.8443415
1515072082.8443718
1515072083.0141358