
1515071983.2874405
1515071985.5093765
1515071985.5094068
1515071985.5097232
1515071985.5098069
1515071986.0767224
1515071986.076831
1515071986.5570774
1515071986.5571535
1515071987.97968
1515071987.9797065
1515071989.1906784
1515071989.190723
1515071990.7077062
1515071990.7077537
1515071991.945788
1515071991.9458237
1515071993.3604994
1515071993.3605285
1515071994.6149762
1515071994.6150048
1515071995.7713692
1515071995.7714002
1515071997.0119426
1515071997.0120318
1515071998.1274042
1515071998.1274405
1515071999.4276314
1515071999.4276602
1515072000.7455287
1515072000.7455523
1515072001.8353086
1515072001.8353548
1515072002.7720928
1515072002.7721205
1515072003.677197
1515072003.6776202
1515072004.5147042
1515072004.514732
1515072005.6546183
1515072005.654647
1515072006.6366177
1515072006.6366508
1515072008.210942
1515072008.210971
1515072009.663198
1515072009.663226
1515072010.869045
1515072010.8690872
1515072011.8993967
1515072011.8994272
1515072012.982643
1515072012.9826648
1515072014.1581326
1515072014.1581588
1515072015.047485
1515072015.0475602
1515072015.9230037
1515072015.9230318
1515072016.8097665
1515072016.8097975
1515072018.0090766
1515072018.0091026
1515072019.847402
1515072019.8474302
1515072021.0995529
1515072021.0996437
1515072022.2706745
1515072022.2707043
1515072023.5627105
1515072023.5627394
1515072024.7868807
1515072024.7869024
1515072025.9501698
1515072025.9501972
1515072027.1771288
1515072027.1772096
1515072028.2059436
1515072028.20597
1515072029.2108212
1515072029.2108529
1515072030.5713935
1515072030.571804
1515072031.7544389
1515072031.7544618
1515072032.9300122
1515072032.9300413
1515072033.9425497
1515072033.9425788
1515072034.6270225
1515072034.6270728
1515072035.6116226
1515072035.6116602
1515072036.9993618
1515072036.9993906
1515072038.3220627
1515072038.3220851
1515072039.2347505
1515072039.2348235
1515072040.1140726
1515072040.1141026
1515072041.1025615
1515072041.1025865
1515072042.0391622
1515072042.0391889
1515072043.0853808
1515072043.0858996
1515072044.1210237
1515072044.1210587
1515072045.163798
1515072045.1638308
1515072046.142578
1515072046.143006
1515072047.03536
1515072047.03539
1515072047.8487039
1515072047.8487308
1515072048.9435406
1515072048.9435654
1515072050.006727
1515072050.00706
1515072050.9048862
1515072050.9049168
1515072051.6635935
1515072051.664001
1515072052.4663146
1515072052.4663424
1515072053.2937014
1515072053.2937298
1515072054.040197
1515072054.0402246
1515072054.8266065
1515072054.8269207
1515072055.7143874
1515072055.7144194
1515072056.3408215
1515072056.34085
1515072056.908362
1515072056.9083898
1515072057.5919974
1515072057.5922792
1515072058.2175906
1515072058.217629
1515072058.7856636
1515072058.7856996
1515072059.4674242
1515072059.467462
1515072060.1560404
1515072060.156075
1515072060.7152567
1515072060.7153752
1515072061.3111334
1515072061.311162
1515072061.9441192
1515072061.9441507
1515072062.5743709
1515072062.5743997
1515072063.2690895
1515072063.2691846
1515072063.8926256
1515072063.893163
1515072064.5702055
1515072064.5702336
1515072065.377308
1515072065.377335
1515072066.2061071
1515072066.206141
1515072067.0493672
1515072067.0496452
1515072067.6816213
1515072067.6816592
1515072068.3908677
1515072068.3908963
1515072069.2470894
1515072069.2474742
1515072069.8755932
1515072069.8776016
1515072070.568789
1515072070.5688167
1515072071.4295468
1515072071.4295828
1515072072.183076
1515072072.1831033
1515072073.0097399
1515072073.0097733
1515072073.991506
1515072073.991531
1515072074.565467
1515072074.565494
1515072075.3836176
1515072075.383997
1515072076.3969607
1515072076.3969848
1515072077.212944
1515072077.2133617
1515072077.73987
1515072077.739897
1515072078.6139843
1515072078.6140077
1515072079.285914
1515072079.285937
1515072079.8285687
1515072079.828599
1515072080.2088048
1515072080.2088418
1515072080.5507877
1515072080.550825
1515072080.9192538
1515072080.9192834
1515072081.3093107
1515072081.309391
1515072081.6856623
1515072081.685705
1515072082.0701401
1515072082.0701625
1515072082.479286
1515072082.4793074
1515072082.8677993
1515072082.867823
1515072083.208329
1515072083.2083607
1515072083.5427535
1515072083.5427814
1515072083.880958
1515072083.8809893
1515072084.2514966
1515072084.251528
1515072084.6203523
1515072084.6203792