
1515071983.2955272
1515071985.226599
1515071985.2266285
1515071985.2269535
1515071985.2270443
1515071985.7227387
1515071985.7228315
1515071986.2314072
1515071986.2315078
1515071986.5837371
1515071986.583815
1515071988.7803955
1515071988.7804387
1515071989.4551356
1515071989.4551642
1515071989.9533064
1515071989.953334
1515071990.5222094
1515071990.5222356
1515071991.185616
1515071991.1858919
1515071991.6457367
1515071991.645764
1515071992.2192113
1515071992.219249
1515071992.8080668
1515071992.808091
1515071993.4287944
1515071993.4291189
1515071994.1138892
1515071994.114199
1515071994.9171438
1515071994.9171722
1515071995.7145338
1515071995.7145693
1515071996.359525
1515071996.3595536
1515071996.9955232
1515071996.995618
1515071998.0738075
1515071998.0738354
1515071999.3369658
1515071999.3369932
1515072000.6965055
1515072000.6965375
1515072001.753974
1515072001.7540014
1515072002.8906956
1515072002.8907235
1515072003.974604
1515072003.974631
1515072004.7195833
1515072004.719619
1515072005.6753712
1515072005.675397
1515072006.5188856
1515072006.518918
1515072007.554544
1515072007.5545757
1515072008.2909622
1515072008.2909963
1515072009.628998
1515072009.629049
1515072010.7520967
1515072010.7521262
1515072011.6602213
1515072011.6602528
1515072012.5919065
1515072012.5919335
1515072013.4674156
1515072013.4674408
1515072014.3978846
1515072014.3979151
1515072015.2783124
1515072015.2786565
1515072016.158433
1515072016.1584632
1515072017.019422
1515072017.0194564
1515072017.992609
1515072017.9926438
1515072019.0385675
1515072019.0385945
1515072020.0612745
1515072020.0612981
1515072020.9536216
1515072020.9536583
1515072021.9696572
1515072021.9696896
1515072022.8869452
1515072022.8869689
1515072023.8658767
1515072023.8659146
1515072024.7597942
1515072024.7618542
1515072025.6727927
1515072025.6728208
1515072026.5766737
1515072026.5767076
1515072027.4259017
1515072027.4264674
1515072028.4075055
1515072028.407534
1515072029.4183185
1515072029.4183462
1515072030.6243129
1515072030.6243403
1515072031.7852085
1515072031.7852426
1515072032.9530084
1515072032.9533637
1515072034.020719
1515072034.0210059
1515072034.9139142
1515072034.9139452
1515072035.6829906
1515072035.6830142
1515072036.567007
1515072036.5670354
1515072037.4867554
1515072037.4867864
1515072038.2931335
1515072038.29349
1515072039.209786
1515072039.2102194
1515072039.9325695
1515072039.932599
1515072040.7512105
1515072040.7512379
1515072041.6041956
1515072041.6042373
1515072042.3034024
1515072042.3037598
1515072043.1405406
1515072043.140568
1515072044.0725336
1515072044.0728662
1515072044.899614
1515072044.8996446
1515072045.7973578
1515072045.7989728
1515072046.5848806
1515072046.5849097
1515072047.5976555
1515072047.597678
1515072048.500743
1515072048.501017
1515072049.269735
1515072049.269763
1515072050.1314547
1515072050.131485
1515072051.2054434
1515072051.2057898
1515072052.007824
1515072052.0078533
1515072052.9445968
1515072052.9446263
1515072054.1210093
1515072054.121084
1515072055.3076859
1515072055.307714
1515072056.4534895
1515072056.4535182
1515072057.5453794
1515072057.545407
1515072058.6294549
1515072058.62949
1515072059.5889125
1515072059.5889354
1515072060.882724
1515072060.882756
1515072061.9538364
1515072061.9538677
1515072062.7572198
1515072062.7572477
1515072063.862659
1515072063.8634348
1515072064.6174085
1515072064.6174352
1515072065.4454014
1515072065.4454296
1515072066.385043
1515072066.3850675
1515072067.5321124
1515072067.532141
1515072068.438942
1515072068.4389699
1515072069.4242804
1515072069.4243155
1515072070.3685045
1515072070.3685336
1515072071.1940982
1515072071.194128
1515072072.3490076
1515072072.3490722
1515072073.1060421
1515072073.1060674
1515072074.352604
1515072074.352626
1515072075.3252962
1515072075.3253188
1515072076.3060522
1515072076.3060775
1515072077.109312
1515072077.1093419
1515072077.7362893