
1515071983.2826614
1515071985.3377934
1515071985.3378236
1515071985.3381562
1515071985.3382456
1515071985.812386
1515071985.8144636
1515071986.448238
1515071986.4483287
1515071987.185804
1515071987.185894
1515071989.191471
1515071989.1915112
1515071990.7837875
1515071990.7838142
1515071992.0737193
1515071992.0737615
1515071993.2744958
1515071993.2745252
1515071994.4380288
1515071994.4381294
1515071995.5105417
1515071995.5105767
1515071996.8416462
1515071996.8416908
1515071998.0198576
1515071998.0198867
1515071999.4703946
1515071999.4707348
1515072000.9293323
1515072000.929357
1515072002.1457272
1515072002.1457691
1515072003.237982
1515072003.2380126
1515072004.3650427
1515072004.3650932
1515072005.6105611
1515072005.6105986
1515072007.0333576
1515072007.0345356
1515072008.2297528
1515072008.2297845
1515072009.446234
1515072009.4462714
1515072010.323309
1515072010.3233554
1515072011.1741443
1515072011.174703
1515072012.2467077
1515072012.2469838
1515072013.1349661
1515072013.1350186
1515072014.0274963
1515072014.027524
1515072015.4296372
1515072015.429674
1515072016.6612983
1515072016.6613295
1515072017.8946314
1515072017.8946729
1515072019.045035
1515072019.0450556
1515072019.8888307
1515072019.888867
1515072020.7735798
1515072020.7736075
1515072021.6283693
1515072021.6288319
1515072022.5793705
1515072022.5797362
1515072023.0531695
1515072024.0709977
1515072024.0711176
1515072024.8914468
1515072024.8914835
1515072025.7680185
1515072025.7680495
1515072026.8782008
1515072026.8782263
1515072027.8121963
1515072027.8122432
1515072028.7767832
1515072028.7768128
1515072029.6857097
1515072029.6857579
1515072030.60824
1515072030.6082668
1515072031.7412493
1515072031.7412865
1515072032.7327254
1515072032.7327588
1515072033.5292363
1515072033.5292695
1515072034.3904362
1515072034.3904636
1515072035.4172883
1515072035.4173365
1515072036.3662298
1515072036.366258
1515072037.1524897
1515072037.1525269
1515072038.3324003
1515072038.3324223
1515072039.5256171
1515072039.525655
1515072040.7397928
1515072040.7398202
1515072041.8848133
1515072041.8848512
1515072043.0209873
1515072043.021021
1515072044.034623
1515072044.03466
1515072045.0771644
1515072045.0772421
1515072046.3869498
1515072046.3869884
1515072047.4749794
1515072047.4750075
1515072048.461119
1515072048.4614637
1515072049.2849464
1515072049.2849698
1515072050.2519276
1515072050.2520616
1515072051.3466039
1515072051.3466358
1515072052.4308426
1515072052.4309042
1515072053.39474
1515072053.394782
1515072054.3934681
1515072054.393787
1515072055.406746
1515072055.4068372
1515072056.6609793
1515072056.6610234
1515072057.995561
1515072057.9956005
1515072059.2214353
1515072059.221473
1515072060.288313
1515072060.2883408
1515072061.5848813
1515072061.584918
1515072062.6444147
1515072062.6444418
1515072063.7691278
1515072063.7695289
1515072064.6243231
1515072064.6243634
1515072065.491692
1515072065.4917269
1515072066.604513
1515072066.6046104
1515072068.162742
1515072068.162781
1515072069.6306927
1515072069.6307356
1515072070.8182433
1515072070.8182836
1515072071.864246
1515072071.8646064
1515072073.047115
1515072073.0471475
1515072074.3099992
1515072074.3100283
1515072075.123512
1515072075.1303399
1515072075.8824816
1515072075.8825216
1515072076.6223414
1515072076.622379
1515072077.6019397
1515072077.601975
1515072078.5378308
1515072078.5378683
1515072079.3230047
1515072079.3230278
1515072080.0168157
1515072080.0168552
1515072080.4475126
1515072080.4475415
1515072080.8699663
1515072080.87001
1515072081.3139074
1515072081.3139298
1515072081.6925023
1515072081.692559
1515072082.061335
1515072082.061357
1515072082.4681768
1515072082.4682155
1515072082.8985472
1515072082.8985717
1515072083.251471
1515072083.2515094
1515072083.5947213
1515072083.5947504
1515072083.9335768
1515072083.9336145
1515072084.2815998
1515072084.2816224