
1515071983.2623966
1515071985.0724268
1515071985.072467
1515071985.0729895
1515071985.0730884
1515071985.6666882
1515071985.6667936
1515071986.4338243
1515071986.4340043
1515071987.1003928
1515071987.100502
1515071988.5298903
1515071988.5299227
1515071989.2037888
1515071989.2038186
1515071989.7308807
1515071989.730911
1515071990.5770962
1515071990.5771255
1515071991.4715085
1515071991.4715424
1515071992.4362192
1515071992.4362805
1515071993.4809077
1515071993.4809353
1515071994.9536486
1515071994.9536774
1515071996.3578436
1515071996.3578734
1515071997.6425755
1515071997.6426044
1515071998.9345324
1515071998.934562
1515071999.749898
1515071999.7499268
1515072000.8971024
1515072000.897133
1515072001.932574
1515072001.9326026
1515072002.872876
1515072002.8729167
1515072004.4180858
1515072004.4181128
1515072005.9180763
1515072005.9181056
1515072007.373624
1515072007.3736777
1515072008.5485742
1515072008.5486073
1515072009.867571
1515072009.8676198
1515072010.9603794
1515072010.9604084
1515072012.0120893
1515072012.012165
1515072012.991242
1515072012.9912658
1515072014.0860562
1515072014.0860822
1515072014.959876
1515072014.9599042
1515072015.8419578
1515072015.8419878
1515072016.7757142
1515072016.775763
1515072017.9216218
1515072017.9216511
1515072019.059172
1515072019.0591986
1515072020.0132527
1515072020.0133317
1515072020.8519783
1515072020.8520143
1515072021.8316555
1515072021.8316863
1515072022.6897485
1515072022.6897917
1515072023.6476758
1515072023.6477058
1515072024.7851582
1515072024.7851863
1515072025.8338885
1515072025.833983
1515072027.0574129
1515072027.0575264
1515072028.117029
1515072028.1170566
1515072029.2391965
1515072029.239228
1515072030.4810312
1515072030.4810603
1515072031.709036
1515072031.7090645
1515072032.9842393
1515072032.9842694
1515072034.1736386
1515072034.173667
1515072035.4517832
1515072035.4518123
1515072036.5340729
1515072036.5344317
1515072037.5362515
1515072037.5365903
1515072038.4388518
1515072038.438889
1515072039.286337
1515072039.2863643
1515072040.055736
1515072040.0557747
1515072040.8518794
1515072040.851912
1515072041.8803058
1515072041.880342
1515072042.8418448
1515072042.842239
1515072043.7329679
1515072043.733003
1515072044.6677077
1515072044.667746
1515072045.71173
1515072045.711766
1515072046.8024137
1515072046.8024552
1515072047.8023984
1515072047.8024302
1515072048.9260929
1515072048.926121
1515072050.0901384
1515072050.0901663
1515072051.15927
1515072051.1641812
1515072052.0088212
1515072052.008846
1515072052.9017272
1515072052.9017603
1515072053.842749
1515072053.8427734
1515072054.7776847
1515072054.7780728
1515072055.6574383
1515072055.6574676
1515072056.6099598
1515072056.6099966
1515072057.6567724
1515072057.6578364
1515072058.6122465
1515072058.6122706
1515072059.540385
1515072059.5404134
1515072060.7717144
1515072060.7717667
1515072061.750358
1515072061.7503884
1515072062.6811674
1515072062.6812007
1515072063.7155256
1515072063.715579
1515072064.4152374
1515072064.4152665
1515072065.360781
1515072065.3608043
1515072066.422851
1515072066.422875
1515072067.4893298
1515072067.489359
1515072068.406663
1515072068.406693
1515072069.4292839
1515072069.4296057
1515072070.5632403
1515072070.5632687
1515072071.7911806
1515072071.7915194
1515072072.9326456
1515072072.9326754
1515072073.9548578
1515072073.9548817
1515072074.605136
1515072074.605164
1515072075.4405696
1515072075.4405973
1515072076.471456
1515072076.4714854
1515072077.5480182
1515072077.5480425