
1515071983.2923694
1515071985.594901
1515071985.594937
1515071985.5953135
1515071985.6095715
1515071986.3402507
1515071986.3403797
1515071987.0646567
1515071987.064767
1515071988.683323
1515071988.683383
1515071989.6180584
1515071989.618084
1515071990.7646174
1515071990.764649
1515071991.9931812
1515071991.9932098
1515071993.4504106
1515071993.450437
1515071994.9598346
1515071994.9598587
1515071996.296449
1515071996.2964742
1515071997.333179
1515071997.3332067
1515071998.331831
1515071998.3318574
1515071999.4620383
1515071999.462358
1515072000.4351358
1515072000.4355159
1515072001.3469913
1515072001.347028
1515072002.3865685
1515072002.3866093
1515072003.3295522
1515072003.3295805
1515072004.4433565
1515072004.4433885
1515072005.606236
1515072005.6062639
1515072006.391633
1515072006.3919158
1515072007.0980284
1515072007.098057
1515072008.228869
1515072008.2288914
1515072009.5651946
1515072009.565222
1515072010.8633041
1515072010.863368
1515072011.9387975
1515072011.9388247
1515072012.9867036
1515072012.986726
1515072014.080134
1515072014.0801613
1515072015.3742456
1515072015.3745291
1515072016.5018852
1515072016.5019147
1515072017.5259626
1515072017.5259929
1515072018.4016144
1515072018.4019177
1515072019.4424808
1515072019.442517
1515072020.7471945
1515072020.7472289
1515072021.3142567
1515072022.522011
1515072022.5223463
1515072023.5322144
1515072023.5322444
1515072024.533879
1515072024.5339088
1515072025.462213
1515072025.4622436
1515072026.1401024
1515072026.1401389
1515072027.159487
1515072027.1595812
1515072028.1839306
1515072028.1842713
1515072029.1536345
1515072029.1536796
1515072030.103575
1515072030.103613
1515072030.7936447
1515072030.7936802
1515072031.775899
1515072031.7759223
1515072032.5778327
1515072032.5778575
1515072033.4030747
1515072033.4035757
1515072034.282737
1515072034.2827625
1515072035.2471597
1515072035.2471905
1515072036.0630906
1515072036.0631201
1515072036.800346
1515072036.8003778
1515072037.8571303
1515072037.8571577
1515072038.8076518
1515072038.8076797
1515072039.7462103
1515072039.7462385
1515072040.7102575
1515072040.7102957
1515072041.7616525
1515072041.761683
1515072042.681366
1515072042.6813936
1515072043.5292408
1515072043.5292847
1515072044.3660047
1515072044.3660352
1515072045.2313988
1515072045.2317014
1515072046.108902
1515072046.10893
1515072046.962772
1515072046.9628
1515072047.6726155
1515072047.672646
1515072048.5036936
1515072048.5039766
1515072049.2342255
1515072049.2342541
1515072050.1386015
1515072050.1389198
1515072051.0509071
1515072051.0509348
1515072051.714945
1515072051.715292
1515072052.929164
1515072052.929197
1515072054.0884335
1515072054.0884602
1515072055.0059118
1515072055.0062542
1515072056.153714
1515072056.1537473
1515072057.0259562
1515072057.0259907
1515072058.059426
1515072058.05945
1515072059.0457935
1515072059.0458212
1515072059.7392952
1515072059.7393224
1515072060.5525262
1515072060.5525548
1515072061.3660042
1515072061.3660367
1515072062.2660086
1515072062.2660367
1515072063.012508
1515072063.0139143
1515072063.8178058
1515072063.8178332
1515072064.6245422
1515072064.6245651
1515072065.4781213
1515072065.4781485
1515072066.4205382
1515072066.4208407
1515072067.5834193
1515072067.5834444
1515072068.482269
1515072068.4822958
1515072069.4540162
1515072069.4543383
1515072070.516391
1515072070.516419
1515072071.7626657
1515072071.7626889
1515072072.797822
1515072072.7978663
1515072073.2832024
1515072073.283232
1515072074.3126216
1515072074.3126452
1515072075.1297252
1515072075.129754
1515072076.335922
1515072076.3361983
1515072076.8283803
1515072076.8284583
1515072077.5375957
1515072077.537625
1515072078.131914
1515072078.1319587
1515072078.5804589
1515072078.580748