
1515071983.2825646
1515071985.508296
1515071985.5083296
1515071985.5087385
1515071985.5088813
1515071986.0221298
1515071986.0222287
1515071986.4820266
1515071986.482122
1515071987.1991644
1515071987.1992695
1515071988.775019
1515071988.775047
1515071989.5978053
1515071989.5978327
1515071990.4788978
1515071990.478927
1515071991.5523984
1515071991.552714
1515071992.7347178
1515071992.7347445
1515071993.7585247
1515071993.759105
1515071995.0388293
1515071995.0391111
1515071996.776383
1515071996.7764168
1515071998.316784
1515071998.3168118
1515071999.464462
1515071999.4647715
1515072000.7155266
1515072000.7155552
1515072001.6811194
1515072001.6811488
1515072002.7660236
1515072002.766074
1515072004.1059222
1515072004.1059558
1515072005.559064
1515072005.559092
1515072006.6237602
1515072006.624038
1515072008.2393994
1515072008.239423
1515072009.7613811
1515072009.7614076
1515072011.0915034
1515072011.091631
1515072012.362419
1515072012.3624518
1515072013.467641
1515072013.4676654
1515072014.5681307
1515072014.5681546
1515072015.708046
1515072015.7080827
1515072016.7194276
1515072016.719454
1515072017.7981398
1515072017.7981715
1515072018.6387374
1515072018.6387668
1515072019.6355553
1515072019.635585
1515072020.5877943
1515072020.5913262
1515072021.4160724
1515072021.4174783
1515072022.3246298
1515072022.324964
1515072023.4788003
1515072023.4788287
1515072024.5590036
1515072024.55903
1515072025.729096
1515072025.7291236
1515072026.8202536
1515072026.8239236
1515072027.6566286
1515072027.6569514
1515072028.4893484
1515072028.4893746
1515072029.4205132
1515072029.4205358
1515072030.378258
1515072030.378289
1515072031.3487177
1515072031.3487413
1515072032.087361
1515072032.0873933
1515072033.0952199
1515072033.0953016
1515072034.2458496
1515072034.245873
1515072035.4187312
1515072035.4187593
1515072036.2873907
1515072036.2874215
1515072036.9312685
1515072036.9312937
1515072037.8286867
1515072037.8287146
1515072038.628455
1515072038.628504
1515072039.4298942
1515072039.4302335
1515072040.1803048
1515072040.1803427
1515072041.066864
1515072041.066896
1515072041.9386456
1515072041.93867
1515072042.8809843
1515072042.8810165
1515072043.5937505
1515072043.5937808
1515072044.3061917
1515072044.3089716
1515072045.073877
1515072045.0739126
1515072045.818228
1515072045.8185265
1515072046.6065834
1515072046.6066053
1515072047.577131
1515072047.5771596
1515072048.414398
1515072048.4147003
1515072049.122365
1515072049.1223912
1515072050.095271
1515072050.0956185
1515072051.340395
1515072051.3404195
1515072052.3962154
1515072052.3962445
1515072053.227932
1515072053.227966
1515072054.1634994
1515072054.1635833
1515072054.9438968
1515072054.9439273
1515072055.8005803
1515072055.8006146
1515072056.6011093
1515072056.6011333
1515072057.4685347
1515072057.469503
1515072058.3622053
1515072058.3622375
1515072059.1495032
1515072059.1495323
1515072060.0439541
1515072060.043983
1515072061.0490873
1515072061.0493925
1515072062.2878497
1515072062.2878742
1515072063.1436725
1515072063.143708
1515072064.0400357
1515072064.0400684
1515072064.9109867
1515072064.9110212
1515072065.6727085
1515072065.6727493
1515072066.717356
1515072066.7173913
1515072067.8736112
1515072067.8736455
1515072068.7020364
1515072068.7020648
1515072069.5657856
1515072069.5658183
1515072070.6029582
1515072070.6029913
1515072071.7191868
1515072071.7230003
1515072072.709204
1515072072.7092361
1515072073.1343699
1515072073.134397
1515072074.2609425
1515072074.260972
1515072075.0555341
1515072075.0555775
1515072075.7757878
1515072075.7758217
1515072076.5858605
1515072076.5858889
1515072077.6195648
1515072077.6195934
1515072078.5057204
1515072078.505749
1515072079.0409923
1515072079.0410268
1515072079.4879584
1515072079.4879875
1515072080.071272
1515072080.0712986
1515072080.4847097
1515072080.484738
1515072080.893161
1515072080.8931897