
1515071983.2712321
1515071985.4544573
1515071985.454495
1515071985.454872
1515071985.4549668
1515071985.879489
1515071985.879638
1515071986.4855325
1515071986.4856188
1515071987.1610844
1515071987.1611798
1515071988.9863799
1515071988.9864192
1515071990.0468962
1515071990.0469213
1515071991.2557852
1515071991.2558188
1515071992.6820164
1515071992.6820493
1515071993.6717515
1515071993.6718383
1515071995.079007
1515071995.0793555
1515071996.264216
1515071996.2642407
1515071997.4028153
1515071997.40313
1515071998.284927
1515071998.284955
1515071999.3027782
1515071999.3031135
1515072000.269272
1515072000.2695706
1515072001.2450237
1515072001.2450526
1515072002.2473168
1515072002.2473636
1515072003.1511064
1515072003.1511471
1515072003.8919618
1515072003.8919926
1515072004.4548824
1515072004.4551942
1515072005.3380861
1515072005.3381183
1515072005.9903822
1515072005.9904594
1515072006.867984
1515072006.8680196
1515072007.6241016
1515072007.624133
1515072008.2976832
1515072008.2977083
1515072009.4650788
1515072009.466163
1515072010.249875
1515072010.249908
1515072011.1304433
1515072011.1304824
1515072012.0020158
1515072012.0020957
1515072012.9221177
1515072012.9221635
1515072013.6832323
1515072013.6832638
1515072014.475217
1515072014.475256
1515072015.5805118
1515072015.5805457
1515072016.542946
1515072016.5429747
1515072017.5780163
1515072017.5780442
1515072018.398417
1515072018.3984456
1515072019.297654
1515072019.297687
1515072020.1533666
1515072020.1533954
1515072021.0321121
1515072021.0321946
1515072022.013537
1515072022.0135634
1515072022.874339
1515072022.8743672
1515072023.7558098
1515072023.755838
1515072024.6787505
1515072024.679048
1515072025.7573361
1515072025.7573636
1515072026.7182188
1515072026.7182536
1515072027.5497134
1515072027.5497456
1515072028.4566858
1515072028.4567137
1515072029.390134
1515072029.390161
1515072030.537093
1515072030.5371296
1515072031.7863848
1515072031.7864618
1515072033.0418496
1515072033.0419765
1515072034.2301736
1515072034.2302065
1515072035.423282
1515072035.4233043
1515072036.3853643
1515072036.3853872
1515072037.1029716
1515072037.103294
1515072037.8913028
1515072037.8913257
1515072038.8165095
1515072038.816533
1515072039.629087
1515072039.6295702
1515072040.3243613
1515072040.3243914
1515072041.0838614
1515072041.0838938
1515072041.9233942
1515072041.9234235
1515072042.7379813
1515072042.7383845
1515072043.4518647
1515072043.4518929
1515072044.210893
1515072044.2109354
1515072044.9772606
1515072044.9772859
1515072045.7718909
1515072045.772167
1515072046.5373414
1515072046.5373714
1515072047.512347
1515072047.5123749
1515072048.2289002
1515072048.2293394
1515072049.077117
1515072049.077144
1515072050.0908813
1515072050.0909042
1515072050.96715
1515072050.967181
1515072051.6001854
1515072051.6015508
1515072052.3287117
1515072052.3287396
1515072053.0087192
1515072053.0087616
1515072053.8281603
1515072053.8281882
1515072054.8338382
1515072054.8338675
1515072055.7703018
1515072055.7703273
1515072056.5398407
1515072056.5398817
1515072057.369277
1515072057.3693044
1515072058.056267
1515072058.0576823
1515072058.8394938
1515072058.8395793
1515072059.5991974
1515072059.5992212
1515072060.3742383
1515072060.3748238
1515072061.142696
1515072061.1427255
1515072062.7097216
1515072062.7097497
1515072064.013743
1515072064.0141706
1515072065.1365612
1515072065.1366072
1515072066.0021107
1515072066.0021443
1515072066.9300416
1515072066.9303274
1515072067.9602296
1515072067.9602616
1515072068.9377694
1515072068.937797
1515072069.6805067
1515072069.6809833
1515072070.621249
1515072070.6212764
1515072071.8009207
1515072071.8009446
1515072072.9349434
1515072072.9349744
1515072073.9194667
1515072073.9194953