
1515071983.2875366
1515071985.0695922
1515071985.0696282
1515071985.0699549
1515071985.07004
1515071985.6285057
1515071985.6286018
1515071986.36626
1515071986.3663716
1515071986.8262906
1515071986.8276482
1515071988.753711
1515071988.7537591
1515071989.473621
1515071989.4736438
1515071990.091966
1515071990.0920062
1515071990.744228
1515071990.744257
1515071991.3267121
1515071991.3288403
1515071991.8881764
1515071991.888205
1515071992.629032
1515071992.629071
1515071993.5221138
1515071993.5221634
1515071994.493463
1515071994.4934998
1515071995.1857052
1515071995.1857338
1515071996.1429539
1515071996.143001
1515071996.9030938
1515071996.9031277
1515071997.7062542
1515071997.706551
1515071998.4583306
1515071998.4583719
1515071999.3818476
1515071999.3818839
1515072000.2796009
1515072000.2798836
1515072001.2924829
1515072001.2925394
1515072002.2918696
1515072002.2918983
1515072003.2936857
1515072003.2941084
1515072004.379657
1515072004.379685
1515072005.63928
1515072005.6393826
1515072006.7843509
1515072006.7843795
1515072008.2244067
1515072008.2244391
1515072009.7462673
1515072009.7462938
1515072010.9786007
1515072010.9789312
1515072012.17827
1515072012.1782978
1515072013.1282086
1515072013.1282475
1515072014.1245887
1515072014.1246147
1515072014.8974075
1515072014.8974469
1515072015.8784885
1515072015.8788016
1515072016.8186612
1515072016.818698
1515072017.8475327
1515072017.8475683
1515072018.7748213
1515072018.7748592
1515072019.573979
1515072019.574008
1515072020.6977468
1515072020.6977859
1515072021.556839
1515072021.5568664
1515072022.593984
1515072022.5946927
1515072023.6761577
1515072023.676183
1515072024.6165252
1515072024.6165628
1515072025.7658064
1515072025.7658303
1515072026.8513207
1515072026.8513758
1515072027.7545586
1515072027.757165
1515072028.8103437
1515072028.8103812
1515072029.7630792
1515072029.7631087
1515072030.6615627
1515072030.661599
1515072032.2086396
1515072032.2086694
1515072033.5184345
1515072033.5184817
1515072034.519644
1515072034.5196722
1515072035.506325
1515072035.5063632
1515072036.6154501
1515072036.6154757
1515072037.7949653
1515072037.7950053
1515072038.7784083
1515072038.7784338
1515072039.8192205
1515072039.8192575
1515072040.8339462
1515072040.8339772
1515072041.9352338
1515072041.9352765
1515072043.1199272
1515072043.1199565
1515072044.2002738
1515072044.20031
1515072045.1494484
1515072045.149476
1515072046.2908368
1515072046.2908819
1515072047.5968704
1515072047.5969446
1515072048.8770926
1515072048.8771298
1515072050.0760486
1515072050.0763843
1515072051.2740872
1515072051.2744339
1515072052.3501163
1515072052.3501408
1515072053.3452005
1515072053.3456562
1515072054.4748337
1515072054.4751654
1515072055.2550514
1515072055.2557003
1515072056.1027932
1515072056.1028214
1515072056.8555408
1515072056.855596
1515072057.7072465
1515072057.7072709
1515072058.597608
1515072058.5976458
1515072059.5806696
1515072059.580697
1515072060.3849027
1515072060.385205
1515072061.1110306
1515072061.1110585
1515072062.2066045
1515072062.206642
1515072063.962859
1515072063.9628983
1515072065.3308384
1515072065.3308752
1515072066.448842
1515072066.4488661
1515072067.980432
1515072067.980469
1515072069.2884681
1515072069.2885005
1515072070.4546463
1515072070.454698
1515072071.8234797
1515072071.8235042
1515072073.0696836
1515072073.072852
1515072074.345207
1515072074.3452296
1515072075.3643837
1515072075.3644257
1515072076.3661807
1515072076.3662083
1515072077.4021497
1515072077.4021912
1515072077.8869739
1515072077.8870015
1515072078.6146855
1515072078.614727
1515072079.28075
1515072079.2807798
1515072079.7260027
1515072079.7260406
1515072079.9979904