
1515082991.9625466
1515082998.5039124
1515082998.5039449
1515082998.5039551
1515083000.1347344
1515083000.1347673
1515083000.134777
1515083001.043875
1515083001.0442286
1515083001.0442462
1515083001.9303749
1515083001.930401
1515083001.9304106
1515083003.8520257
1515083003.852059
1515083003.852069
1515083004.5753856
1515083004.5754154
1515083004.5754251
1515083005.2910497
1515083005.2910776
1515083005.2910874
1515083005.919882
1515083005.9199362
1515083005.9199557
1515083006.4774063
1515083006.4774368
1515083006.4774463
1515083006.9607244
1515083006.9610522
1515083006.9610696
1515083007.6822155
1515083007.682252
1515083007.682518
1515083008.5083914
1515083008.5084198
1515083008.508431
1515083009.3608909
1515083009.3609319
1515083009.360942
1515083010.3605893
1515083010.360868
1515083010.3608844
1515083011.453503
1515083011.4535444
1515083011.4535553
1515083012.4270957
1515083012.4271235
1515083012.4271333
1515083013.6375394
1515083013.6378539
1515083013.6378703
1515083014.8205829
1515083014.8206115
1515083014.8206208
1515083015.8712873
1515083015.871598
1515083015.8716142
1515083017.1162198
1515083017.116263
1515083017.1162736
1515083018.3787558
1515083018.378788
1515083018.3787992
1515083019.5887797
1515083019.5888052
1515083019.5888147
1515083020.9048882
1515083020.9052963
1515083020.905315
1515083022.170251
1515083022.1702785
1515083022.170289
1515083023.782357
1515083023.782395
1515083023.7824075
1515083025.0892465
1515083025.0892794
1515083025.0892894
1515083026.2295022
1515083026.2295449
1515083026.2295566
1515083027.3479125
1515083027.3479433
1515083027.347954
1515083028.4497738
1515083028.4500942
1515083028.4501126
1515083029.4541845
1515083029.4542136
1515083029.4542234
1515083030.4582012
1515083030.4588466
1515083030.458858
1515083031.8423922
1515083031.8424327
1515083031.8424435
1515083033.38469
1515083033.3847165
1515083033.3847263
1515083034.8621464
1515083034.8621843
1515083034.862195
1515083036.1592145
1515083036.159245
1515083036.1592553
1515083037.4215481
1515083037.4215865
1515083037.421599
1515083038.8934836
1515083038.893511
1515083038.8935206
1515083040.2652953
1515083040.2653213
1515083040.2653308
1515083041.5750332
1515083041.5750618
1515083041.5750725
1515083042.754499
1515083042.7545867
1515083042.754641
1515083044.0252283
1515083044.025265
1515083044.0252755
1515083045.155993
1515083045.1560378
1515083045.1561017
1515083046.443118
1515083046.4431505
1515083046.4431617
1515083047.6476908
1515083047.6477158
1515083047.647725
1515083049.0585213
1515083049.0585487
1515083049.058558
1515083050.699226
1515083050.6992626
1515083050.6992736
1515083052.3262403
1515083052.3262627
1515083052.326272
1515083053.7624235
1515083053.7624562
1515083053.762466
1515083054.9058452
1515083054.905884
1515083054.9058943
1515083055.998232
1515083055.998255
1515083055.9991913
1515083057.1821773
1515083057.1822
1515083057.1822097
1515083058.9574506
1515083058.957478
1515083058.9574878
1515083060.4356618
1515083060.4360301
1515083060.436047
1515083062.0361686
1515083062.036512
1515083062.0365293
1515083063.969323
1515083063.9693983
1515083063.9694505
1515083066.0891569
1515083066.0891974
1515083066.0892084
1515083067.988987
1515083067.9890087
1515083067.9890182
1515083069.0233722
1515083069.0234022
1515083069.0234163
1515083070.090296
1515083070.090402
1515083070.0904763
1515083071.0272467
1515083071.0272746
1515083071.027284
1515083071.6971464
1515083071.6974757
1515083071.697491
1515083072.5533826
1515083072.5534196
1515083072.5534296
1515083073.1861153
1515083073.1861417
1515083073.1861517