
1515082992.0083926
1515082998.82479
1515082998.8248394
1515082998.8248563
1515083000.7417223
1515083000.741796
1515083000.7418482
1515083001.9361556
1515083001.9361787
1515083001.9361887
1515083002.9449325
1515083002.945308
1515083002.9453251
1515083003.9462323
1515083003.9462662
1515083003.9462767
1515083005.2401788
1515083005.2402253
1515083005.240246
1515083006.5344412
1515083006.5344787
1515083006.534489
1515083007.8844588
1515083007.8844876
1515083007.8844976
1515083008.9635942
1515083008.9639797
1515083008.9646997
1515083010.3394418
1515083010.339482
1515083010.3394926
1515083011.7591228
1515083011.759149
1515083011.7591586
1515083012.9594188
1515083012.9594545
1515083012.9594667
1515083014.1134465
1515083014.1134896
1515083014.1135006
1515083015.5304492
1515083015.5304742
1515083015.5304835
1515083016.784692
1515083016.784718
1515083016.7847278
1515083017.9006095
1515083017.900648
1515083017.9006584
1515083019.3396997
1515083019.3397236
1515083019.3397334
1515083020.8919895
1515083020.892017
1515083020.8920267
1515083022.3274152
1515083022.3274438
1515083022.3274534
1515083023.913561
1515083023.9135995
1515083023.913613
1515083025.1267939
1515083025.1271665
1515083025.1272366
1515083026.3377442
1515083026.3377824
1515083026.3383465
1515083027.536905
1515083027.5369322
1515083027.536942
1515083028.1549146
1515083028.1550066
1515083028.1550655
1515083028.8232105
1515083028.8232384
1515083028.8232484
1515083029.3716252
1515083029.3716533
1515083029.3716736
1515083030.4336095
1515083030.433691
1515083030.4337425
1515083031.931117
1515083031.931161
1515083031.9311726
1515083033.732869
1515083033.7329214
1515083033.7329319
1515083035.224654
1515083035.2247012
1515083035.2247121
1515083036.879929
1515083036.8799624
1515083036.879973
1515083038.6044626
1515083038.6045015
1515083038.6045172
1515083040.0984092
1515083040.0984378
1515083040.098448
1515083041.8050516
1515083041.8050818
1515083041.805092
1515083043.4136205
1515083043.4136567
1515083043.413667
1515083044.9412808
1515083044.941316
1515083044.9413285
1515083046.3710487
1515083046.371086
1515083046.3710983
1515083047.748451
1515083047.7484868
1515083047.7484975
1515083049.0099607
1515083049.0104647
1515083049.0104825
1515083050.245827
1515083050.2458608
1515083050.2458732
1515083051.4151506
1515083051.415179
1515083051.4151902
1515083052.4244328
1515083052.4244683
1515083052.4244785
1515083053.7205966
1515083053.7206235
1515083053.7206335
1515083054.9133356
1515083054.9133608
1515083054.9133701
1515083055.9921937
1515083055.9922297
1515083055.9922397
1515083057.1708264
1515083057.1708481
1515083057.1708574
1515083058.3083482
1515083058.3096457
1515083058.309664
1515083059.8157923
1515083059.815829
1515083059.815839
1515083061.0268848
1515083061.0273209
1515083061.0274022
1515083062.0345805
1515083062.034618
1515083062.034628
1515083063.0523224
1515083063.0523505
1515083063.05236
1515083064.0491934
1515083064.0492268
1515083064.0492373
1515083065.6312802
1515083065.6313198
1515083065.6313326
1515083066.7780058
1515083066.778401
1515083066.778419
1515083067.957525
1515083067.9575627
1515083067.957573
1515083068.8358173
1515083068.8358605
1515083068.8358727
1515083069.9829652
1515083069.9830418
1515083069.9830947
1515083070.7363296
1515083070.7363577
1515083070.736369
1515083071.6419518
1515083071.6419823
1515083071.6419923
1515083072.3011591
1515083072.3011954
1515083072.301207
1515083072.706879
1515083072.7069125
1515083072.7069252
1515083073.242134
1515083073.2421572
1515083073.2421668
1515083075.2560084
1515083075.2560372
1515083075.256047
1515083075.942523
1515083075.942559
1515083075.9425738
1515083076.3732398
1515083076.373282
1515083076.3732934
1515083076.5639317