
1515082991.9356816
1515082998.0364969
1515082998.03653
1515082998.036541
1515082998.913593
1515082998.913621
1515082998.9136324
1515082999.5194912
1515082999.5195153
1515082999.519525
1515083001.2418132
1515083001.241848
1515083001.24186
1515083003.024334
1515083003.0243573
1515083003.0243669
1515083004.793799
1515083004.7940996
1515083004.794116
1515083006.370544
1515083006.370582
1515083006.3705924
1515083007.597417
1515083007.5977066
1515083007.5977228
1515083008.7884932
1515083008.7885263
1515083008.7885365
1515083010.0677385
1515083010.0680354
1515083010.0680518
1515083011.4416077
1515083011.4416409
1515083011.441651
1515083012.7861001
1515083012.7861292
1515083012.7861404
1515083013.8377783
1515083013.8378954
1515083013.8379517
1515083015.509731
1515083015.509764
1515083015.5097733
1515083016.8107915
1515083016.8108141
1515083016.810824
1515083018.1417634
1515083018.141797
1515083018.141807
1515083019.5162818
1515083019.5163095
1515083019.5163188
1515083020.8603344
1515083020.860368
1515083020.8603816
1515083022.082537
1515083022.082565
1515083022.0825746
1515083023.2773738
1515083023.2773983
1515083023.2774076
1515083024.680127
1515083024.6802168
1515083024.6802683
1515083025.921446
1515083025.9214807
1515083025.9214919
1515083027.1874855
1515083027.187513
1515083027.1875222
1515083028.5492857
1515083028.5493445
1515083028.5493639
1515083030.4314036
1515083030.4314961
1515083030.431548
1515083031.7712383
1515083031.771276
1515083031.771287
1515083032.8965971
1515083032.8966384
1515083032.8966491
1515083034.0622568
1515083034.0625515
1515083034.0625684
1515083035.1644986
1515083035.1645236
1515083035.164533
1515083036.3016531
1515083036.3016827
1515083036.3016922
1515083037.4954484
1515083037.4954755
1515083037.495485
1515083039.136774
1515083039.1368127
1515083039.1368241
1515083040.7475016
1515083040.747536
1515083040.7475462
1515083042.346341
1515083042.3463683
1515083042.3463778
1515083043.863682
1515083043.8637092
1515083043.8637187
1515083045.315467
1515083045.315492
1515083045.3155015
1515083046.7697196
1515083046.77014
1515083046.7701547
1515083048.12005
1515083048.1200778
1515083048.1200876
1515083049.920777
1515083049.9208064
1515083049.920817
1515083051.444157
1515083051.4441953
1515083051.444205
1515083052.7452621
1515083052.7452936
1515083052.7453334
1515083054.1222117
1515083054.1229208
1515083054.1229312
1515083055.2979214
1515083055.2979481
1515083055.297958
1515083056.6856523
1515083056.6856756
1515083056.685685
1515083058.2266831
1515083058.226707
1515083058.2267165
1515083059.8019903
1515083059.8020537
1515083059.8020651
1515083061.249801
1515083061.2498283
1515083061.2498384
1515083062.5949993
1515083062.5950408
1515083062.5950525
1515083064.0171154
1515083064.0171428
1515083064.0171533
1515083065.2894208
1515083065.2894537
1515083065.2894633
1515083066.5237756
1515083066.5238042
1515083066.523814
1515083067.8361304
1515083067.8361776
1515083067.8361897
1515083068.7367976
1515083068.7368302
1515083068.736841
1515083069.63922
1515083069.6392574
1515083069.6392698
1515083070.1619523
1515083070.16226
1515083070.1622763
1515083070.9266117
1515083070.9267197
1515083070.9267747
1515083071.7184556
1515083071.7184818
1515083071.7184908
1515083072.5377269
1515083072.53776
1515083072.5377731
1515083073.2200658
1515083073.220101
1515083073.2201114