
1515082991.9675534
1515082998.5665464
1515082998.5665762
1515082998.566586
1515082999.597569
1515082999.5975986
1515082999.5976083
1515083000.9910977
1515083000.9914293
1515083000.9914477
1515083001.952596
1515083001.9526224
1515083001.952632
1515083003.0773473
1515083003.077376
1515083003.0773854
1515083004.046019
1515083004.0463588
1515083004.0463762
1515083005.4663703
1515083005.4664152
1515083005.4664354
1515083006.5539346
1515083006.553958
1515083006.5543568
1515083007.465192
1515083007.4652247
1515083007.4652345
1515083008.7630944
1515083008.763118
1515083008.7631276
1515083010.2844276
1515083010.2844563
1515083010.2844663
1515083011.773645
1515083011.7736807
1515083011.7736928
1515083012.824911
1515083012.8249385
1515083012.824948
1515083013.7613807
1515083013.7614045
1515083013.7614138
1515083014.976866
1515083014.9768934
1515083014.976903
1515083015.9097128
1515083015.9099998
1515083015.9100153
1515083017.0354004
1515083017.0354393
1515083017.03545
1515083018.1454313
1515083018.1454835
1515083018.1454985
1515083019.3216085
1515083019.3218896
1515083019.3219101
1515083020.6951976
1515083020.6959214
1515083020.695939
1515083021.7065797
1515083021.7066517
1515083021.7067032
1515083022.3635077
1515083022.3635387
1515083022.3635495
1515083023.3421605
1515083023.3421912
1515083023.342201
1515083024.7651687
1515083024.7652767
1515083024.7653344
1515083025.8234231
1515083025.8235018
1515083025.8235593
1515083026.9942625
1515083026.9943097
1515083026.9943287
1515083027.9735754
1515083027.9738762
1515083027.9738922
1515083028.8899834
1515083028.8900132
1515083028.890023
1515083029.5481622
1515083029.54819
1515083029.5481994
1515083030.6009119
1515083030.6009417
1515083030.6009514
1515083031.6372085
1515083031.6378255
1515083031.63785
1515083032.696234
1515083032.6962943
1515083032.6963143
1515083033.874757
1515083033.8747892
1515083033.874799
1515083034.9791765
1515083034.9792123
1515083034.9792228
1515083035.994652
1515083035.9951482
1515083035.9951622
1515083037.0653334
1515083037.0658019
1515083037.0658195
1515083038.2275894
1515083038.2276165
1515083038.2276258
1515083039.4847183
1515083039.4847567
1515083039.4847672
1515083040.9431708
1515083040.9432018
1515083040.9432135
1515083042.5163517
1515083042.5163772
1515083042.516387
1515083044.0654414
1515083044.0658658
1515083044.0658877
1515083045.8742282
1515083045.8743055
1515083045.874358
1515083047.4396677
1515083047.4396904
1515083047.4397
1515083048.8158019
1515083048.8158255
1515083048.8158352
1515083050.0877442
1515083050.08777
1515083050.0877798
1515083051.1865478
1515083051.1865866
1515083051.186597
1515083052.362998
1515083052.3630247
1515083052.3630345
1515083053.6518302
1515083053.6518593
1515083053.6518688
1515083054.7456045
1515083054.7456415
1515083054.7456517
1515083055.9101784
1515083055.9102058
1515083055.9102156
1515083056.9534876
1515083056.9535236
1515083056.9535363
1515083058.237445
1515083058.237487
1515083058.2375062
1515083059.3406463
1515083059.3406706
1515083059.3406804
1515083060.2426038
1515083060.2435586
1515083060.2435777
1515083061.276302
1515083061.276576
1515083061.2765918
1515083062.5083208
1515083062.5083492
1515083062.5083587
1515083063.4445887
1515083063.4446168
1515083063.4446263
1515083064.1825519
1515083064.1829164
1515083064.1829388
1515083065.2334564
1515083065.2334924
1515083065.2335045
1515083066.3467782
1515083066.3468163
1515083066.346831
1515083067.193183
1515083067.1932213
1515083067.1932325
1515083067.9713755
1515083067.9714117
1515083067.9714227
1515083068.8254714
1515083068.825499
1515083068.8255088
1515083069.6593866
1515083069.659415
1515083069.6594248
1515083070.1256602
1515083070.125685
1515083070.1256945
1515083070.8117607
1515083070.8118
1515083070.8118107
1515083071.1004045