
1515082992.0004218
1515082999.1138582
1515082999.113901
1515082999.1139157
1515083001.0374594
1515083001.037855
1515083001.0378726
1515083002.0139644
1515083002.0139897
1515083002.0139995
1515083003.7603526
1515083003.7603965
1515083003.7604067
1515083004.882685
1515083004.8827121
1515083004.8827217
1515083006.2479575
1515083006.2479904
1515083006.2480009
1515083007.4527278
1515083007.452757
1515083007.4527667
1515083008.64158
1515083008.6416266
1515083008.6416407
1515083009.8878613
1515083009.887923
1515083009.8879347
1515083011.080949
1515083011.0809844
1515083011.080997
1515083012.2868247
1515083012.2868595
1515083012.2868702
1515083013.7038834
1515083013.703911
1515083013.7039223
1515083015.477017
1515083015.4770443
1515083015.4770536
1515083016.8215446
1515083016.821603
1515083016.8216145
1515083018.1823993
1515083018.182443
1515083018.1824555
1515083019.53719
1515083019.5372143
1515083019.537224
1515083020.9239955
1515083020.9240234
1515083020.924034
1515083022.2040992
1515083022.2041364
1515083022.2041466
1515083023.3767273
1515083023.3767545
1515083023.3767638
1515083024.962946
1515083024.962989
1515083024.9630005
1515083026.5024805
1515083026.5025456
1515083026.5025566
1515083028.604465
1515083028.6045008
1515083028.6045122
1515083029.7291107
1515083029.7291489
1515083029.7291644
1515083030.8131554
1515083030.8132493
1515083030.8133044
1515083032.4089546
1515083032.409707
1515083032.409721
1515083033.937976
1515083033.9380138
1515083033.9380243
1515083035.3181581
1515083035.318194
1515083035.3182056
1515083036.8413813
1515083036.841409
1515083036.8414185
1515083038.3820765
1515083038.3825603
1515083038.3825846
1515083039.878306
1515083039.8783357
1515083039.8783455
1515083041.146806
1515083041.146848
1515083041.1468642
1515083042.1406486
1515083042.1406767
1515083042.1406863
1515083043.2330415
1515083043.2330682
1515083043.2330775
1515083044.12386
1515083044.1239874
1515083044.124049
1515083045.21889
1515083045.2189164
1515083045.2189262
1515083046.2207136
1515083046.2207441
1515083046.220754
1515083047.296393
1515083047.2976
1515083047.2976222
1515083048.2965176
1515083048.29655
1515083048.2965615
1515083049.0764232
1515083049.0764644
1515083049.0764756
1515083050.1566706
1515083050.1566942
1515083050.1567035
1515083051.239421
1515083051.2394478
1515083051.2394578
1515083052.3736253
1515083052.3736603
1515083052.3736703
1515083053.4521382
1515083053.4521692
1515083053.4521801
1515083054.463824
1515083054.4638608
1515083054.463872
1515083055.5865498
1515083055.58658
1515083055.5865903
1515083056.6846747
1515083056.6847007
1515083056.6847103
1515083058.0195842
1515083058.0196114
1515083058.0196214
1515083059.3590543
1515083059.3590908
1515083059.3591013
1515083060.4997602
1515083060.4997878
1515083060.499797
1515083061.783017
1515083061.7830513
1515083061.7830627
1515083063.489659
1515083063.489687
1515083063.4896967
1515083064.9258041
1515083064.9258275
1515083064.9258368
1515083066.3326094
1515083066.3326378
1515083066.3326476
1515083067.4620986
1515083067.462133
1515083067.4621434
1515083068.1907463
1515083068.1907742
1515083068.190784
1515083069.0705976
1515083069.0706346
1515083069.0706446
1515083070.0697236
1515083070.06975
1515083070.0697596
1515083070.910985
1515083070.911026
1515083070.9110384
1515083071.6785986
1515083071.6786242
1515083071.6786337
1515083072.482914
1515083072.482995
1515083072.4830506
1515083073.2193222
1515083073.2274318
1515083073.2274518
1515083074.62889
1515083074.6289272
1515083074.6289444
1515083075.3436062
1515083075.3436334
1515083075.3436425
1515083076.1476774
1515083076.1477213
1515083076.1477323
1515083076.7821558
1515083076.7821805
1515083076.7821903
1515083076.8905416