
1515082991.970183
1515082999.2333858
1515082999.2334168
1515082999.2334263
1515083000.830762
1515083000.8315532
1515083000.8315709
1515083002.8569727
1515083002.8570013
1515083002.8570113
1515083004.2045937
1515083004.204639
1515083004.2046528
1515083005.5326488
1515083005.5326748
1515083005.5326843
1515083006.930206
1515083006.9305422
1515083006.9305592
1515083008.9200854
1515083008.9201195
1515083008.9201322
1515083010.8003383
1515083010.800363
1515083010.8003728
1515083012.4188302
1515083012.4188747
1515083012.4188867
1515083013.6130593
1515083013.6130798
1515083013.613089
1515083014.5660653
1515083014.5660927
1515083014.566102
1515083015.553738
1515083015.5537658
1515083015.553776
1515083016.6289358
1515083016.6289637
1515083016.628973
1515083017.9643373
1515083017.964366
1515083017.9643757
1515083019.6134636
1515083019.61358
1515083019.6136384
1515083020.937846
1515083020.9378731
1515083020.9378831
1515083022.2254078
1515083022.2257094
1515083022.2257254
1515083023.6841815
1515083023.6842191
1515083023.6846397
1515083024.9093065
1515083024.9093516
1515083024.9093628
1515083026.1385546
1515083026.1385875
1515083026.1385987
1515083027.7468684
1515083027.7469468
1515083027.7469983
1515083029.2565043
1515083029.2565377
1515083029.256548
1515083030.0722804
1515083030.0723736
1515083030.0724273
1515083031.3706176
1515083031.370994
1515083031.3710132
1515083032.5891368
1515083032.5891607
1515083032.58917
1515083033.8443627
1515083033.844391
1515083033.8444006
1515083035.1686249
1515083035.168648
1515083035.1686575
1515083036.7815504
1515083036.7816417
1515083036.7816963
1515083037.800841
1515083037.8008716
1515083037.8008823
1515083038.80911
1515083038.809138
1515083038.8091483
1515083040.1670775
1515083040.1671844
1515083040.1672013
1515083041.564656
1515083041.5646865
1515083041.5646977
1515083043.0853379
1515083043.085379
1515083043.0853899
1515083044.2239163
1515083044.2239513
1515083044.2239616
1515083045.3793008
1515083045.3793294
1515083045.3793566
1515083046.5404549
1515083046.540485
1515083046.5404952
1515083047.6315665
1515083047.631593
1515083047.6316025
1515083048.7740192
1515083048.775832
1515083048.7758508
1515083049.7037864
1515083049.7040617
1515083049.7040777
1515083050.6381068
1515083050.6381388
1515083050.63815
1515083051.6199176
1515083051.6199467
1515083051.6199567
1515083052.398688
1515083052.3987238
1515083052.3987334
1515083053.3044593
1515083053.3044872
1515083053.3044968
1515083054.201871
1515083054.2019005
1515083054.2019105
1515083055.1788187
1515083055.1788561
1515083055.178867
1515083056.179919
1515083056.1799452
1515083056.179955
1515083057.1671484
1515083057.1671762
1515083057.1671855
1515083058.285964
1515083058.2862408
1515083058.286256
1515083059.4770737
1515083059.47746
1515083059.477477
1515083060.4157932
1515083060.4158218
1515083060.4158711
1515083061.37316
1515083061.3734586
1515083061.3734753
1515083062.482834
1515083062.4828653
1515083062.482875
1515083063.23962
1515083063.2396476
1515083063.2396574
1515083063.9954925
1515083063.9958353
1515083063.9958527
1515083064.7586107
1515083064.7586386
1515083064.7586484
1515083065.4828157
1515083065.4828434
1515083065.4828532
1515083066.434093
1515083066.43412
1515083066.4341292
1515083067.1118982
1515083067.1121898
1515083067.1122088
1515083067.618439
1515083067.6184688