
1515082991.9780133
1515082998.912486
1515082998.9125204
1515082998.9125323
1515083000.738062
1515083000.7381377
1515083000.7381904
1515083001.8743236
1515083001.8743618
1515083001.8743725
1515083003.0078843
1515083003.0082626
1515083003.00828
1515083003.886998
1515083003.887314
1515083003.8873312
1515083004.5232835
1515083004.5233266
1515083004.523405
1515083005.2440555
1515083005.244092
1515083005.2441125
1515083005.9304273
1515083005.930464
1515083005.9304821
1515083006.6640627
1515083006.6640885
1515083006.6640978
1515083007.4767466
1515083007.4770164
1515083007.477032
1515083008.2970395
1515083008.297448
1515083008.297465
1515083008.9787247
1515083008.9787543
1515083008.9787662
1515083009.9377928
1515083009.9380662
1515083009.9380822
1515083010.8398037
1515083010.8398423
1515083010.839853
1515083011.9274027
1515083011.9274325
1515083011.9274423
1515083013.6467636
1515083013.646799
1515083013.6468124
1515083015.320885
1515083015.3209095
1515083015.3209193
1515083016.725151
1515083016.7251787
1515083016.7251887
1515083018.1395354
1515083018.139564
1515083018.1395736
1515083019.5635746
1515083019.564077
1515083019.5641077
1515083020.805419
1515083020.805448
1515083020.8054578
1515083022.0295963
1515083022.0299008
1515083022.029917
1515083023.3028595
1515083023.302886
1515083023.3028955
1515083024.9951346
1515083024.9954567
1515083024.9954739
1515083026.3470497
1515083026.3470812
1515083026.347092
1515083027.7752972
1515083027.7754114
1515083027.7754695
1515083029.1899714
1515083029.1900005
1515083029.1900115
1515083030.0023327
1515083030.0024185
1515083030.00248
1515083031.84929
1515083031.849844
1515083031.8498604
1515083033.3445294
1515083033.3445587
1515083033.3445685
1515083034.6215844
1515083034.6216204
1515083034.6216314
1515083035.436333
1515083035.4364858
1515083035.4365633
1515083036.6452239
1515083036.6452508
1515083036.6452606
1515083037.556288
1515083037.5566308
1515083037.5566504
1515083038.6232038
1515083038.623238
1515083038.6232524
1515083039.760418
1515083039.7604465
1515083039.7604563
1515083040.742137
1515083040.7421665
1515083040.742178
1515083041.9707973
1515083041.97082
1515083041.9708295
1515083043.1807196
1515083043.1807475
1515083043.180757
1515083044.1371007
1515083044.137138
1515083044.1371484
1515083045.8913853
1515083045.8914657
1515083045.8915174
1515083047.4354649
1515083047.4354928
1515083047.435502
1515083048.9398158
1515083048.9398925
1515083048.9399433
1515083050.536471
1515083050.5364985
1515083050.536508
1515083051.9155176
1515083051.9155633
1515083051.9155774
1515083053.1430147
1515083053.1430457
1515083053.1430562
1515083054.0936751
1515083054.093713
1515083054.09714
1515083055.3287454
1515083055.3287709
1515083055.3287804
1515083056.7043703
1515083056.704393
1515083056.7044065
1515083058.2564158
1515083058.256457
1515083058.2564669
1515083059.8758953
1515083059.8759186
1515083059.8759284
1515083061.3643808
1515083061.3644056
1515083061.3644152
1515083062.6979942
1515083062.6980567
1515083062.6980712
1515083063.9924834
1515083063.9925952
1515083063.992651
1515083065.7024848
1515083065.7025204
1515083065.7025337
1515083066.7941606
1515083066.7941859
1515083066.7941952
1515083067.965041
1515083067.9650729
1515083067.9650831
1515083068.8000276
1515083068.8000612
1515083068.8000727
1515083069.9844065
1515083069.9844277
1515083069.9844372
1515083070.5655935
1515083070.565621
1515083070.5656307
1515083071.6545868
1515083071.654624
1515083071.6546342
1515083072.4442437
1515083072.4442782
1515083072.444289
1515083073.1402884
1515083073.1403654
1515083073.1404164
1515083075.3019817
1515083075.302021
1515083075.302032
1515083076.1045263
1515083076.1045654
1515083076.1045785
1515083076.7276034
1515083076.727632
1515083076.727642
1515083077.1996546
1515083077.199697
1515083077.1997132
1515083077.653181
1515083077.6532853
1515083077.6533554
1515083077.7826178