
1515082991.962366
1515082999.245907
1515082999.245957
1515082999.245979
1515083000.6596372
1515083000.6597228
1515083000.6597795
1515083001.8804674
1515083001.880502
1515083001.8805134
1515083002.9152164
1515083002.9152472
1515083002.9152572
1515083004.0502567
1515083004.050541
1515083004.0505574
1515083005.2502155
1515083005.250249
1515083005.2502594
1515083006.718411
1515083006.7187252
1515083006.7187424
1515083008.274404
1515083008.2744355
1515083008.2744465
1515083009.3757722
1515083009.3757975
1515083009.3758073
1515083010.780376
1515083010.7806573
1515083010.7806733
1515083012.1946094
1515083012.1946378
1515083012.1946473
1515083013.7364547
1515083013.7368512
1515083013.7368672
1515083015.4877872
1515083015.487812
1515083015.4878216
1515083016.8100092
1515083016.8100364
1515083016.8100462
1515083018.0186932
1515083018.018736
1515083018.0187469
1515083019.2732968
1515083019.2733245
1515083019.273334
1515083020.4444675
1515083020.4445
1515083020.4445097
1515083021.7284675
1515083021.7285395
1515083021.7285926
1515083023.1286411
1515083023.13199
1515083023.132025
1515083024.9273524
1515083024.9274583
1515083024.9275126
1515083026.2755246
1515083026.275552
1515083026.275562
1515083027.7561946
1515083027.7562232
1515083027.7562337
1515083029.0341628
1515083029.0341914
1515083029.034201
1515083035.127088
1515083035.1271656
1515083035.127217
1515083036.8991077
1515083036.8991354
1515083036.8991508
1515083038.7444546
1515083038.7444823
1515083038.7444916
1515083040.4248664
1515083040.4248936
1515083040.4249032
1515083042.2464266
1515083042.246455
1515083042.246465
1515083043.909103
1515083043.90913
1515083043.90914
1515083045.8420093
1515083045.8420374
1515083045.842047
1515083047.6049416
1515083047.6049683
1515083047.6049788
1515083049.5632944
1515083049.563322
1515083049.5633314
1515083051.2800932
1515083051.2803826
1515083051.2803984
1515083052.6962144
1515083052.69624
1515083052.6962495
1515083054.034792
1515083054.0348198
1515083054.0348299
1515083055.9048667
1515083055.9048953
1515083055.9049046
1515083057.721871
1515083057.7219114
1515083057.7219229
1515083059.329903
1515083059.3299315
1515083059.3299413
1515083060.716595
1515083060.716626
1515083060.7166357
1515083062.4808733
1515083062.4809012
1515083062.480911
1515083064.1709352
1515083064.1709683
1515083064.1709807
1515083065.961267
1515083065.9612942
1515083065.9613044
1515083067.2062004
1515083067.2062278
1515083067.2062376
1515083068.1289816
1515083068.1290157
1515083068.1290274
1515083068.9672384
1515083068.9672728
1515083068.967283
1515083069.933906
1515083069.9342444
1515083069.9342608
1515083070.624045
1515083070.6240842
1515083070.6240947
1515083071.3855824
1515083071.3864365
1515083071.3864584
1515083071.7507627
1515083071.7507856
1515083071.7507951
1515083072.5097187
1515083072.5097737
1515083072.509788
1515083073.8568552
1515083073.856884
1515083073.8568938
1515083074.0892842
1515083074.089314
1515083074.0893235
1515083074.3379016
1515083074.3379326
1515083074.337943
1515083074.6418815
1515083074.6419916
1515083074.642065
1515083076.070829
1515083076.0709438
1515083076.071009
1515083076.8573546
1515083076.8574538
1515083076.8575087
1515083077.8183997
1515083077.8185205
1515083077.8185835
1515083078.655804
1515083078.6559281
1515083078.656003
1515083079.5911279
1515083079.5912886
1515083079.5914297
1515083080.3739367
1515083080.3740613
1515083080.3741279
1515083081.1430423
1515083081.1432078
1515083081.1433086
1515083081.9253998
1515083081.9255142
1515083081.9255974