
1515082991.9664
1515082998.6146622
1515082998.6146967
1515082998.6147063
1515082999.1656055
1515082999.1656344
1515082999.1656444
1515082999.9784667
1515082999.9785042
1515082999.97852
1515083000.8139415
1515083000.8140357
1515083000.81409
1515083001.3912284
1515083001.3912573
1515083001.391267
1515083001.9997513
1515083001.9997818
1515083001.9997914
1515083002.4859545
1515083002.485982
1515083002.4859917
1515083003.1109965
1515083003.1110244
1515083003.1110342
1515083003.7161303
1515083003.7161775
1515083003.7161887
1515083004.762891
1515083004.762918
1515083004.7629275
1515083005.417578
1515083005.417627
1515083005.417641
1515083006.1178842
1515083006.1179218
1515083006.117937
1515083006.7237082
1515083006.7237403
1515083006.7237506
1515083007.489749
1515083007.4900105
1515083007.4900253
1515083008.1056745
1515083008.1057117
1515083008.1057246
1515083008.7102082
1515083008.7102432
1515083008.7102537
1515083009.335228
1515083009.3352616
1515083009.3352714
1515083009.9365966
1515083009.9366207
1515083009.9366307
1515083010.5935607
1515083010.5936239
1515083010.5936446
1515083011.2680914
1515083011.2681262
1515083011.2681375
1515083011.9321637
1515083011.9322004
1515083011.9322152
1515083012.857402
1515083012.8575115
1515083012.857623
1515083013.8369513
1515083013.837044
1515083013.8370976
1515083015.4178178
1515083015.4178457
1515083015.417855
1515083016.9488826
1515083016.9489448
1515083016.9489634
1515083018.496192
1515083018.4962182
1515083018.496228
1515083020.1366444
1515083020.136688
1515083020.1367002
1515083021.955706
1515083021.955781
1515083021.9558318
1515083023.4331973
1515083023.433225
1515083023.4332345
1515083024.965438
1515083024.9655428
1515083024.9656038
1515083026.5963733
1515083026.596403
1515083026.5964124
1515083027.9321613
1515083027.9321988
1515083027.9322143
1515083029.1530986
1515083029.153134
1515083029.1531472
1515083029.9502833
1515083029.9503322
1515083029.9503477
1515083031.2241125
1515083031.2241437
1515083031.2241561
1515083032.651743
1515083032.6518402
1515083032.6518958
1515083034.095998
1515083034.0962932
1515083034.096309
1515083035.2479377
1515083035.247965
1515083035.2479742
1515083036.740736
1515083036.7407608
1515083036.7407706
1515083038.2814372
1515083038.2814918
1515083038.281509
1515083039.7933307
1515083039.7933543
1515083039.7933643
1515083040.9726198
1515083040.9726548
1515083040.9726646
1515083041.9356406
1515083041.935668
1515083041.935678
1515083042.7618256
1515083042.761849
1515083042.7618582
1515083043.79167
1515083043.791698
1515083043.7917075
1515083044.7995865
1515083044.7996144
1515083044.799624
1515083045.8932676
1515083045.8933034
1515083045.8933165
1515083047.096317
1515083047.096354
1515083047.0963638
1515083048.5124905
1515083048.5125184
1515083048.5125284
1515083049.9993691
1515083049.9993956
1515083049.9994059
1515083051.3642333
1515083051.364272
1515083051.364285
1515083052.4433753
1515083052.4434094
1515083052.44342
1515083053.7917297
1515083053.791758
1515083053.7917676
1515083055.1984677
1515083055.1985426
1515083055.1985943
1515083056.5421576
1515083056.5421937
1515083056.542204
1515083057.8533647
1515083057.8533998
1515083057.8534143
1515083058.8496675
1515083058.8496962
1515083058.8497057
1515083059.9572237
1515083059.9572515
1515083059.957262
1515083061.3200338
1515083061.3200576
1515083061.3200674
1515083062.6175928
1515083062.617622
1515083062.617632
1515083063.9481423
1515083063.9481802
1515083063.9481905
1515083065.0305903
1515083065.030621
1515083065.030632
1515083066.0332265
1515083066.0332623
1515083066.0332727
1515083066.7574344
1515083066.7577662
1515083066.7577825
1515083067.6922312
1515083067.6925068
1515083067.692522