
1515082992.0155072
1515082998.538066
1515082998.5381088
1515082998.5381198
1515082999.1239388
1515082999.1239724
1515082999.123986
1515082999.7682526
1515082999.7682936
1515082999.768306
1515083000.7753305
1515083000.7754242
1515083000.7754767
1515083001.461285
1515083001.4613216
1515083001.4613311
1515083002.318667
1515083002.31872
1515083002.3187335
1515083003.8777997
1515083003.8778796
1515083003.877934
1515083005.3336217
1515083005.3336482
1515083005.333658
1515083006.9985244
1515083006.9988468
1515083006.9988627
1515083008.5614443
1515083008.5614777
1515083008.5614898
1515083009.7921486
1515083009.7921865
1515083009.792197
1515083011.0088274
1515083011.0091653
1515083011.009187
1515083012.99205
1515083012.9923856
1515083012.9924047
1515083013.796409
1515083013.7964401
1515083013.7964509
1515083014.6212277
1515083014.621265
1515083014.6212773
1515083015.2040694
1515083015.210383
1515083015.2104127
1515083015.7906914
1515083015.7907186
1515083015.7907279
1515083016.4668567
1515083016.4674332
1515083016.4674513
1515083017.1430845
1515083017.1431277
1515083017.1431394
1515083017.766503
1515083017.7665381
1515083017.7670357
1515083018.4640796
1515083018.4641156
1515083018.4641259
1515083019.097117
1515083019.097956
1515083019.0979815
1515083019.7326968
1515083019.7327533
1515083019.732771
1515083020.5665472
1515083020.5665698
1515083020.5665789
1515083021.6900024
1515083021.6900415
1515083021.6900518
1515083022.833071
1515083022.8330982
1515083022.833108
1515083023.8027315
1515083023.8027685
1515083023.8027792
1515083025.0325615
1515083025.032637
1515083025.03269
1515083026.0254083
1515083026.0257747
1515083026.0257924
1515083026.859848
1515083026.8598957
1515083026.8599095
1515083028.236446
1515083028.2367165
1515083028.2367325
1515083029.4067965
1515083029.406833
1515083029.4068437
1515083030.4064167
1515083030.4064448
1515083030.4064538
1515083031.3879645
1515083031.3906596
1515083031.3907366
1515083032.565521
1515083032.5655556
1515083032.5655656
1515083033.7877738
1515083033.7877984
1515083033.7878082
1515083034.984034
1515083034.9844124
1515083034.9844322
1515083036.0179973
1515083036.0180209
1515083036.0180304
1515083036.943249
1515083036.9435434
1515083036.943658
1515083038.0800269
1515083038.080071
1515083038.0800805
1515083039.214667
1515083039.214703
1515083039.2147198
1515083040.222637
1515083040.2226634
1515083040.2226732
1515083041.1942124
1515083041.194244
1515083041.1942537
1515083042.1757007
1515083042.1757245
1515083042.1757338
1515083043.1316
1515083043.1316948
1515083043.1317492
1515083044.0520175
1515083044.052054
1515083044.0520642
1515083045.0078087
1515083045.0078359
1515083045.0078454
1515083045.945006
1515083045.9453697
1515083045.9453824
1515083047.1524763
1515083047.152504
1515083047.152514
1515083048.4866302
1515083048.486659
1515083048.4866688
1515083049.6392813
1515083049.6393726
1515083049.6393878
1515083050.7811668
1515083050.781194
1515083050.7812033
1515083052.1544864
1515083052.1554794
1515083052.1559198
1515083053.6992183
1515083053.6993864
1515083053.707967
1515083055.2471635
1515083055.2472432
1515083055.2472956
1515083056.7000434
1515083056.700076
1515083056.700086
1515083058.2202742
1515083058.2203033
1515083058.220313
1515083059.4104478
1515083059.411154
1515083059.411172
1515083060.3685815
1515083060.3686101
1515083060.36862
1515083061.4136431
1515083061.4136693
1515083061.4136784
1515083062.588271
1515083062.5883114
1515083062.5883229
1515083063.7140205
1515083063.714502
1515083063.7145152
1515083064.519201
1515083064.5192335
1515083064.519245
1515083065.3828661
1515083065.3829062
1515083065.3829157
1515083066.1221552
1515083066.122184