
1515082991.939748
1515082999.7024276
1515082999.702462
1515082999.7024722
1515083002.352421
1515083002.3524535
1515083002.3524647
1515083005.6069908
1515083005.607022
1515083005.6070335
1515083008.2093956
1515083008.2094364
1515083008.2094498
1515083010.1758578
1515083010.1758857
1515083010.1758952
1515083012.252023
1515083012.252052
1515083012.2520618
1515083013.6937864
1515083013.693836
1515083013.6938486
1515083015.2962625
1515083015.296293
1515083015.2963023
1515083016.5233161
1515083016.5233696
1515083016.5233808
1515083017.9240243
1515083017.924057
1515083017.9240675
1515083019.207709
1515083019.2077365
1515083019.2077463
1515083020.4007552
1515083020.400783
1515083020.400794
1515083021.4640448
1515083021.4640794
1515083021.4640892
1515083022.4108963
1515083022.4112031
1515083022.4112194
1515083023.5338092
1515083023.5345902
1515083023.5352938
1515083024.8169389
1515083024.8172731
1515083024.81729
1515083025.8349254
1515083025.8352125
1515083025.8352337
1515083027.0571587
1515083027.0572166
1515083027.057238
1515083028.1940408
1515083028.1943154
1515083028.1943314
1515083029.2270947
1515083029.2271922
1515083029.2272453
1515083030.02992
1515083030.0299466
1515083030.0299568
1515083031.1642933
1515083031.1645668
1515083031.1645823
1515083032.4815402
1515083032.4815707
1515083032.4815805
1515083033.7704935
1515083033.7705917
1515083033.7706485
1515083035.075142
1515083035.0751698
1515083035.0751796
1515083036.7123652
1515083036.712393
1515083036.7124026
1515083038.1330128
1515083038.133041
1515083038.1330504
1515083039.760428
1515083039.7604516
1515083039.7604609
1515083041.098977
1515083041.099552
1515083041.0995746
1515083042.4775236
1515083042.4775863
1515083042.4776018
1515083043.963778
1515083043.9638135
1515083043.963824
1515083045.257171
1515083045.2571976
1515083045.2572072
1515083046.4871805
1515083046.4875479
1515083046.4875653
1515083047.589676
1515083047.5897088
1515083047.5897195
1515083048.7641692
1515083048.7642035
1515083048.7642143
1515083049.986129
1515083049.9864311
1515083049.9864473
1515083051.0446916
1515083051.0447197
1515083051.0447295
1515083052.3204718
1515083052.3205016
1515083052.3205113
1515083053.7138023
1515083053.7138321
1515083053.7138433
1515083055.000825
1515083055.0008588
1515083055.0008705
1515083056.027189
1515083056.0272126
1515083056.0272224
1515083057.1743605
1515083057.1744094
1515083057.1744235
1515083058.3057756
1515083058.3058004
1515083058.3058102
1515083059.8306153
1515083059.830639
1515083059.8306487
1515083061.213558
1515083061.214119
1515083061.214136
1515083062.5276012
1515083062.527629
1515083062.5276384
1515083064.0211682
1515083064.0212023
1515083064.0212119
1515083065.1578708
1515083065.1579144
1515083065.157926
1515083066.1451035
1515083066.145129
1515083066.1451383
1515083066.8540082
1515083066.8543353
1515083066.8543527
1515083067.9904847
1515083067.9905062
1515083067.9905155
1515083068.9116793
1515083068.911715
1515083068.9117258
1515083069.9008331
1515083069.900912
1515083069.9009657
1515083070.476541
1515083070.476579
1515083070.4765892
1515083071.202678
1515083071.2027054
1515083071.2027154
1515083071.7416577
1515083071.7416956
1515083071.741706
1515083072.4619157
1515083072.4619381
1515083072.4619474
1515083073.1541562
1515083073.1679668
1515083073.1679904
1515083074.6234405
1515083074.6234891
1515083074.6235096
1515083075.2987018
1515083075.2987273
1515083075.2987368
1515083076.0289035
1515083076.0289395
1515083076.0289507
1515083076.2909029
1515083076.2909365