
1515082991.9820557
1515082999.5098386
1515082999.5098753
1515082999.509885
1515083002.5965388
1515083002.596615
1515083002.596666
1515083004.7183607
1515083004.718389
1515083004.718399
1515083006.6927183
1515083006.692746
1515083006.6927555
1515083008.7419078
1515083008.7424977
1515083008.7425108
1515083009.8757806
1515083009.876056
1515083009.8760722
1515083010.7305503
1515083010.730592
1515083010.7306032
1515083011.7224631
1515083011.7224903
1515083011.7225003
1515083012.6028893
1515083012.6030293
1515083012.6031141
1515083013.62685
1515083013.6268723
1515083013.626882
1515083014.5238419
1515083014.5238702
1515083014.52388
1515083015.5593727
1515083015.5594049
1515083015.5594172
1515083016.6501575
1515083016.6501987
1515083016.6502097
1515083017.8316333
1515083017.8316607
1515083017.8316705
1515083019.2477717
1515083019.247803
1515083019.2478132
1515083020.553522
1515083020.5535645
1515083020.5535748
1515083022.0169508
1515083022.017225
1515083022.0172405
1515083023.3354893
1515083023.3355262
1515083023.3355362
1515083024.9113917
1515083024.911422
1515083024.9114325
1515083026.0750353
1515083026.075287
1515083026.0753152
1515083027.1369076
1515083027.1369348
1515083027.136944
1515083028.6073103
1515083028.6073673
1515083028.60738
1515083029.6533237
1515083029.653351
1515083029.6533601
1515083030.8535979
1515083030.8538742
1515083030.85389
1515083032.010027
1515083032.0105236
1515083032.010547
1515083033.1692169
1515083033.169246
1515083033.169256
1515083034.374856
1515083034.3748944
1515083034.374906
1515083035.7218292
1515083035.7218597
1515083035.72187
1515083037.170389
1515083037.1709175
1515083037.170939
1515083038.700432
1515083038.700461
1515083038.7004702
1515083040.213778
1515083040.2138133
1515083040.213827
1515083042.4618244
1515083042.4618628
1515083042.461873
1515083044.2879746
1515083044.2880065
1515083044.2880168
1515083045.7260444
1515083045.7260723
1515083045.726082
1515083047.0411494
1515083047.041177
1515083047.0411866
1515083048.6111093
1515083048.611146
1515083048.6111627
1515083050.3672128
1515083050.3672621
1515083050.3672721
1515083051.940775
1515083051.946487
1515083051.9465058
1515083053.157152
1515083053.157178
1515083053.1571891
1515083054.6511216
1515083054.6512113
1515083054.6512651
1515083056.1277637
1515083056.1277997
1515083056.1278095
1515083057.435473
1515083057.4355032
1515083057.4355147
1515083058.3807988
1515083058.3809
1515083058.380955
1515083059.8550758
1515083059.8554175
1515083059.8554344
1515083061.157561
1515083061.1578767
1515083061.1578932
1515083062.312999
1515083062.313022
1515083062.3130317
1515083063.4953763
1515083063.4954007
1515083063.4954104
1515083064.3468997
1515083064.3472433
1515083064.3472624
1515083065.5250156
1515083065.5253923
1515083065.5254092
1515083066.6747892
1515083066.6748693
1515083066.6749215
1515083067.729125
1515083067.7291508
1515083067.7291608
1515083068.3195248
1515083068.3195643
1515083068.3202276
1515083068.9877577
1515083068.9877858
1515083068.9877963
1515083070.0369785
1515083070.0370152
1515083070.037025
1515083070.7493932
1515083070.7494843
1515083070.7495365
1515083071.6557858
1515083071.655817
1515083071.655827
1515083072.3391652
1515083072.3391929
1515083072.3392036
1515083072.7620006
1515083072.7620397
1515083072.7620535