
1515082992.0015764
1515082999.0273209
1515082999.02737
1515082999.027381
1515082999.8228168
1515082999.822853
1515082999.8228652
1515083001.4161525
1515083001.4161901
1515083001.416208
1515083003.9877574
1515083003.9877908
1515083003.9878016
1515083006.647253
1515083006.647365
1515083006.647425
1515083008.593854
1515083008.593901
1515083008.593916
1515083010.487786
1515083010.4878178
1515083010.4878297
1515083012.1447663
1515083012.1448157
1515083012.1448278
1515083013.611289
1515083013.6113205
1515083013.6113305
1515083015.3027332
1515083015.3027647
1515083015.302776
1515083016.7709541
1515083016.770981
1515083016.7709906
1515083018.1806562
1515083018.1806812
1515083018.1806917
1515083019.5424948
1515083019.5425255
1515083019.5425355
1515083020.8501315
1515083020.850169
1515083020.850183
1515083022.0055397
1515083022.0064394
1515083022.0064573
1515083023.2268908
1515083023.2269342
1515083023.2269444
1515083024.773749
1515083024.773826
1515083024.7738802
1515083025.9627502
1515083025.9627867
1515083025.9628005
1515083027.0337121
1515083027.0337875
1515083027.0338404
1515083028.1106012
1515083028.1106963
1515083028.1107507
1515083032.5224125
1515083032.5227273
1515083032.522743
1515083036.80777
1515083036.8078582
1515083036.8079123
1515083037.888094
1515083037.888421
1515083037.8884373
1515083038.7671046
1515083038.7671418
1515083038.767152
1515083039.7736099
1515083039.7736325
1515083039.773642
1515083040.8407497
1515083040.8407767
1515083040.8407865
1515083042.148326
1515083042.1483622
1515083042.1483746
1515083043.345975
1515083043.3460014
1515083043.3460107
1515083044.2591815
1515083044.2592092
1515083044.2592185
1515083045.4532225
1515083045.4532502
1515083045.4532595
1515083046.7232833
1515083046.7233105
1515083046.7233202
1515083047.9843633
1515083047.9843965
1515083047.9844084
1515083049.0637608
1515083049.0637932
1515083049.0638032
1515083050.137787
1515083050.137814
1515083050.1378233
1515083051.2736886
1515083051.273744
1515083051.273763
1515083052.3480291
1515083052.3480551
1515083052.3480647
1515083053.607761
1515083053.607796
1515083053.607807
1515083054.7724009
1515083054.7724264
1515083054.7724361
1515083055.9145856
1515083055.9146085
1515083055.9146183
1515083056.9459052
1515083056.9459422
1515083056.9459527
1515083058.315464
1515083058.3154864
1515083058.3154962
1515083059.8680062
1515083059.8680775
1515083059.8681304
1515083061.3531556
1515083061.355971
1515083061.3559885
1515083062.6475837
1515083062.6476102
1515083062.6476195
1515083063.9044664
1515083063.9045708
1515083063.904642
1515083064.8508258
1515083064.8508534
1515083064.850863
1515083065.757199
1515083065.7608757
1515083065.7608962
1515083066.655194
1515083066.6552215
1515083066.6552312
1515083067.6791046
1515083067.6794176
1515083067.6794343
1515083068.240898
1515083068.2409277
1515083068.2409377
1515083068.9912262
1515083068.991253
1515083068.9912624
1515083069.8430243
1515083069.8430543
1515083069.843064
1515083070.3276815
1515083070.3279724
1515083070.3279886
1515083071.6997325
1515083071.7000523
1515083071.7000673
1515083072.4569721
1515083072.4570074
1515083072.4570177
1515083073.7505522
1515083073.75058
1515083073.7505896