
1515082992.0193899
1515082998.6648529
1515082998.6648872
1515082998.6648977
1515082999.3805246
1515082999.3805573
1515082999.380568
1515083000.7470963
1515083000.7471683
1515083000.7472217
1515083001.913864
1515083001.913908
1515083001.9139187
1515083003.2122808
1515083003.21268
1515083003.2126977
1515083003.8594494
1515083003.8595235
1515083003.8595748
1515083004.385466
1515083004.3855002
1515083004.385513
1515083005.1341228
1515083005.1341715
1515083005.1341858
1515083005.778503
1515083005.7785387
1515083005.7785497
1515083006.542561
1515083006.5425868
1515083006.5425963
1515083007.6577313
1515083007.6580074
1515083007.6580238
1515083008.4137156
1515083008.4137585
1515083008.413771
1515083009.1614327
1515083009.1614726
1515083009.161485
1515083010.0922096
1515083010.0925016
1515083010.0925183
1515083010.8668497
1515083010.866874
1515083010.8668838
1515083011.7404366
1515083011.7404652
1515083011.7404752
1515083013.6806145
1515083013.680706
1515083013.6807678
1515083014.666104
1515083014.666144
1515083014.6661546
1515083015.5721097
1515083015.572139
1515083015.5721488
1515083016.512958
1515083016.5131986
1515083016.5132256
1515083017.2614114
1515083017.2614396
1515083017.261451
1515083018.015959
1515083018.015992
1515083018.0160031
1515083018.9445055
1515083018.9449174
1515083018.9449344
1515083019.6722293
1515083019.672257
1515083019.6722665
1515083020.5552604
1515083020.5553105
1515083020.555326
1515083021.437764
1515083021.437795
1515083021.4378047
1515083022.2225573
1515083022.2228835
1515083022.2229
1515083023.25584
1515083023.2565541
1515083023.256569
1515083024.1192794
1515083024.122117
1515083024.122142
1515083025.016956
1515083025.0170627
1515083025.0171185
1515083025.9585204
1515083025.9585478
1515083025.9585583
1515083026.9117818
1515083026.9118106
1515083026.9118204
1515083034.5282364
1515083034.528318
1515083034.5283728
1515083035.323585
1515083035.3236144
1515083035.323626
1515083036.4269211
1515083036.4269485
1515083036.4269586
1515083037.2387016
1515083037.238743
1515083037.2387562
1515083038.1872523
1515083038.187579
1515083038.1875966
1515083039.2008479
1515083039.2008753
1515083039.2008853
1515083040.1135485
1515083040.1135762
1515083040.1135864
1515083041.1574922
1515083041.158342
1515083041.1583664
1515083041.962881
1515083041.9629078
1515083041.9629176
1515083042.7337737
1515083042.7338011
1515083042.7338111
1515083043.8629432
1515083043.86297
1515083043.8629797
1515083045.2840738
1515083045.2843897
1515083045.2844057
1515083047.0144854
1515083047.0145133
1515083047.0145233
1515083048.595684
1515083048.5990946
1515083048.5991066
1515083050.0805905
1515083050.0806184
1515083050.0806282
1515083051.4559033
1515083051.4580252
1515083051.4580426
1515083052.5790174
1515083052.5791452
1515083052.5792317
1515083053.8263252
1515083053.8263588
1515083053.8263695
1515083055.2347722
1515083055.2347944
1515083055.2348044
1515083056.4658601
1515083056.4758482
1515083056.4759493
1515083057.6156137
1515083057.6156497
1515083057.6156635
1515083058.4130301
1515083058.4130557
1515083058.4130654
1515083059.8209035
1515083059.8209264
1515083059.820936
1515083061.100574
1515083061.1006
1515083061.10061
1515083062.2608604
1515083062.2608874
1515083062.2608974
1515083063.7354343
1515083063.73546
1515083063.7354698
1515083064.9214535
1515083064.9214854
1515083064.921496
1515083066.3374703
1515083066.3374918
1515083066.337501
1515083067.4515817
1515083067.4516134
1515083067.4516253
1515083068.2514884
1515083068.2515125
1515083068.2515225
1515083069.0723825
1515083069.0724125
1515083069.0724235
1515083070.0493376
1515083070.0493608
1515083070.0493708
1515083070.8852043
1515083070.8852313
1515083070.8852413
1515083071.1644797
1515083075.2919593
1515083075.2919946
1515083075.292006
1515083076.0584238
1515083076.0584636
1515083076.0584824
1515083076.5765665
1515083076.5766022
1515083076.576619
1515083076.7375844