
1515082991.973961
1515082999.6019037
1515082999.6019301
1515082999.6019406
1515083000.9087586
1515083000.909089
1515083000.909136
1515083002.410597
1515083002.4106245
1515083002.4106345
1515083004.024791
1515083004.0252554
1515083004.0252726
1515083005.5270534
1515083005.5270877
1515083005.5270982
1515083007.4839716
1515083007.483995
1515083007.4840045
1515083009.9270363
1515083009.9270728
1515083009.9270828
1515083012.4505715
1515083012.4505966
1515083012.450606
1515083013.9717119
1515083013.9718006
1515083013.9718528
1515083015.7332335
1515083015.7332613
1515083015.7332711
1515083017.3050072
1515083017.305034
1515083017.305044
1515083018.852415
1515083018.8524523
1515083018.852465
1515083020.2556915
1515083020.2557197
1515083020.2557309
1515083021.9388664
1515083021.938895
1515083021.9389048
1515083023.84906
1515083023.8490999
1515083023.8491108
1515083025.343305
1515083025.3438725
1515083025.3439038
1515083026.940159
1515083026.9405704
1515083026.940631
1515083028.2309291
1515083028.2312043
1515083028.2312195
1515083029.4092255
1515083029.4092572
1515083029.4092674
1515083030.4391203
1515083030.4391448
1515083030.4391546
1515083031.482977
1515083031.4830759
1515083031.4831302
1515083032.5525155
1515083032.552837
1515083032.552853
1515083033.7402775
1515083033.7403498
1515083033.740402
1515083035.1777205
1515083035.177753
1515083035.1777632
1515083036.7475927
1515083036.747685
1515083036.7477412
1515083038.2903125
1515083038.2903469
1515083038.290357
1515083039.9941952
1515083039.9942224
1515083039.994232
1515083041.885782
1515083041.8858101
1515083041.88582
1515083044.053626
1515083044.053657
1515083044.053667
1515083045.8128083
1515083045.8134413
1515083045.8135076
1515083047.279274
1515083047.2793093
1515083047.2793202
1515083048.6647842
1515083048.6648157
1515083048.66483
1515083050.0322475
1515083050.0322762
1515083050.0322857
1515083051.4616346
1515083051.4616725
1515083051.4616828
1515083052.6723506
1515083052.6723797
1515083052.6723905
1515083053.9393296
1515083053.9393828
1515083053.9393954
1515083055.2335968
1515083055.2336345
1515083055.2336445
1515083056.667877
1515083056.6679044
1515083056.6679144
1515083058.228013
1515083058.2280354
1515083058.228045
1515083059.671971
1515083059.672
1515083059.6720138
1515083061.0934699
1515083061.0954359
1515083061.0954604
1515083062.307298
1515083062.3073316
1515083062.307363
1515083063.40115
1515083063.4011905
1515083063.4012012
1515083064.293229
1515083064.2932692
1515083064.2932823
1515083065.3326926
1515083065.3327217
1515083065.3327315
1515083066.3739312
1515083066.3739552
1515083066.373965
1515083067.2294402
1515083067.229725
1515083067.2297406
1515083067.9562714
1515083067.956307
1515083067.9563177
1515083068.6612148
1515083068.6612608
1515083068.6612751
1515083069.2848086
1515083069.2848449
1515083069.2848587
1515083070.017476
1515083070.017503
1515083070.0175128
1515083070.6922202
1515083070.6922522
1515083070.6922636
1515083071.6326528
1515083071.632979
1515083071.6329954
1515083072.2153673
1515083072.2153976
1515083072.2154076
1515083072.577807
1515083072.577847
1515083072.5778582
1515083073.1881266
1515083073.1881492
1515083073.188159
1515083075.1935706
1515083075.1936069
1515083075.1936178
1515083075.7420752
1515083075.7421181
1515083075.742139
1515083076.2275903
1515083076.2276225
1515083076.227633
1515083076.7077143
1515083076.707746
1515083076.707757
1515083077.1699893
1515083077.1700397
1515083077.1700537
1515083077.5548325
1515083077.5548742
1515083077.55489
1515083077.9451697
1515083077.945219
1515083077.9452329
1515083078.2813442
1515083078.281383
1515083078.2813964
1515083078.5770452
1515083078.5770888
1515083078.5771015
1515083078.8656776
1515083078.8657093
1515083078.8657205
1515083079.174618
1515083079.1746504
1515083079.1746614
1515083079.5610294
1515083079.5610912
1515083079.56111
1515083079.9107683
1515083079.910807
1515083079.910821