
1515068457.6647696
1515068462.8836026
1515068462.8836448
1515068462.8836608
1515068462.8836737
1515068462.8836873
1515068462.8836997
1515068462.8837123
1515068463.9487863
1515068463.9488304
1515068463.9488442
1515068463.9488559
1515068463.9488673
1515068463.9488788
1515068463.9488902
1515068464.4636846
1515068464.4637125
1515068464.4637246
1515068464.4637344
1515068464.4637437
1515068464.4637527
1515068464.463762
1515068465.042947
1515068465.043307
1515068465.0433252
1515068465.0433354
1515068465.0433464
1515068465.043355
1515068465.0433636
1515068465.9264288
1515068465.9264688
1515068465.926483
1515068465.926495
1515068465.9265068
1515068465.9265182
1515068465.9265296
1515068466.8172705
1515068466.8176591
1515068466.817678
1515068466.817688
1515068466.8176968
1515068466.8177056
1515068466.8177145
1515068467.6934688
1515068467.6935
1515068467.6935115
1515068467.6935213
1515068467.693533
1515068467.6935432
1515068467.6935525
1515068468.6134408
1515068468.6135166
1515068468.6135461
1515068468.6135569
1515068468.6135674
1515068468.6135774
1515068468.613587
1515068469.6423337
1515068469.642372
1515068469.6423855
1515068469.6423972
1515068469.6424081
1515068469.6424196
1515068469.6424305
1515068470.9559486
1515068470.9559796
1515068470.9559894
1515068470.9559972
1515068470.9560049
1515068470.9560125
1515068470.9560204
1515068472.4091039
1515068472.4091394
1515068472.4091527
1515068472.4091637
1515068472.4091737
1515068472.4091842
1515068472.4091942
1515068473.6450968
1515068473.6451266
1515068473.6451366
1515068473.6451452
1515068473.645153
1515068473.6451612
1515068473.645169
1515068474.7174835
1515068474.7178414
1515068474.7178624
1515068474.7178743
1515068474.7178853
1515068474.7178957
1515068474.7179065
1515068475.7125428
1515068475.7125814
1515068475.7125947
1515068475.7126071
1515068475.7126188
1515068475.7126307
1515068475.7126424
1515068476.7348013
1515068476.734885
1515068476.7349422
1515068476.7350001
1515068476.7350533
1515068476.735104
1515068476.735155
1515068477.6838067
1515068477.6838374
1515068477.6838477
1515068477.6838567
1515068477.6838653
1515068477.6838734
1515068477.6839018
1515068478.4768915
1515068478.47692
1515068478.476931
1515068478.4769409
1515068478.4769502
1515068478.4769595
1515068478.4769685
1515068479.3490517
1515068479.3490806
1515068479.34909
1515068479.3490984
1515068479.3491066
1515068479.3491147
1515068479.3491228
1515068480.3033593
1515068480.3036795
1515068480.3036976
1515068480.3037078
1515068480.303717
1515068480.303726
1515068480.3037345
1515068481.1572773
1515068481.1573188
1515068481.1573355
1515068481.1573505
1515068481.1573653
1515068481.1573796
1515068481.1573935
1515068482.0684164
1515068482.0684595
1515068482.0684767
1515068482.0684922
1515068482.0685072
1515068482.068522
1515068482.0685365
1515068482.971733
1515068482.9723086
1515068482.9723325
1515068482.9723446
1515068482.9723558
1515068482.9723666
1515068482.9723768
1515068483.6983113
1515068483.69835
1515068483.698362
1515068483.6983721
1515068483.698382
1515068483.6983917
1515068483.6984015
1515068484.525105
1515068484.5251293
1515068484.5251393
1515068484.5251477
1515068484.5251558
1515068484.5251634
1515068484.525171
1515068485.2315922
1515068485.2316346
1515068485.23165
1515068485.2316628
1515068485.2316751
1515068485.231689
1515068485.2317014
1515068485.9532485
1515068485.9532855
1515068485.9532986
1515068485.9533095
1515068485.95332
1515068485.9533303
1515068485.9533408
1515068486.1864793
1515068486.1865208
1515068486.1865351
1515068486.1865475
1515068486.1865592
1515068486.186571
1515068486.186583