
1515068457.640868
1515068463.3359952
1515068463.3360288
1515068463.3360415
1515068463.3360517
1515068463.3360622
1515068463.3360717
1515068463.336081
1515068464.7506185
1515068464.7507143
1515068464.7507782
1515068464.7508376
1515068464.7508945
1515068464.7512393
1515068464.751318
1515068466.4483368
1515068466.448373
1515068466.4483886
1515068466.4484
1515068466.448411
1515068466.4484217
1515068466.4484327
1515068468.3712904
1515068468.3713348
1515068468.3713524
1515068468.3713677
1515068468.3713858
1515068468.3714006
1515068468.3714156
1515068469.9610696
1515068469.9611492
1515068469.9611611
1515068469.96117
1515068469.9611785
1515068469.961187
1515068469.961195
1515068471.3900847
1515068471.3901265
1515068471.3901417
1515068471.3901553
1515068471.3901682
1515068471.390181
1515068471.3901937
1515068472.6031113
1515068472.6031468
1515068472.6031587
1515068472.6031692
1515068472.6031802
1515068472.6031902
1515068472.6032002
1515068473.693579
1515068473.6936145
1515068473.6936288
1515068473.6936405
1515068473.693652
1515068473.6936636
1515068473.693675
1515068474.7832365
1515068474.7848704
1515068474.7849002
1515068474.784916
1515068474.7849295
1515068474.7849422
1515068474.784955
1515068475.8274765
1515068475.8275058
1515068475.827516
1515068475.827525
1515068475.8275335
1515068475.8275423
1515068475.827551
1515068476.9308994
1515068476.930936
1515068476.9309516
1515068476.9309642
1515068476.9309764
1515068476.930988
1515068476.9309998
1515068477.8635309
1515068477.863593
1515068477.8636131
1515068477.8636293
1515068477.8636444
1515068477.8636594
1515068477.863674
1515068479.0921676
1515068479.0930436
1515068479.093071
1515068479.0930862
1515068479.0931005
1515068479.0931134
1515068479.0931265
1515068480.0347388
1515068480.034777
1515068480.0347903
1515068480.034802
1515068480.0348132
1515068480.0348248
1515068480.0348358
1515068480.7776456
1515068480.777675
1515068480.7776847
1515068480.777693
1515068480.777701
1515068480.7777088
1515068480.7777169
1515068481.6293614
1515068481.629399
1515068481.6294115
1515068481.6294224
1515068481.6294322
1515068481.6294425
1515068481.6294522
1515068482.4515789
1515068482.451614
1515068482.451627
1515068482.451638
1515068482.4516485
1515068482.4516592
1515068482.4516702
1515068483.323234
1515068483.323918
1515068483.3239508
1515068483.3239694
1515068483.3239853
1515068483.3240004
1515068483.3240154
1515068484.0289643
1515068484.0289953
1515068484.029008
1515068484.0290189
1515068484.0290296
1515068484.02904
1515068484.0290506
1515068484.993155
1515068484.9931905
1515068484.9932036
1515068484.9932146
1515068484.9932253
1515068484.993236
1515068484.9932463
1515068485.7430532
1515068485.743085
1515068485.743097
1515068485.7431073
1515068485.7431173
1515068485.7431273
1515068485.7431376
1515068486.1568778
1515068486.1569123
1515068486.1569242
1515068486.1569347
1515068486.1569448
1515068486.1569548
1515068486.1569643
1515068486.4941144
1515068486.49415
1515068486.494162
1515068486.4941726
1515068486.4941828
1515068486.4941926
1515068486.4942026
1515068486.7103481
1515068486.7103746
1515068486.7103853
1515068486.7103944
1515068486.7104034
1515068486.7104123
1515068486.710421
1515068487.037147
1515068487.037172
1515068487.0371819
1515068487.0371904
1515068487.0371985
1515068487.037207
1515068487.037215
1515068487.4026883
1515068487.402725
1515068487.4027402
1515068487.4027536
1515068487.402767
1515068487.4027793
1515068487.4027922
1515068487.4685018
1515068487.4685483