
1515068457.643839
1515068463.065884
1515068463.065921
1515068463.065933
1515068463.0659425
1515068463.0659523
1515068463.0659614
1515068463.0659704
1515068463.5228987
1515068463.522929
1515068463.5229385
1515068463.5229466
1515068463.5229547
1515068463.5229626
1515068463.5229707
1515068463.9983501
1515068463.9983995
1515068463.9984136
1515068463.998424
1515068463.9984336
1515068463.9984431
1515068463.9984527
1515068464.532957
1515068464.5329869
1515068464.5330005
1515068464.533012
1515068464.5330245
1515068464.5330358
1515068464.5330465
1515068465.108915
1515068465.1092458
1515068465.1092641
1515068465.1092746
1515068465.1092837
1515068465.1092927
1515068465.1093016
1515068465.6626987
1515068465.6627388
1515068465.6627522
1515068465.6627636
1515068465.6627746
1515068465.6627858
1515068465.6627967
1515068466.0817945
1515068466.0818365
1515068466.0818534
1515068466.081868
1515068466.0818849
1515068466.081899
1515068466.081913
1515068466.569942
1515068466.5699735
1515068466.569984
1515068466.5699925
1515068466.570001
1515068466.5700092
1515068466.5700178
1515068467.0588524
1515068467.0593061
1515068467.0593317
1515068467.0593455
1515068467.059358
1515068467.0593696
1515068467.0593815
1515068467.4556246
1515068467.455652
1515068467.4556618
1515068467.4556706
1515068467.455679
1515068467.4556873
1515068467.4556959
1515068467.8452218
1515068467.8464718
1515068467.846491
1515068467.8465004
1515068467.8465085
1515068467.8465164
1515068467.846524
1515068468.2418113
1515068468.241843
1515068468.241854
1515068468.241863
1515068468.2418716
1515068468.2418804
1515068468.2418895
1515068468.655915
1515068468.6559465
1515068468.6559575
1515068468.655967
1515068468.655978
1515068468.6559868
1515068468.6559956
1515068469.048509
1515068469.0485365
1515068469.048547
1515068469.0485563
1515068469.0485654
1515068469.0485744
1515068469.0485835
1515068469.592768
1515068469.5928044
1515068469.592817
1515068469.5928276
1515068469.5928376
1515068469.5928473
1515068469.5928571
1515068470.0032601
1515068470.0032885
1515068470.003298
1515068470.003306
1515068470.0033133
1515068470.0033212
1515068470.0033286
1515068470.9062493
1515068470.9066525
1515068470.9066763
1515068470.9066916
1515068470.9067028
1515068470.9067137
1515068470.9067245
1515068471.403377
1515068471.4034212
1515068471.403453
1515068471.4034662
1515068471.403479
1515068471.403494
1515068471.4035063
1515068471.7617319
1515068471.76176
1515068471.761769
1515068471.7617772
1515068471.7617848
1515068471.7617927
1515068471.7618003
1515068472.2457097
1515068472.2460246
1515068472.246041
1515068472.2460504
1515068472.2460582
1515068472.246066
1515068472.2460737
1515068472.673565
1515068472.6735985
1515068472.6736095
1515068472.6736188
1515068472.6736279
1515068472.673637
1515068472.6736455
1515068473.2153463
1515068473.2153823
1515068473.2153938
1515068473.2154038
1515068473.2154133
1515068473.2154336
1515068473.2154458
1515068473.7391987
1515068473.7392874
1515068473.7393477
1515068473.7394035
1515068473.7394762
1515068473.7395332
1515068473.7395902
1515068474.3437963
1515068474.3438284
1515068474.3438394
1515068474.343849
1515068474.3438585
1515068474.3438678
1515068474.343877
1515068474.9606678
1515068474.9606998
1515068474.960709
1515068474.9607177
1515068474.9607253
1515068474.9607375
1515068474.9607549
1515068475.4761865
1515068475.4762158
1515068475.4762282
1515068475.4762387
1515068475.476249
1515068475.4762595
1515068475.4762697
1515068476.0601804
1515068476.0602121
1515068476.0602245
1515068476.0602345
1515068476.0602446
1515068476.060254
1515068476.0602639
1515068476.520969
1515068476.5209956
1515068476.5210054
1515068476.5210137
1515068476.5210214
1515068476.5210288