
1515068457.6340485
1515068462.8497071
1515068462.849742
1515068462.8497524
1515068462.8497612
1515068462.84977
1515068462.849778
1515068462.849786
1515068464.4540505
1515068464.454078
1515068464.4540892
1515068464.4540987
1515068464.4541078
1515068464.4541166
1515068464.4541254
1515068465.783735
1515068465.7837849
1515068465.7838004
1515068465.7838109
1515068465.7838206
1515068465.7838304
1515068465.7838404
1515068467.067803
1515068467.0681581
1515068467.0681756
1515068467.0681849
1515068467.0681944
1515068467.0682023
1515068467.0682101
1515068468.2952104
1515068468.2952437
1515068468.295255
1515068468.2952652
1515068468.2952747
1515068468.2952843
1515068468.2952936
1515068469.2860744
1515068469.2861083
1515068469.2861197
1515068469.28613
1515068469.2861402
1515068469.2861502
1515068469.28616
1515068470.3455865
1515068470.3456216
1515068470.3456333
1515068470.3456433
1515068470.3456557
1515068470.345665
1515068470.3456745
1515068471.4661908
1515068471.4662323
1515068471.466249
1515068471.4662635
1515068471.4662776
1515068471.4662912
1515068471.4663045
1515068472.464447
1515068472.4644816
1515068472.4644947
1515068472.464505
1515068472.464515
1515068472.4645245
1515068472.4645343
1515068473.3856559
1515068473.3857024
1515068473.3857176
1515068473.3857307
1515068473.3857434
1515068473.385756
1515068473.3857687
1515068474.4318235
1515068474.4322078
1515068474.43223
1515068474.4322417
1515068474.432252
1515068474.432262
1515068474.432272
1515068475.4608428
1515068475.4608755
1515068475.4608872
1515068475.4608977
1515068475.4609072
1515068475.460917
1515068475.4609265
1515068476.5216622
1515068476.5216987
1515068476.5217116
1515068476.521723
1515068476.521735
1515068476.521746
1515068476.5217566
1515068477.4634042
1515068477.4634562
1515068477.4634693
1515068477.4634798
1515068477.4634898
1515068477.4634993
1515068477.463509
1515068478.2692308
1515068478.2692657
1515068478.2692804
1515068478.2692938
1515068478.2693064
1515068478.2693193
1515068478.2693322
1515068479.0064983
1515068479.006535
1515068479.0065467
1515068479.0065567
1515068479.0065658
1515068479.006575
1515068479.0065842
1515068479.7477105
1515068479.7478004
1515068479.7478666
1515068479.747954
1515068479.7480133
1515068479.7480729
1515068479.7481277
1515068480.5435314
1515068480.5435796
1515068480.5435905
1515068480.5435996
1515068480.5436084
1515068480.5436172
1515068480.5436258
1515068481.3876169
1515068481.3905191
1515068481.390539
1515068481.3905528
1515068481.3905666
1515068481.39058
1515068481.3905938
1515068482.0352986
1515068482.0353332
1515068482.0353444
1515068482.0356827
1515068482.0356994
1515068482.0357091
1515068482.0357187
1515068482.6410077
1515068482.6410978
1515068482.6411147
1515068482.641125
1515068482.6411345
1515068482.6411438
1515068482.641153
1515068483.3249273
1515068483.3250015
1515068483.325051
1515068483.325097
1515068483.3251412
1515068483.3251846
1515068483.3252277
1515068483.9854932
1515068483.985525
1515068483.98593
1515068483.9859567
1515068483.9859688
1515068483.985979
1515068483.9859893
1515068484.5187473
1515068484.518775
1515068484.5187848
1515068484.5187936
1515068484.518802
1515068484.51881
1515068484.5188184
1515068485.1294005
1515068485.1294436
1515068485.1294613
1515068485.1294768
1515068485.1294913
1515068485.1295075
1515068485.1295226
1515068485.6448529
1515068485.6448894
1515068485.6449008
1515068485.6449108
1515068485.6449206
1515068485.64493
1515068485.644939
1515068486.0725632
1515068486.072901
1515068486.0729208
1515068486.0729322
1515068486.072942
1515068486.0729516
1515068486.0729609