
1515068457.6560311
1515068462.907953
1515068462.907984
1515068462.9079952
1515068462.9080045
1515068462.908014
1515068462.9080226
1515068462.9080312
1515068463.7461596
1515068463.7461967
1515068463.7462094
1515068463.7462206
1515068463.746231
1515068463.7462416
1515068463.7462516
1515068464.5277495
1515068464.527788
1515068464.5277996
1515068464.527808
1515068464.5278158
1515068464.5278234
1515068464.527831
1515068465.3957763
1515068465.3958216
1515068465.3958383
1515068465.3958528
1515068465.3958693
1515068465.3959093
1515068465.3959267
1515068466.119705
1515068466.1197307
1515068466.1197412
1515068466.11975
1515068466.119759
1515068466.1197677
1515068466.1197762
1515068467.0175443
1515068467.0178702
1515068467.0178866
1515068467.0178957
1515068467.017904
1515068467.0179117
1515068467.0179195
1515068467.9116004
1515068467.9120603
1515068467.9120862
1515068467.9121006
1515068467.9121168
1515068467.9121292
1515068467.9121408
1515068468.7293813
1515068468.7294445
1515068468.7294576
1515068468.7294672
1515068468.7294765
1515068468.729486
1515068468.729495
1515068469.7329307
1515068469.7329614
1515068469.7329748
1515068469.732984
1515068469.7329931
1515068469.733002
1515068469.733011
1515068470.1348386
1515068470.1348681
1515068470.1348777
1515068470.134886
1515068470.1348941
1515068470.1349022
1515068470.13491
1515068470.54927
1515068470.5493
1515068470.549311
1515068470.5493197
1515068470.5493286
1515068470.5493371
1515068470.5493457
1515068471.1161711
1515068471.116539
1515068471.1165578
1515068471.1165693
1515068471.1165798
1515068471.1165898
1515068471.1165996
1515068471.691792
1515068471.6918178
1515068471.691827
1515068471.6918352
1515068471.6918437
1515068471.6918514
1515068471.691859
1515068472.3111444
1515068472.311515
1515068472.3115337
1515068472.3115437
1515068472.3115525
1515068472.311561
1515068472.3115697
1515068473.0270264
1515068473.0270557
1515068473.0270658
1515068473.0270746
1515068473.0270834
1515068473.0270917
1515068473.0271003
1515068474.1519842
1515068474.1523106
1515068474.152329
1515068474.1523392
1515068474.1523483
1515068474.152357
1515068474.152366
1515068475.0958648
1515068475.0959263
1515068475.0959377
1515068475.0959466
1515068475.0959551
1515068475.0959659
1515068475.0959744
1515068476.1542563
1515068476.1542873
1515068476.1542985
1515068476.1543083
1515068476.1543179
1515068476.1543274
1515068476.1543365
1515068477.0906465
1515068477.0906832
1515068477.0906956
1515068477.0907063
1515068477.090717
1515068477.0907273
1515068477.090738
1515068478.061557
1515068478.061906
1515068478.0619252
1515068478.0619366
1515068478.0619466
1515068478.061956
1515068478.0619652
1515068479.1977682
1515068479.1978126
1515068479.1978302
1515068479.197846
1515068479.1978617
1515068479.1978767
1515068479.1978915
1515068480.2739153
1515068480.2739458
1515068480.273956
1515068480.2739646
1515068480.2739727
1515068480.2739806
1515068480.2739885
1515068481.1669667
1515068481.1669948
1515068481.1670058
1515068481.1670156
1515068481.167025
1515068481.1670341
1515068481.1670437
1515068482.0603788
1515068482.0604138
1515068482.0604293
1515068482.060443
1515068482.0604558
1515068482.0604684
1515068482.0604808
1515068483.071388
1515068483.0715268
1515068483.0715966
1515068483.0716581
1515068483.0717175
1515068483.0717769
1515068483.0718343
1515068484.1454284
1515068484.1454697
1515068484.1454825
1515068484.1454935
1515068484.1455042
1515068484.145515
1515068484.145525
1515068485.04276
1515068485.0428045
1515068485.0428247
1515068485.0428424
1515068485.0428596
1515068485.0428762
1515068485.0428927
1515068485.7590334
1515068485.7591596
1515068485.7592523
1515068485.759338
1515068485.75942
1515068485.7595816
1515068485.7597148
1515068485.8931909