
1515068457.6441398
1515068463.1509495
1515068463.1509876
1515068463.150998
1515068463.1510074
1515068463.1510172
1515068463.151026
1515068463.1510348
1515068463.6607594
1515068463.6607976
1515068463.6608129
1515068463.6608262
1515068463.6608393
1515068463.6608524
1515068463.6608653
1515068464.5310216
1515068464.5310442
1515068464.5310543
1515068464.5310628
1515068464.531071
1515068464.5310788
1515068464.5310867
1515068465.123522
1515068465.123547
1515068465.123558
1515068465.1235676
1515068465.1235774
1515068465.1235864
1515068465.1235952
1515068466.0961888
1515068466.096218
1515068466.0962281
1515068466.0962365
1515068466.0962448
1515068466.096253
1515068466.096261
1515068467.428043
1515068467.4280736
1515068467.4280834
1515068467.4280918
1515068467.4280996
1515068467.4281073
1515068467.428115
1515068468.7147186
1515068468.714746
1515068468.7147555
1515068468.7147634
1515068468.714772
1515068468.7147796
1515068468.7147872
1515068470.1842299
1515068470.1842594
1515068470.18427
1515068470.1842785
1515068470.184287
1515068470.1842957
1515068470.184304
1515068472.2121124
1515068472.2121425
1515068472.2121532
1515068472.212162
1515068472.2121706
1515068472.2121792
1515068472.2121878
1515068473.8717318
1515068473.8717794
1515068473.871806
1515068473.8718166
1515068473.8718247
1515068473.8718324
1515068473.87184
1515068475.2817507
1515068475.2817786
1515068475.2817895
1515068475.2817974
1515068475.281805
1515068475.2818124
1515068475.28182
1515068476.4417348
1515068476.4417677
1515068476.441783
1515068476.441796
1515068476.441809
1515068476.441821
1515068476.4418335
1515068477.6252475
1515068477.6252844
1515068477.625297
1515068477.6253076
1515068477.6253192
1515068477.6253297
1515068477.6253402
1515068478.4319127
1515068478.4319537
1515068478.4319658
1515068478.431977
1515068478.4319875
1515068478.431998
1515068478.4320083
1515068479.3741539
1515068479.3741908
1515068479.3742077
1515068479.3742223
1515068479.3742363
1515068479.3742502
1515068479.3742642
1515068480.3142047
1515068480.3145564
1515068480.3145747
1515068480.314584
1515068480.314592
1515068480.3145995
1515068480.3146071
1515068481.1469002
1515068481.1469352
1515068481.1469479
1515068481.1469584
1515068481.1469686
1515068481.1469786
1515068481.1469884
1515068481.9250891
1515068481.9251323
1515068481.925185
1515068481.925204
1515068481.9252267
1515068481.92524
1515068481.9252508
1515068482.653004
1515068482.653037
1515068482.6530519
1515068482.6530652
1515068482.6530783
1515068482.6530914
1515068482.6531048
1515068483.3751936
1515068483.3752203
1515068483.3752296
1515068483.3752375
1515068483.375245
1515068483.3752527
1515068483.3752606
1515068484.0183601
1515068484.0183954
1515068484.0184083
1515068484.0184193
1515068484.01843
1515068484.0184402
1515068484.0184507
1515068484.5347834
1515068484.534816
1515068484.5348296
1515068484.5348413
1515068484.5348525
1515068484.5348635
1515068484.5348742
1515068485.0948207
1515068485.0948539
1515068485.0948658
1515068485.0948758
1515068485.0948853
1515068485.094895
1515068485.0949047
1515068485.5593877
1515068485.55942
1515068485.559447
1515068485.559457
1515068485.559466
1515068485.5594752
1515068485.5594842
1515068485.7214835
1515068485.721585