
1515068457.6410794
1515068462.69362
1515068462.6936526
1515068462.6936638
1515068462.6936731
1515068462.6936824
1515068462.693691
1515068462.6936996
1515068463.294378
1515068463.2944121
1515068463.2944257
1515068463.2944367
1515068463.294447
1515068463.2944574
1515068463.294468
1515068464.4033625
1515068464.4034033
1515068464.4034188
1515068464.4034479
1515068464.4034603
1515068464.4034722
1515068464.4034836
1515068465.0835826
1515068465.084004
1515068465.084025
1515068465.0840366
1515068465.0840476
1515068465.0840573
1515068465.0840669
1515068465.8229113
1515068465.8229425
1515068465.8229544
1515068465.8229642
1515068465.822974
1515068465.8229835
1515068465.8229933
1515068466.4315403
1515068466.4315822
1515068466.4315953
1515068466.4316068
1515068466.431618
1515068466.4316294
1515068466.4316401
1515068467.1243136
1515068467.1243474
1515068467.1243587
1515068467.1243684
1515068467.1243799
1515068467.1243892
1515068467.1243985
1515068468.0200424
1515068468.0200691
1515068468.0200799
1515068468.020089
1515068468.0200977
1515068468.0201066
1515068468.0201154
1515068468.7962193
1515068468.7962582
1515068468.796274
1515068468.796286
1515068468.7962985
1515068468.7963104
1515068468.7963228
1515068469.8143358
1515068469.8143682
1515068469.8143792
1515068469.8143888
1515068469.8143976
1515068469.8144064
1515068469.8144152
1515068470.6898885
1515068470.6899192
1515068470.6899304
1515068470.6899388
1515068470.6899467
1515068470.689954
1515068470.6908803
1515068471.4716592
1515068471.4716878
1515068471.4716992
1515068471.4717088
1515068471.4717178
1515068471.471727
1515068471.471736
1515068472.338355
1515068472.3383882
1515068472.3384004
1515068472.3384104
1515068472.3384228
1515068472.3384328
1515068472.3384426
1515068473.251484
1515068473.251523
1515068473.2515378
1515068473.251551
1515068473.2515633
1515068473.251576
1515068473.2515883
1515068474.3582776
1515068474.3583016
1515068474.3583107
1515068474.3583188
1515068474.3583264
1515068474.3583338
1515068474.3583415
1515068475.8447874
1515068475.8448133
1515068475.8448246
1515068475.8448339
1515068475.8448427
1515068475.8448515
1515068475.84486
1515068477.0376377
1515068477.0376675
1515068477.0376773
1515068477.0376856
1515068477.0376937
1515068477.0377016
1515068477.03771
1515068478.2381034
1515068478.2381394
1515068478.238151
1515068478.2381618
1515068478.238172
1515068478.238182
1515068478.2381926
1515068479.3626332
1515068479.3626668
1515068479.3626814
1515068479.3626935
1515068479.3627055
1515068479.3627172
1515068479.3627288
1515068480.4739478
1515068480.4739923
1515068480.4740062
1515068480.4740179
1515068480.474029
1515068480.4740398
1515068480.4740503
1515068481.5098627
1515068481.5098941
1515068481.5099041
1515068481.509913
1515068481.509922
1515068481.5099306
1515068481.5099392
1515068482.3623388
1515068482.362383
1515068482.3623972
1515068482.3624096
1515068482.3624213
1515068482.3624327
1515068482.3624446
1515068483.2485626
1515068483.2486537
1515068483.2487142
1515068483.2487717
1515068483.2488253
1515068483.2488773
1515068483.2489305
1515068483.9580836
1515068483.9581223
1515068483.9581342
1515068483.9581442
1515068483.9581537
1515068483.9581633
1515068483.9581726
1515068484.5051794
1515068484.5052106
1515068484.5052214
1515068484.505231
1515068484.50524
1515068484.5052495
1515068484.5052586
1515068485.140377
1515068485.1404037
1515068485.140415
1515068485.1404245
1515068485.1404335
1515068485.1404428
1515068485.140452
1515068485.3103561
1515068485.3104098
1515068485.3104255