
1515068457.6515038
1515068462.9955316
1515068462.995581
1515068462.9955974
1515068462.995615
1515068462.9956295
1515068462.9956431
1515068462.9956565
1515068464.0481677
1515068464.0482392
1515068464.0482552
1515068464.0482655
1515068464.0482755
1515068464.0482852
1515068464.0482948
1515068465.2423093
1515068465.242342
1515068465.242354
1515068465.242364
1515068465.2423732
1515068465.2423825
1515068465.2423918
1515068466.8423977
1515068466.8424528
1515068466.8424683
1515068466.8424811
1515068466.8424938
1515068466.8425057
1515068466.8425174
1515068468.013904
1515068468.0139344
1515068468.0139456
1515068468.0139549
1515068468.0139637
1515068468.0139725
1515068468.013981
1515068469.028438
1515068469.0284662
1515068469.028479
1515068469.0284898
1515068469.0285003
1515068469.028511
1515068469.0285213
1515068470.5615642
1515068470.561591
1515068470.5616016
1515068470.5616112
1515068470.5616224
1515068470.5616312
1515068470.56164
1515068471.8118033
1515068471.8118386
1515068471.811851
1515068471.8118615
1515068471.8118713
1515068471.8119001
1515068471.8119128
1515068472.8971198
1515068472.897166
1515068472.897187
1515068472.897202
1515068472.897217
1515068472.8972313
1515068472.897246
1515068474.3479855
1515068474.348009
1515068474.348019
1515068474.3480272
1515068474.3480353
1515068474.3480432
1515068474.348051
1515068475.8343065
1515068475.8343365
1515068475.8343515
1515068475.8343635
1515068475.8343747
1515068475.8343856
1515068475.8343966
1515068477.4257119
1515068477.425748
1515068477.4257624
1515068477.4257743
1515068477.4257858
1515068477.4257975
1515068477.4258094
1515068479.006891
1515068479.0069203
1515068479.0069327
1515068479.0069432
1515068479.0069542
1515068479.0069642
1515068479.006974
1515068480.3633127
1515068480.3633583
1515068480.3633792
1515068480.3633978
1515068480.3634157
1515068480.363449
1515068480.3634691
1515068481.5052173
1515068481.5052528
1515068481.5052655
1515068481.5052762
1515068481.505287
1515068481.5052972
1515068481.5053074
1515068482.4177053
1515068482.417739
1515068482.4177504
1515068482.4177597
1515068482.4177685
1515068482.4177775
1515068482.4177864
1515068483.5551462
1515068483.5551796
1515068483.5551922
1515068483.555203
1515068483.5552132
1515068483.5552235
1515068483.555234
1515068484.5923307
1515068484.5923624
1515068484.5923734
1515068484.5923824
1515068484.5923917
1515068484.5924003
1515068484.592409
1515068485.4693599
1515068485.4693956
1515068485.4694076
1515068485.4694173
1515068485.4694266
1515068485.469436
1515068485.4694455
1515068486.1173797
1515068486.117409
1515068486.1174197
1515068486.1174288
1515068486.1174374
1515068486.1174462
1515068486.1174543
1515068486.428229
1515068486.4282668
1515068486.4282796
1515068486.4282908
1515068486.4283023
1515068486.4283133
1515068486.4283242
1515068486.688779
1515068486.6888168
1515068486.6888285
1515068486.6888392
1515068486.688849
1515068486.6888587
1515068486.6888683
1515068487.0046284
1515068487.0046647
1515068487.004677
1515068487.0046875
1515068487.0046976
1515068487.004707
1515068487.0047169
1515068487.3513708
1515068487.3514023
1515068487.3514118
1515068487.3514206
1515068487.3514423
1515068487.3514507
1515068487.3514585
1515068487.38024