
1515068457.6767452
1515068462.6851292
1515068462.6851664
1515068462.6851768
1515068462.6851857
1515068462.6851947
1515068462.685203
1515068462.6852114
1515068463.4290836
1515068463.4291153
1515068463.4291263
1515068463.4291356
1515068463.4291446
1515068463.4291532
1515068463.429162
1515068464.603756
1515068464.603783
1515068464.6037936
1515068464.6038022
1515068464.6038103
1515068464.6038184
1515068464.6038263
1515068466.0352635
1515068466.0352929
1515068466.0353026
1515068466.0353112
1515068466.035321
1515068466.035329
1515068466.035337
1515068467.245971
1515068467.245999
1515068467.2460089
1515068467.2460172
1515068467.2460253
1515068467.246033
1515068467.2460408
1515068468.1828349
1515068468.1828682
1515068468.1828806
1515068468.1828911
1515068468.1829016
1515068468.182912
1515068468.1829226
1515068469.0259974
1515068469.0260265
1515068469.0260363
1515068469.0260444
1515068469.0260541
1515068469.026062
1515068469.02607
1515068470.071821
1515068470.0718625
1515068470.0718772
1515068470.0719066
1515068470.0719163
1515068470.0719252
1515068470.0719337
1515068470.9744694
1515068470.9744983
1515068470.9745097
1515068470.974519
1515068470.9745283
1515068470.9745374
1515068470.9745462
1515068471.8184035
1515068471.818429
1515068471.8184388
1515068471.8184466
1515068471.8184545
1515068471.8184624
1515068471.8184702
1515068473.014476
1515068473.0149238
1515068473.014946
1515068473.0149586
1515068473.0149698
1515068473.0149803
1515068473.0149913
1515068473.6111758
1515068473.6112103
1515068473.6112227
1515068473.6112335
1515068473.611244
1515068473.6112545
1515068473.611265
1515068474.129353
1515068474.129663
1515068474.1296802
1515068474.1296897
1515068474.1296992
1515068474.1297076
1515068474.1297164
1515068474.6667671
1515068474.6668015
1515068474.666813
1515068474.6668255
1515068474.6668353
1515068474.666845
1515068474.6668546
1515068475.1364818
1515068475.1365228
1515068475.1365404
1515068475.1365561
1515068475.1365712
1515068475.1365862
1515068475.1366007
1515068475.9776132
1515068475.9776475
1515068475.9776597
1515068475.9776707
1515068475.9776814
1515068475.977692
1515068475.9777021
1515068476.702058
1515068476.702095
1515068476.7021081
1515068476.7021196
1515068476.7021308
1515068476.7021415
1515068476.7021525
1515068477.359241
1515068477.3597128
1515068477.3597386
1515068477.3597531
1515068477.3597667
1515068477.3597796
1515068477.3597922
1515068478.0447283
1515068478.044838
1515068478.0449092
1515068478.0449746
1515068478.0450366
1515068478.0450976
1515068478.0451584
1515068478.6120725
1515068478.6121147
1515068478.612129
1515068478.6121416
1515068478.6121538
1515068478.6121652
1515068478.612177
1515068479.3235044
1515068479.323553
1515068479.3235705
1515068479.323586
1515068479.3236012
1515068479.3236165
1515068479.3236318
1515068480.0478165
1515068480.0478618
1515068480.0478733
1515068480.047906
1515068480.0479188
1515068480.0479288
1515068480.0479388
1515068480.6371334
1515068480.6371684
1515068480.637182
1515068480.637193
1515068480.6372037
1515068480.6372144
1515068480.637225
1515068481.3438687
1515068481.343927
1515068481.3439395
1515068481.3439503
1515068481.3439603
1515068481.34397
1515068481.3439798
1515068481.8548374
1515068481.8548727
1515068481.854885
1515068481.8548954
1515068481.8549054
1515068481.8549166
1515068481.8549268
1515068482.4681978
1515068482.468224
1515068482.468234
1515068482.4682426
1515068482.468251
1515068482.4682593
1515068482.4682674
1515068483.2045715
1515068483.205161
1515068483.205185
1515068483.2051992
1515068483.2052124
1515068483.2052245
1515068483.205237
1515068483.5240893
1515068483.5241463
1515068483.5241604
1515068483.5241725
1515068483.5241838