
1515068457.679736
1515068463.1904685
1515068463.1905057
1515068463.1905186
1515068463.1905293
1515068463.190543
1515068463.1905534
1515068463.190564
1515068463.828549
1515068463.8285816
1515068463.8285935
1515068463.828603
1515068463.8286126
1515068463.8286219
1515068463.8286312
1515068464.4512596
1515068464.4513023
1515068464.4513173
1515068464.451327
1515068464.451336
1515068464.4513447
1515068464.4513538
1515068465.1155767
1515068465.1156006
1515068465.1156104
1515068465.115619
1515068465.115628
1515068465.1156359
1515068465.1156437
1515068466.01558
1515068466.0156186
1515068466.015634
1515068466.0156474
1515068466.0156603
1515068466.015673
1515068466.0156856
1515068466.8336346
1515068466.833665
1515068466.8336768
1515068466.8336873
1515068466.8336973
1515068466.833707
1515068466.8337169
1515068467.6515315
1515068467.6515663
1515068467.651578
1515068467.6515884
1515068467.6516008
1515068467.6516106
1515068467.6516206
1515068468.4569883
1515068468.4573162
1515068468.4573348
1515068468.4573455
1515068468.4573553
1515068468.457365
1515068468.4573746
1515068469.2874784
1515068469.2875144
1515068469.2875335
1515068469.2875478
1515068469.2875614
1515068469.2875884
1515068469.287601
1515068470.4006836
1515068470.4007251
1515068470.4007401
1515068470.400753
1515068470.400765
1515068470.4007769
1515068470.4007888
1515068471.6520426
1515068471.652076
1515068471.6520884
1515068471.6520987
1515068471.6521084
1515068471.6521175
1515068471.652195
1515068472.8030214
1515068472.8030593
1515068472.8030713
1515068472.8030818
1515068472.8030915
1515068472.8031015
1515068472.8031113
1515068474.1708438
1515068474.1711717
1515068474.1711917
1515068474.171203
1515068474.1712155
1515068474.1712258
1515068474.1712358
1515068474.7766442
1515068474.7766724
1515068474.7766821
1515068474.7766902
1515068474.7766979
1515068474.7767055
1515068474.7767134
1515068475.3000724
1515068475.300096
1515068475.3001056
1515068475.300114
1515068475.3001218
1515068475.3001294
1515068475.3001373
1515068475.7859368
1515068475.7859676
1515068475.7859788
1515068475.785988
1515068475.7860005
1515068475.78601
1515068475.7860186
1515068476.4260802
1515068476.4261096
1515068476.4261203
1515068476.426129
1515068476.4261377
1515068476.426146
1515068476.4261544
1515068477.0151265
1515068477.0164354
1515068477.016469
1515068477.016488
1515068477.0165048
1515068477.016522
1515068477.0165386
1515068477.6554453
1515068477.6554825
1515068477.6554937
1515068477.6555035
1515068477.655513
1515068477.655522
1515068477.6555316
1515068478.1444857
1515068478.1448464
1515068478.1448646
1515068478.144875
1515068478.1448846
1515068478.1448941
1515068478.1449034
1515068478.647793
1515068478.6478205
1515068478.6478302
1515068478.6478386
1515068478.6478467
1515068478.6478546
1515068478.6478627
1515068479.1826842
1515068479.1827223
1515068479.1827354
1515068479.1827466
1515068479.1827576
1515068479.182768
1515068479.1827786
1515068479.6942613
1515068479.694296
1515068479.6943095
1515068479.6943212
1515068479.6943324
1515068479.6943433
1515068479.6943545
1515068480.309805
1515068480.3100731
1515068480.3100893
1515068480.3100984
1515068480.3101065
1515068480.3101144
1515068480.310122
1515068480.781823
1515068480.78185
1515068480.781862
1515068480.7818723
1515068480.7818823
1515068480.7818928
1515068480.7819026
1515068481.3838515
1515068481.3839135
1515068481.383933
1515068481.3839507
1515068481.3839645
1515068481.3839781