
1514890192.8709826
1514890198.6258028
1514890198.6258354
1514890199.3897777
1514890199.389805
1514890200.1107893
1514890200.1108217
1514890200.7811513
1514890200.7822404
1514890201.472808
1514890201.4728417
1514890202.0567498
1514890202.056788
1514890202.8804867
1514890202.8810618
1514890203.7727866
1514890203.7728631
1514890204.5592024
1514890204.5592566
1514890205.1611056
1514890205.1611404
1514890205.7980099
1514890205.798038
1514890206.4687889
1514890206.4688268
1514890207.3507018
1514890207.350724
1514890208.309923
1514890208.3103044
1514890209.3972194
1514890209.3972504
1514890210.7244334
1514890210.724813
1514890211.9038894
1514890211.9039285
1514890213.2395754
1514890213.2406368
1514890214.6937444
1514890214.6937814
1514890216.2966695
1514890216.2966962
1514890217.89568
1514890217.895705
1514890219.409329
1514890219.4093628
1514890220.7621455
1514890220.7625105
1514890222.110618
1514890222.111019
1514890223.6207378
1514890223.6207657
1514890225.5918367
1514890225.5918624
1514890227.3643043
1514890227.3643408
1514890228.91382
1514890228.9165616
1514890230.159184
1514890230.1592324
1514890231.7890856
1514890231.789113
1514890233.5626678
1514890233.5626953
1514890235.1835816
1514890235.1836205
1514890236.691875
1514890236.6918976
1514890238.2514863
1514890238.251526
1514890239.7408218
1514890239.7408495
1514890241.014763
1514890241.0150454
1514890242.3202176
1514890242.3202584
1514890243.9977722
1514890243.9977942
1514890245.7938647
1514890245.7939794
1514890247.7296956
1514890247.7297227
1514890249.3703246
1514890249.3703523
1514890250.9756885
1514890250.976084
1514890252.6033647
1514890252.6034064
1514890253.8284502
1514890253.8284922
1514890255.0066125
1514890255.006887
1514890255.7229297
1514890257.1051621
1514890257.1051946
1514890258.53232
1514890258.5323474
1514890259.9744554
1514890259.9744809
1514890261.5125153
1514890261.5125637
1514890262.9585423
1514890262.9585707
1514890264.4825816
1514890264.48261
1514890266.0758643
1514890266.0759156
1514890267.69438
1514890267.6946669
1514890269.6115444
1514890269.611582
1514890271.4122548
1514890271.412285
1514890273.0204334
1514890273.0204577
1514890274.2122726
1514890274.212309
1514890275.346673
1514890275.3471746
1514890276.469927
1514890276.4702075
1514890277.915199
1514890277.9152265
1514890279.419557
1514890279.4195826
1514890280.837545
1514890280.8380418
1514890282.6871033
1514890282.6871283
1514890284.7872882
1514890284.7873228
1514890286.9678113
1514890286.967838
1514890288.5817027
1514890288.5820086
1514890290.0974793
1514890290.098379
1514890292.0237358
1514890292.0238135
1514890293.8460636
1514890293.8461704
1514890295.4694257
1514890295.4694521
1514890296.9342837
1514890296.934361
1514890298.3461504
1514890298.3465872
1514890300.0246403
1514890300.0247252
1514890301.7305586
1514890301.7306068
1514890303.4970374
1514890303.4974139
1514890305.2020788
1514890305.2021081
1514890306.6636522
1514890306.6640465
1514890307.9626994
1514890307.9627252
1514890309.4357975
1514890309.4358346
1514890310.8219938
1514890310.822021
1514890311.671801
1514890311.6718278
1514890312.4205592
1514890312.4205933
1514890313.3034096
1514890313.3034444
1514890314.1894143
1514890314.189455
1514890314.7112434
1514890314.7116272
1514890315.3555763
1514890315.3558831
1514890316.259952
1514890316.259998
1514890317.0634654
1514890317.0634909
1514890317.7949886
1514890317.7950225
1515068457.008225
1515068459.0854285
1515068459.0854573
1515068459.0854669
1515068459.0854747
1515068459.085483
1515068459.0854907
1515068459.0854983
1515068459.085516
1515068459.0855255
1515068459.0855331
1515068459.0855408
1515068459.0855484
1515068459.0855558
1515068459.0855632
1515068459.0855775
1515068459.0855858
1515068459.085594
1515068459.0856016
1515068459.0856092
1515068459.0856168
1515068459.0856245
1515068459.0856388
1515068459.0856469
1515068459.0856545
1515068459.085662
1515068459.08567
1515068459.0856774
1515068459.085685
1515068459.0864897
1515068459.0865898
1515068459.0866463
1515068459.0866957
1515068459.0867429
1515068459.0867891
1515068459.0868344
1515068460.320925
1515068460.320996
1515068460.3210483
1515068460.3210962
1515068460.321142
1515068460.3211873
1515068460.3212323
1515068460.3212903
1515068460.321339
1515068460.3213847
1515068460.32143
1515068460.3214762
1515068460.3215208
1515068460.3215663
1515068460.322232
1515068460.3234096
1515068460.3234282
1515068460.3234377
1515068460.3234458
1515068460.3234537
1515068460.3234613
1515068460.3237453
1515068460.3238218
1515068460.3238788
1515068460.3239276
1515068460.3239746
1515068460.3240206
1515068460.324066
1515068461.71772
1515068461.7177594
1515068461.7177768
1515068461.717792
1515068461.7178063
1515068461.7178202
1515068461.717834
1515068462.506527
1515068462.506553
1515068462.5065646
1515068462.506573
1515068462.5065808
1515068462.5065887
1515068462.5065966
1515068463.4204009
1515068463.420429
1515068463.4204388
1515068463.4204473
1515068463.420455
1515068463.4204626
1515068463.4204702
1515068464.5874815
1515068464.5875084
1515068464.5875185
1515068464.5875268
1515068464.587537
1515068464.5875447
1515068464.5875523
1515068465.8601284
1515068465.8601842
1515068465.8601947
1515068465.8602028
1515068465.860211
1515068465.8602185
1515068465.8602262
1515068466.9680386
1515068466.9680614
1515068466.968071
1515068466.9680789
1515068466.9680865
1515068466.968094
1515068466.9681017
1515068468.074301
1515068468.0743356
1515068468.0743482
1515068468.0743587
1515068468.0743685
1515068468.0743785
1515068468.074388
1515068468.9838843
1515068468.9839184
1515068468.9839325
1515068468.9839447
1515068468.9839559
1515068468.983967
1515068468.983978
1515068470.0370784
1515068470.0371041
1515068470.0371134
1515068470.0371218
1515068470.0371296
1515068470.0371373
1515068470.0371451
1515068470.9689443
1515068470.9689808
1515068470.968996
1515068470.9690087
1515068470.969021
1515068470.9690335
1515068470.9690456
1515068471.7806275
1515068471.78065
1515068471.7806594
1515068471.7806678
1515068471.7806756
1515068471.7806833
1515068471.7806911
1515068472.5947175
1515068472.594749
1515068472.59476
1515068472.5947697
1515068472.5947788
1515068472.5947876
1515068472.5947967
1515068473.5225058
1515068473.5225399
1515068473.5225513
1515068473.522561
1515068473.5225701
1515068473.5225794
1515068473.5225887
1515068474.407059
1515068474.4070814
1515068474.4070907
1515068474.407099
1515068474.4071069
1515068474.4071147
1515068474.4071226
1515068475.9476244
1515068475.9476626
1515068475.9476802
1515068475.9476953
1515068475.9477098
1515068475.9477243
1515068475.9477384
1515068477.0980318
1515068477.0980635
1515068477.0980756
1515068477.0980859
1515068477.1000793
1515068477.1000981
1515068477.1001124
1515068478.3326848
1515068478.3369536
1515068478.336974
1515068478.3369832
1515068478.336991
1515068478.3369987
1515068478.3370063
1515068479.3351927
1515068479.3352206
1515068479.3368554
1515068479.3368704
1515068479.336879
1515068479.336887
1515068479.3368945
1515068480.4122682
1515068480.4122953
1515068480.4123054
1515068480.4123137
1515068480.4123213
1515068480.412329
1515068480.4123363
1515068481.3356721
1515068481.3357036
1515068481.3357134
1515068481.335722
1515068481.3357306
1515068481.3357399
1515068481.335748
1515068482.057371
1515068482.057402
1515068482.0574114
1515068482.0574203
1515068482.0574281
1515068482.057436
1515068482.0574439
1515068482.783391
1515068482.7844367
1515068482.7845116
1515068482.784563
1515068482.78461
1515068482.7846553
1515068482.785333
1515068483.558518
1515068483.55854
1515068483.5585496
1515068483.558558
1515068483.5585659
1515068483.5585735
1515068483.5585809
1515068484.4175673
1515068484.4175906
1515068484.4176004
1515068484.417609
1515068484.4176168
1515068484.4176245
1515068484.4176323
1515068485.2575543
1515068485.2575767
1515068485.2575884
1515068485.2575965
1515068485.2576044
1515068485.2576122
1515068485.25762
1515068486.0942566
1515068486.0942814
1515068486.094291
1515068486.0942988
1515068486.094307
1515068486.094315
1515068486.0943227
1515068486.2744126
1515068486.27444
1515068486.274451