
1514890192.88462
1514890199.1049905
1514890199.1050298
1514890200.537074
1514890200.5371017
1514890201.8724954
1514890201.8725219
1514890203.824835
1514890203.824907
1514890205.6623085
1514890205.6623466
1514890207.5941656
1514890207.5941918
1514890209.1832495
1514890209.1833007
1514890210.7068331
1514890210.7068698
1514890212.112878
1514890212.1129055
1514890213.321215
1514890213.3215554
1514890214.7031512
1514890214.7031786
1514890216.0307868
1514890216.030818
1514890217.1644933
1514890217.1645224
1514890218.2826974
1514890218.2827296
1514890220.2046237
1514890220.2046576
1514890221.8944843
1514890221.8945556
1514890223.349405
1514890223.3494272
1514890224.495057
1514890224.495082
1514890225.7248952
1514890225.7249222
1514890226.9366775
1514890226.9367046
1514890228.130092
1514890228.130361
1514890229.3787446
1514890229.3787708
1514890230.481568
1514890230.4815948
1514890231.5282218
1514890231.5283155
1514890233.0025818
1514890233.0026054
1514890234.4274142
1514890234.427795
1514890235.8162599
1514890235.816287
1514890237.0290358
1514890237.0294814
1514890238.3017166
1514890238.3017457
1514890239.6746442
1514890239.6746702
1514890240.7144053
1514890240.7157717
1514890242.0932229
1514890242.0933342
1514890243.4715173
1514890243.4715507
1514890244.451684
1514890244.4517105
1514890245.6371238
1514890245.6371508
1514890246.8280735
1514890246.8284104
1514890248.0176644
1514890248.018078
1514890249.2329922
1514890249.2333286
1514890250.3035543
1514890250.3035815
1514890251.4679313
1514890251.4679585
1514890252.7662268
1514890252.7662556
1514890254.2955832
1514890254.2959027
1514890255.9494035
1514890255.9494307
1514890257.5348303
1514890257.5348527
1514890258.9536607
1514890258.953688
1514890259.7763908
1514890261.1422348
1514890261.1422606
1514890262.6334615
1514890262.63349
1514890263.962847
1514890263.9629266
1514890265.258559
1514890265.2585893
1514890266.4773774
1514890266.477405
1514890267.6567986
1514890267.6571038
1514890268.9948022
1514890268.9948308
1514890270.1529634
1514890270.1529934
1514890271.772642
1514890271.7731204
1514890273.7932315
1514890273.7932656
1514890275.240267
1514890275.2402973
1514890276.7864263
1514890276.7865047
1514890278.210446
1514890278.2104726
1514890279.6602724
1514890279.6603057
1514890281.0387275
1514890281.0387568
1514890282.322566
1514890282.3230655
1514890283.5098064
1514890283.509834
1514890284.6843073
1514890284.6843352
1514890285.7807047
1514890285.7809901
1514890287.002235
1514890287.0022566
1514890288.3500183
1514890288.3504522
1514890289.6430428
1514890289.643088
1514890290.8709006
1514890290.8709285
1514890292.190291
1514890292.190621
1514890293.7642753
1514890293.7643135
1514890295.0321248
1514890295.032153
1514890296.4365747
1514890296.436608
1514890297.7813182
1514890297.781627
1515068457.0576735
1515068463.3151433
1515068463.3151727
1515068463.3151822
1515068463.3151903
1515068463.3151994
1515068463.315207
1515068463.3152146
1515068464.3197348
1515068464.3197644
1515068464.319774
1515068464.3197818
1515068464.3197894
1515068464.3197968
1515068464.3198044
1515068465.2321215
1515068465.2324355
1515068465.2324536
1515068465.232463
1515068465.2324715
1515068465.2324796
1515068465.2324874
1515068466.1460822
1515068466.1461122
1515068466.146122
1515068466.1461306
1515068466.14614
1515068466.1461482
1515068466.146156
1515068466.9491742
1515068466.9495153
1515068466.949533
1515068466.949542
1515068466.9495502
1515068466.949558
1515068466.949566
1515068467.6341522
1515068467.634174
1515068467.6341836
1515068467.6341918
1515068467.6341996
1515068467.6342075
1515068467.6342154
1515068468.339368
1515068468.3393927
1515068468.3394024
1515068468.3394108
1515068468.33942
1515068468.3394277
1515068468.3394356
1515068469.0110195
1515068469.011043
1515068469.0110526
1515068469.0110607
1515068469.0110686
1515068469.0110765
1515068469.011084
1515068469.7185905
1515068469.7186177
1515068469.7186277
1515068469.7186358
1515068469.7186434
1515068469.7186513
1515068469.7186587
1515068470.3606076
1515068470.3606389
1515068470.3606489
1515068470.3606572
1515068470.360665
1515068470.3606727
1515068470.3606803
1515068471.0899415
1515068471.089964
1515068471.0899756
1515068471.0899918
1515068471.0900009
1515068471.0900097
1515068471.0900185
1515068471.770963
1515068471.7709923
1515068471.771002
1515068471.7710102
1515068471.7710178
1515068471.7710254
1515068471.771033
1515068472.4104812
1515068472.4107957
1515068472.4108124
1515068472.4108217
1515068472.41083
1515068472.410838
1515068472.4108455
1515068473.0336287
1515068473.0336554
1515068473.0336647
1515068473.0336728
1515068473.0336804
1515068473.033688
1515068473.0336957
1515068473.718903
1515068473.7193105
1515068473.7193332
1515068473.7193596
1515068473.7193682
1515068473.7193763
1515068473.7193842
1515068474.3597007
1515068474.3597329
1515068474.3597436
1515068474.359752
1515068474.35976
1515068474.359768
1515068474.3597758
1515068475.0548737
1515068475.0549083
1515068475.0549617
1515068475.0549705
1515068475.0549784
1515068475.054986
1515068475.0549939
1515068475.6000202
1515068475.6000507
1515068475.6000602
1515068475.6000683
1515068475.600076
1515068475.6000838
1515068475.6000915
1515068476.1527739
1515068476.1527972
1515068476.152807
1515068476.1528149
1515068476.1528227
1515068476.1528304
1515068476.152838
1515068476.642389
1515068476.6424186
1515068476.6424303
1515068476.6424408
1515068476.6424503
1515068476.6424596
1515068476.6424687
1515068477.1605473
1515068477.1605802
1515068477.1605906
1515068477.1605992
1515068477.1606076
1515068477.160616
1515068477.1606243
1515068477.7524774
1515068477.7531018
1515068477.7531307
1515068477.7531407
1515068477.7531488
1515068477.7531567
1515068477.7531645
1515068478.4140565
1515068478.414079
1515068478.4140885
1515068478.4140964
1515068478.4141042
1515068478.4141119
1515068478.4141195
1515068479.1368773
1515068479.1369076
1515068479.1369188
1515068479.1369288
1515068479.136938
1515068479.1369474
1515068479.1369567
1515068479.7490535
1515068479.7490768
1515068479.7490866
1515068479.7490945
1515068479.7491024
1515068479.7491126
1515068479.749121
1515068480.5351403
1515068480.5355654
1515068480.5355809
1515068480.5355904
1515068480.5355992
1515068480.5356083
1515068480.5356169
1515068480.940508
1515068480.9405422
1515068480.940555
1515068480.9405656
1515068480.9405758