
1514890192.8953917
1514890199.5627975
1514890199.5628326
1514890201.3744934
1514890201.3745162
1514890203.3512008
1514890203.3512242
1514890205.2188122
1514890205.21884
1514890207.2791488
1514890207.2794588
1514890209.367468
1514890209.3675027
1514890211.4787352
1514890211.4787624
1514890212.891854
1514890212.8918865
1514890214.2843585
1514890214.2843888
1514890215.6043513
1514890215.6043792
1514890216.916778
1514890216.9168146
1514890218.417086
1514890218.4171138
1514890220.1860063
1514890220.186045
1514890221.8402436
1514890221.8403187
1514890223.3267245
1514890223.3267603
1514890224.464657
1514890224.4646847
1514890225.7433898
1514890225.7434156
1514890227.0484385
1514890227.0484786
1514890228.3056839
1514890228.3059616
1514890229.7403796
1514890229.7404525
1514890231.1344018
1514890231.1344352
1514890232.496241
1514890232.4962626
1514890233.730732
1514890233.7307673
1514890235.1480536
1514890235.148348
1514890236.6198325
1514890236.6198788
1514890237.9041364
1514890237.904565
1514890239.2150202
1514890239.2150428
1514890240.4753296
1514890240.4758828
1514890241.9985788
1514890241.9986053
1514890243.9150028
1514890243.9150352
1514890245.7671955
1514890245.767231
1514890246.5512455
1514890248.2470028
1514890248.2470303
1514890249.402022
1514890249.4020572
1514890250.7411168
1514890250.7411528
1514890252.1259928
1514890252.1263146
1514890253.4725268
1514890253.4725666
1514890254.688102
1514890254.6884696
1514890255.8604152
1514890255.860708
1514890257.1921978
1514890257.1922307
1514890258.3045034
1514890258.3045316
1514890259.8513029
1514890259.8513992
1514890261.252311
1514890261.252696
1514890262.6847606
1514890262.6847825
1514890264.1093671
1514890264.109403
1514890265.5352738
1514890265.5352993
1514890267.7166722
1514890267.7166965
1514890269.9258766
1514890269.9259927
1514890271.8417041
1514890271.841727
1514890273.700961
1514890273.700994
1514890275.0631742
1514890275.0632026
1514890276.3949163
1514890276.3949432
1514890277.9941273
1514890277.9941754
1514890279.3756504
1514890279.3756824
1514890280.7219048
1514890280.721945
1514890282.1346593
1514890282.1349337
1514890283.925272
1514890283.925607
1514890285.700172
1514890285.7002075
1514890287.3298178
1514890287.329849
1514890289.142848
1514890289.142886
1514890290.896616
1514890290.896654
1514890292.6371045
1514890292.6384914
1514890294.5367894
1514890294.5368214
1514890296.3383353
1514890296.3383749
1514890297.6180873
1514890297.6181273
1514890298.7310464
1514890298.7310805
1514890299.9593017
1514890299.95933
1514890301.3097732
1514890301.309828
1514890302.7591002
1514890302.7591288
1514890303.9978833
1514890303.9979594
1514890305.2096088
1514890305.2099843
1514890306.5330265
1514890306.5333192
1514890307.9117322
1514890307.9117675
1514890309.5707011
1514890309.570726
1514890310.9114404
1514890310.9114778
1514890312.3476107
1514890312.3476381
1514890313.4762232
1514890313.4762564
1514890314.353144
1514890314.3531811
1514890315.2623286
1514890315.262609
1514890316.2518992
1514890316.2519302
1514890317.0250742
1514890317.0251043
1514890317.6032357
1514890317.603273
1514890317.9986444
1514890317.9989789