
1514890192.8914096
1514890199.6391792
1514890199.6392086
1514890201.3023274
1514890201.302354
1514890203.2446198
1514890203.2446477
1514890204.843089
1514890204.843114
1514890206.5669813
1514890206.567077
1514890208.3292508
1514890208.3293285
1514890209.8901932
1514890209.8904674
1514890211.2435706
1514890211.2436135
1514890212.379758
1514890212.3797894
1514890213.6979303
1514890213.697959
1514890215.1426
1514890215.1426406
1514890216.3946664
1514890216.3949409
1514890217.811585
1514890217.8116126
1514890218.993268
1514890218.9940522
1514890220.2540455
1514890220.2540727
1514890221.8151288
1514890221.8151555
1514890223.172997
1514890223.1730347
1514890224.2432818
1514890224.2433102
1514890225.6145847
1514890225.614619
1514890226.667475
1514890226.6675038
1514890227.81492
1514890227.814952
1514890229.0431437
1514890229.0431702
1514890229.976646
1514890229.976757
1514890231.4470644
1514890231.4470875
1514890232.8629184
1514890232.8629591
1514890234.0987227
1514890234.0987453
1514890235.4080188
1514890235.4084144
1514890236.6681542
1514890236.6682353
1514890238.0477018
1514890238.0477393
1514890239.2679741
1514890239.2680027
1514890240.5607157
1514890240.5611074
1514890242.2262342
1514890242.2262702
1514890244.0126112
1514890244.0126333
1514890245.4905953
1514890245.4911845
1514890246.6692622
1514890246.669675
1514890248.0254524
1514890248.0254846
1514890249.3691912
1514890249.369241
1514890251.0381575
1514890251.038186
1514890253.0638807
1514890253.06392
1514890254.422669
1514890254.4226928
1514890256.2966714
1514890256.2966983
1514890258.812953
1514890258.8132577
1514890260.2660594
1514890260.2660887
1514890261.7396796
1514890261.7400053
1514890263.0675347
1514890263.0675633
1514890264.5297081
1514890264.530176
1514890265.9783738
1514890265.9784033
1514890267.6265626
1514890267.6265903
1514890269.366253
1514890269.3662891
1514890271.3101835
1514890271.3107643
1514890272.9453151
1514890272.9456255
1514890274.4080431
1514890274.408074
1514890275.7985911
1514890275.7986183
1514890277.156609
1514890277.1566386
1514890278.3101118
1514890278.3101373
1514890279.8256223
1514890279.8256552
1514890281.333336
1514890281.3333645
1514890283.1255252
1514890283.125553
1514890284.8679488
1514890284.86798
1514890286.8151414
1514890286.8151636
1514890288.4879718
1514890288.4879973
1514890290.199619
1514890290.1996467
1514890292.105888
1514890292.106171
1514890293.9632351
1514890293.9632742
1514890295.8134084
1514890295.8134356
1514890297.0483372
1514890297.0483644
1514890298.2430348
1514890298.2430613
1514890299.539464
1514890299.5394912
1514890300.7990346
1514890300.7990572
1514890301.875139
1514890301.875165
1514890303.1449401
1514890303.14497
1514890304.2720468
1514890304.2720742
1514890305.239624
1514890305.2399995
1514890306.4246545
1514890306.4246805
1514890307.7439919
1514890307.7440212
1514890308.599589
1514890308.5996187
1514890309.569156
1514890309.5691965
1514890310.5146787
1514890310.5147095
1514890311.003313
1514890311.0033796
1514890312.3248656
1514890312.324893
1514890313.175992
1514890313.1760218
1514890313.991414
1514890313.9914467