
1514890192.8874161
1514890199.5470679
1514890199.5470986
1514890201.261576
1514890201.2616363
1514890202.9784622
1514890202.9784925
1514890204.6711903
1514890204.6712232
1514890206.1029894
1514890206.1030352
1514890207.6467085
1514890207.6467514
1514890209.4200666
1514890209.4200926
1514890211.5366087
1514890211.5366356
1514890213.3027585
1514890213.3028014
1514890214.7454064
1514890214.7454364
1514890216.3147
1514890216.3147357
1514890217.801209
1514890217.8012373
1514890219.1954315
1514890219.19546
1514890220.6846964
1514890220.6847517
1514890222.1866608
1514890222.1869466
1514890223.7473025
1514890223.7473571
1514890225.522888
1514890225.5229146
1514890227.2358172
1514890227.2358568
1514890228.5680676
1514890228.5681236
1514890229.8707197
1514890229.8707495
1514890231.3498993
1514890231.3499365
1514890232.7265959
1514890232.7293818
1514890234.0886629
1514890234.0886905
1514890235.5443385
1514890235.5443769
1514890237.0894437
1514890237.089721
1514890238.4341438
1514890238.4342546
1514890239.9448211
1514890239.9448476
1514890241.1620793
1514890241.162107
1514890242.3323164
1514890242.3323517
1514890243.8909857
1514890243.8912947
1514890245.154027
1514890245.154063
1514890246.3572676
1514890246.3573043
1514890247.456224
1514890247.456254
1514890248.866628
1514890248.8667307
1514890250.361033
1514890250.361056
1514890251.845677
1514890251.8457115
1514890253.0893192
1514890253.0893474
1514890254.158389
1514890254.1584213
1514890255.30027
1514890255.300308
1514890256.379771
1514890256.3798726
1514890257.4723985
1514890257.4724352
1514890258.578973
1514890258.5792508
1514890259.853521
1514890259.853542
1514890260.9739094
1514890260.9740088
1514890262.2864268
1514890262.2867634
1514890263.6743681
1514890263.6744041
1514890265.0508304
1514890265.0508575
1514890266.2265563
1514890266.2272077
1514890267.594679
1514890267.5951872
1514890269.076857
1514890269.076884
1514890270.3483896
1514890270.3486922
1514890271.703657
1514890271.703691
1514890273.1097896
1514890273.1098168
1514890274.546378
1514890274.546415
1514890276.1644905
1514890276.1647966
1514890278.0902538
1514890278.0903044
1514890280.09848
1514890280.098506
1514890282.0634735
1514890282.063554
1514890284.3882837
1514890284.3883204
1514890285.9845006
1514890285.9845316
1514890287.9746404
1514890287.9746864
1514890289.9571466
1514890289.9586692
1514890291.8955488
1514890291.8955803
1514890293.6003954
1514890293.6004329
1514890295.0983748
1514890295.0984044
1514890296.5424955
1514890296.5425303
1514890298.0111282
1514890298.011155
1514890299.2777786
1514890299.2778056
1514890300.7749887
1514890300.775026
1514890301.974353
1514890301.9743862
1514890303.4620538
1514890303.4620903
1514890304.96526
1514890304.9652858
1514890306.3764808
1514890306.3767679
1514890307.8231835
1514890307.8232172
1514890309.0065277
1514890309.0065582
1514890309.8137555
1514890309.814111
1514890310.3341916