
1514890192.8460722
1514890199.6942995
1514890199.6943355
1514890200.8538926
1514890200.854189
1514890202.1158643
1514890202.1158934
1514890203.824296
1514890203.8243234
1514890205.6990945
1514890205.6991289
1514890208.3241284
1514890208.3241584
1514890210.701514
1514890210.7015429
1514890212.794481
1514890212.7945192
1514890214.7249477
1514890214.7249725
1514890216.400836
1514890216.4013028
1514890217.8991284
1514890217.8991702
1514890219.4267988
1514890219.426824
1514890220.898302
1514890220.8983333
1514890222.3230565
1514890222.3230946
1514890223.844082
1514890223.844125
1514890225.5777347
1514890225.5780184
1514890227.6390338
1514890227.6391118
1514890229.8065474
1514890229.806591
1514890231.7419467
1514890231.7419786
1514890233.6251974
1514890233.6252437
1514890235.3097463
1514890235.30978
1514890236.8595574
1514890236.8599749
1514890238.5622578
1514890238.5622811
1514890240.0205908
1514890240.0210335
1514890241.9360628
1514890241.9360907
1514890243.9414957
1514890243.9415345
1514890245.6801758
1514890245.6802537
1514890247.1165903
1514890247.1166184
1514890248.9080286
1514890248.9083085
1514890250.8290017
1514890250.8290775
1514890252.562615
1514890252.5626574
1514890254.083216
1514890254.0832465
1514890255.7482324
1514890255.7482572
1514890257.377939
1514890257.3779795
1514890259.0103137
1514890259.0103405
1514890260.3126001
1514890260.3126395
1514890261.942242
1514890261.9425159
1514890263.3700392
1514890263.3713093
1514890264.8959978
1514890264.896038
1514890265.7237673
1514890267.430409
1514890267.4356318
1514890269.3102834
1514890269.310322
1514890271.4112923
1514890271.4113193
1514890273.0539417
1514890273.054287
1514890274.69651
1514890274.696535
1514890276.2758842
1514890276.2759237
1514890277.6995258
1514890277.6995792
1514890278.8705919
1514890278.8706203
1514890280.4693239
1514890280.4697661
1514890282.1670225
1514890282.1670496
1514890283.5214038
1514890283.5214272
1514890284.8949866
1514890284.8950865
1514890286.842559
1514890286.8425882
1514890289.9227996
1514890289.9228394
1514890292.158724
1514890292.158748
1514890294.455885
1514890294.4559188
1514890296.4812942
1514890296.4813347
1514890298.2224026
1514890298.2224288
1514890299.4697483
1514890299.469777
1514890300.8027804
1514890300.8028023
1514890302.0323422
1514890302.032385
1514890303.5130205
1514890303.5133522
1514890305.1028378
1514890305.1028612
1514890306.5855448
1514890306.5858204
1514890308.3947117
1514890308.3947494
1514890309.6054626
1514890309.6059108
1514890310.8686135
1514890310.8686402
1514890312.303866
1514890312.3038933
1514890313.2511265
1514890313.2511656
1514890314.2207575
1514890314.2207885
1514890314.9178152
1514890314.919697
1514890315.3035972
1515068456.999812
1515068459.0723708
1515068459.0724068
1515068459.072418
1515068459.0724275
1515068459.0724373
1515068459.0724459
1515068459.0724542
1515068459.072473
1515068459.072483
1515068459.0724914
1515068459.0725
1515068459.0725086
1515068459.0725172
1515068459.0725257
1515068459.072541
1515068459.0725503
1515068459.0725594
1515068459.072568
1515068459.0725765
1515068459.072585
1515068459.0725937
1515068459.0726097
1515068459.0726194
1515068459.0726278
1515068459.0726364
1515068459.072645
1515068459.0726535
1515068459.0726616
1515068459.073073
1515068459.073172
1515068459.0732298
1515068459.0732806
1515068459.073329
1515068459.0733774
1515068459.073424
1515068460.3132112
1515068460.3132906
1515068460.3133435
1515068460.3133914
1515068460.3134375
1515068460.3134832
1515068460.3135285
1515068460.313586
1515068460.3136346
1515068460.313681
1515068460.313726
1515068460.313772
1515068460.3138175
1515068460.3138626
1515068460.313918
1515068460.313966
1515068460.3140113
1515068460.3140562
1515068460.3159168
1515068460.3159359
1515068460.3159456
1515068460.31624
1515068460.3163173
1515068460.3163736
1515068460.316423
1515068460.316471
1515068460.316518
1515068460.3165636
1515068462.5219347
1515068462.5219586
1515068462.521968
1515068462.521976
1515068462.5219836
1515068462.5219915
1515068462.5219991
1515068463.5031924
1515068463.5032218
1515068463.5032387
1515068463.5032465
1515068463.5032544
1515068463.5032618
1515068463.5032697
1515068464.6792984
1515068464.6793551
1515068464.6793742
1515068464.6793878
1515068464.6794007
1515068464.6794136
1515068464.6794264
1515068465.8823578
1515068465.8823805
1515068465.8823903
1515068465.8823984
1515068465.8824084
1515068465.8824162
1515068465.8824244
1515068467.2610073
1515068467.2610362
1515068467.2610457
1515068467.261054
1515068467.261062
1515068467.2610698
1515068467.2610776
1515068468.4787056
1515068468.4787395
1515068468.4787507
1515068468.4787607
1515068468.4787705
1515068468.4787798
1515068468.4787893
1515068469.5590312
1515068469.5590684
1515068469.5590801
1515068469.5590901
1515068469.5590994
1515068469.559109
1515068469.5591185
1515068470.5584521
1515068470.5584798
1515068470.55849
1515068470.5584984
1515068470.5585063
1515068470.5585139
1515068470.5585217
1515068471.732871
1515068471.7329
1515068471.7329097
1515068471.7329183
1515068471.7329261
1515068471.7329342
1515068471.732942
1515068472.6968355
1515068472.696873
1515068472.696886
1515068472.6968975
1515068472.6969082
1515068472.6969187
1515068472.6969292
1515068473.8300183
1515068473.8316631
1515068473.831683
1515068473.8316925
1515068473.8317006
1515068473.8317084
1515068473.8317163
1515068474.8477669
1515068474.847794
1515068474.8478036
1515068474.8478117
1515068474.8478196
1515068474.8478272
1515068474.8478348
1515068475.942308
1515068475.942337
1515068475.9423473
1515068475.942356
1515068475.9423637
1515068475.9423716
1515068475.9423792
1515068477.1710243
1515068477.1710484
1515068477.1710584
1515068477.1710665
1515068477.1710746
1515068477.1710825
1515068477.1710906
1515068478.6342854
1515068478.6343198
1515068478.6343298
1515068478.6343386
1515068478.634347
1515068478.634355
1515068478.6343632
1515068480.0394266
1515068480.0394645
1515068480.0394762
1515068480.0394852
1515068480.0394938
1515068480.0395038
1515068480.0395126
1515068481.0952356
1515068481.0952659
1515068481.095276
1515068481.095285
1515068481.0953102
1515068481.0953186
1515068481.0953264
1515068481.927398
1515068481.9274325
1515068481.9274437
1515068481.9274523
1515068481.9274614
1515068481.9274695
1515068481.927478
1515068482.646694
1515068482.6467216
1515068482.6467316
1515068482.64674
1515068482.6467476
1515068482.6467552
1515068482.6467628
1515068483.521037
1515068483.5210593
1515068483.5210688
1515068483.5210767
1515068483.5210845
1515068483.5210931
1515068483.5211005
1515068484.4074318
1515068484.4074552
1515068484.407465
1515068484.4074736
1515068484.4074814
1515068484.407489
1515068484.4074967
1515068485.2771263
1515068485.2771542
1515068485.2771654
1515068485.2771745
1515068485.2771835
1515068485.2771924
1515068485.2772012
1515068486.0971456
1515068486.0971699
1515068486.0971797
1515068486.0971878
1515068486.0971956
1515068486.0972035
1515068486.0972111
1515068486.465772
1515068486.4657996
1515068486.4658093
1515068486.4658175
1515068486.4658253
1515068486.4658327
1515068486.4658403
1515068486.7060049
1515068486.7060394
1515068486.706056
1515068486.7060697
1515068486.7060823
1515068486.7060947
1515068486.706107
1515068487.0392587
1515068487.0392997
1515068487.039311
1515068487.0393195
1515068487.0393276
1515068487.0393593
1515068487.039371
1515068487.4118707
1515068487.4119024
1515068487.4119127
1515068487.4119215
1515068487.4119298
1515068487.4119382
1515068487.4119465
1515068487.6958675
1515068487.6959124
1515068487.695947
1515068487.6959605
1515068487.6959722
1515068487.6959834
1515068487.6959946
1515068487.737672