
1514890192.8842728
1514890198.5565164
1514890198.5565693
1514890199.6964366
1514890199.6964636
1514890200.992489
1514890200.9928234
1514890202.3747056
1514890202.3747537
1514890203.797958
1514890203.7979996
1514890205.2440774
1514890205.244103
1514890206.6722708
1514890206.6723158
1514890208.0741553
1514890208.0741823
1514890209.4445052
1514890209.4445438
1514890210.9591844
1514890210.959212
1514890212.989457
1514890212.9894838
1514890214.5228257
1514890214.5232494
1514890216.2071846
1514890216.2072146
1514890217.8606038
1514890217.8606277
1514890219.454594
1514890219.4548678
1514890220.93812
1514890220.9381478
1514890222.2598886
1514890222.259917
1514890223.4694936
1514890223.4695373
1514890224.8911421
1514890224.891482
1514890226.1047683
1514890226.1050787
1514890227.7217996
1514890227.7218273
1514890229.4377806
1514890229.4378092
1514890231.0020502
1514890231.0020764
1514890232.5596843
1514890232.55971
1514890234.1606474
1514890234.1610081
1514890235.7213597
1514890235.721387
1514890237.7110763
1514890237.7117507
1514890239.6145878
1514890239.6146636
1514890241.5010982
1514890241.5011332
1514890243.4013093
1514890243.4013379
1514890245.2447858
1514890245.244813
1514890246.876548
1514890246.876582
1514890248.33385
1514890248.333876
1514890250.0257714
1514890250.0257998
1514890251.8484612
1514890251.8484914
1514890254.0160506
1514890254.0160904
1514890256.0368142
1514890256.036845
1514890257.9263597
1514890257.9263856
1514890259.8778787
1514890259.8779116
1514890261.3913653
1514890261.3913941
1514890262.879143
1514890262.8791702
1514890264.4025886
1514890264.4029255
1514890266.0738785
1514890266.0739202
1514890267.5291672
1514890267.534178
1514890268.3595238
1514890269.979841
1514890269.9798672
1514890271.757693
1514890271.7577195
1514890273.6764922
1514890273.6778631
1514890275.105039
1514890275.105067
1514890276.4458954
1514890276.4462397
1514890278.0907369
1514890278.0907633
1514890279.6088815
1514890279.608908
1514890280.9249048
1514890280.924934
1514890282.2020357
1514890282.2020617
1514890283.419521
1514890283.4195485
1514890284.9290125
1514890284.9290397
1514890286.8340104
1514890286.8340416
1514890288.3861413
1514890288.3864977
1514890289.5600245
1514890289.5600517
1514890290.711535
1514890290.711563
1514890292.1546817
1514890292.154709
1514890293.7020276
1514890293.702178
1514890294.8927898
1514890294.8928218
1514890296.1768262
1514890296.1768558
1514890297.228989
1514890297.2295282
1514890298.250202
1514890298.2502296
1514890299.5380065
1514890299.5380485
1514890300.776257
1514890300.776279
1514890301.8486912
1514890301.849064
1514890303.0849607
1514890303.084998
1514890304.1009493
1514890304.1009824
1514890305.2129126
1514890305.2129343
1514890306.390385
1514890306.3912776
1514890307.8619888
1514890307.8620234
1514890309.0673773
1514890309.0674133
1514890309.9314778
1514890309.9315014
1514890310.9665785
1514890310.9666107
1514890312.262938
1514890312.262985
1514890313.1140103
1514890313.114043
1514890313.851559
1514890313.851583
1514890314.4316208
1514890314.4316618
1514890315.2988794
1514890315.2989135
1514890316.2469254
1514890316.2469609
1514890316.97198
1514890316.9720204
1514890317.550487
1514890317.5505154
1514890317.9811068
1514890317.981136
1514890318.4361753
1514890318.4361997
1514890318.9233572
1514890318.9233813
1514890319.2969005
1514890319.2969368
1514890319.6440613
1514890319.6440954
1514890319.9434845
1514890319.943513
1514890320.268377
1514890320.2684062
1514890320.5606158
1514890320.560647