
1514890192.8723154
1514890201.7065477
1514890201.70658
1514890203.9419649
1514890203.9429631
1514890206.7337556
1514890206.7338324
1514890208.7974315
1514890208.7974584
1514890210.1240654
1514890210.1241112
1514890211.480251
1514890211.4802792
1514890212.879902
1514890212.8799286
1514890214.4209292
1514890214.4209712
1514890215.954073
1514890215.9541037
1514890217.4516473
1514890217.451678
1514890218.8430076
1514890218.8431566
1514890220.4996922
1514890220.49972
1514890223.061131
1514890223.0611665
1514890225.6683466
1514890225.6683671
1514890227.5263886
1514890227.5264184
1514890229.5192401
1514890229.5192745
1514890231.2953742
1514890231.295402
1514890233.4027832
1514890233.4028275
1514890235.2445982
1514890235.2446346
1514890237.0371037
1514890237.0373907
1514890238.5966573
1514890238.5966852
1514890240.11352
1514890240.1138196
1514890241.5979226
1514890241.5982585
1514890242.6837409
1514890242.683776
1514890243.9941533
1514890243.9941902
1514890245.3301852
1514890245.3302114
1514890246.779843
1514890246.7804573
1514890248.280021
1514890248.2800477
1514890249.3895319
1514890249.3899052
1514890250.6458898
1514890250.6463115
1514890252.0136042
1514890252.013893
1514890253.39761
1514890253.3976352
1514890254.6559818
1514890254.6560209
1514890256.227497
1514890256.2277963
1514890257.9469848
1514890257.9470625
1514890259.9219673
1514890259.9219947
1514890260.6949058
1514890262.4303398
1514890262.430369
1514890264.760223
1514890264.7608035
1514890266.9396954
1514890266.939728
1514890268.7221959
1514890268.7222233
1514890270.210208
1514890270.210235
1514890271.8238385
1514890271.8238733
1514890273.4860396
1514890273.4863462
1514890274.7055216
1514890274.7055457
1514890276.1536825
1514890276.153708
1514890277.5424004
1514890277.5424378
1514890278.5609434
1514890278.5609784
1514890279.916962
1514890279.9170156
1514890281.465019
1514890281.4650457
1514890283.3088434
1514890283.3088803
1514890285.0810149
1514890285.081047
1514890286.9759758
1514890286.9760067
1514890288.740374
1514890288.7404056
1514890290.4102733
1514890290.4103103
1514890292.0179543
1514890292.0180287
1514890293.5189326
1514890293.5189598
1514890294.6722121
1514890294.6731975
1514890295.8949337
1514890295.89497
1514890297.1373584
1514890297.137438
1514890298.6194887
1514890298.6195197
1514890300.304599
1514890300.304626
1514890301.80359
1514890301.8036344
1514890303.309605
1514890303.3100932
1514890304.8603237
1514890304.8603516
1514890306.3502405
1514890306.3505692
1514890307.789435
1514890307.7894595
1514890309.1045299
1514890309.104606
1514890310.1590612
1514890310.1590889
1514890310.9901786
1514890310.990204
1514890312.402813
1514890312.4028358
1514890313.5013463
1514890313.5016563
1514890314.3761725
1514890314.376195
1514890315.3167489
1514890315.316775
1514890316.2282524
1514890316.228274
1514890316.8720715
1514890316.872103
1514890317.3797476
1514890317.379776
1514890317.8350387
1514890317.8350663
1514890318.4275706
1514890318.427598
1514890322.1085005
1514890322.1085405
1514890322.5347672
1514890322.534801