
1514890192.8924694
1514890198.2717037
1514890198.2717354
1514890199.2048926
1514890199.2049208
1514890200.0022023
1514890200.0022297
1514890200.9419281
1514890200.9422743
1514890201.8057034
1514890201.8057344
1514890202.850101
1514890202.8504667
1514890203.8249607
1514890203.8252404
1514890204.8134289
1514890204.8134723
1514890205.881384
1514890205.8814225
1514890206.875379
1514890206.8754077
1514890207.9094837
1514890207.909609
1514890208.990652
1514890208.9906883
1514890209.9466414
1514890209.946666
1514890211.1661768
1514890211.1662002
1514890212.4476907
1514890212.4477181
1514890213.7410712
1514890213.7410967
1514890215.0761113
1514890215.0761437
1514890216.360982
1514890216.3613274
1514890217.852396
1514890217.8524182
1514890219.0657308
1514890219.0664296
1514890220.219644
1514890220.2196789
1514890221.3955636
1514890221.3955913
1514890222.4852097
1514890222.4855092
1514890223.542019
1514890223.5420656
1514890224.6483738
1514890224.648509
1514890225.7607543
1514890225.7607765
1514890226.9779553
1514890226.9779909
1514890228.179324
1514890228.180823
1514890229.444923
1514890229.4449441
1514890230.7052343
1514890230.7053144
1514890231.9555576
1514890231.9556034
1514890233.5017757
1514890233.501802
1514890235.064143
1514890235.0644517
1514890236.8276944
1514890236.828258
1514890238.4582226
1514890238.4582493
1514890240.0012178
1514890240.0012546
1514890241.5481062
1514890241.5481348
1514890242.7492657
1514890242.749344
1514890243.9050522
1514890243.9050913
1514890245.0146892
1514890245.0147645
1514890245.989533
1514890245.9895716
1514890246.9664626
1514890246.9664962
1514890247.8437016
1514890247.8440154
1514890248.8882947
1514890248.8883932
1514890249.8546717
1514890249.854699
1514890250.335118
1514890251.1897352
1514890251.1897676
1514890252.1218052
1514890252.1220787
1514890253.0236251
1514890253.0239775
1514890254.005725
1514890254.005756
1514890255.1773512
1514890255.1777391
1514890256.3266144
1514890256.3266397
1514890257.5239062
1514890257.5239434
1514890258.452835
1514890258.4531767
1514890259.9328718
1514890259.932896
1514890261.3417125
1514890261.3417451
1514890262.6901777
1514890262.6902108
1514890264.0581703
1514890264.0581977
1514890265.4829042
1514890265.482932
1514890267.2570662
1514890267.2574596
1514890269.2006452
1514890269.200737
1514890271.7637787
1514890271.7638042
1514890273.7967875
1514890273.7968318
1514890275.1504633
1514890275.1504989
1514890276.5881493
1514890276.5881848
1514890278.342314
1514890278.3423371
1514890280.0207279
1514890280.0207536
1514890281.4307916
1514890281.430819
1514890282.686748
1514890282.6870415
1514890283.983576
1514890283.983602
1514890285.3750982
1514890285.3751197
1514890286.9986053
1514890286.9989169
1514890288.7776878
1514890288.7777119
1514890290.4680526
1514890290.46808
1514890291.9666739
1514890291.9673007
1514890293.434856
1514890293.435192
1514890294.8240795
1514890294.8241084
1514890296.5755136
1514890296.5755374
1514890298.4961624
1514890298.4962442
1514890300.2119708
1514890300.2120085
1515068457.02657
1515068459.0135984
1515068459.0136344
1515068459.0136454
1515068459.0136545
1515068459.013664
1515068459.0136726
1515068459.013681
1515068459.0136988
1515068459.0137088
1515068459.0137172
1515068459.0137258
1515068459.013734
1515068459.0137424
1515068459.013751
1515068459.0137663
1515068459.0137753
1515068459.0137844
1515068459.013793
1515068459.0138013
1515068459.01381
1515068459.013818
1515068459.013833
1515068459.0138416
1515068459.01385
1515068459.0138583
1515068459.0138674
1515068459.013876
1515068459.0138843
1515068459.0147948
1515068459.0149598
1515068459.015025
1515068459.015077
1515068459.0151258
1515068459.0151737
1515068459.0152206
1515068460.2969003
1515068460.2969773
1515068460.297031
1515068460.2970796
1515068460.2971265
1515068460.2971728
1515068460.297218
1515068460.297275
1515068460.2973309
1515068460.2974114
1515068460.2974622
1515068460.2975092
1515068460.2975554
1515068460.297601
1515068460.297875
1515068460.2979496
1515068460.2980325
1515068460.2992654
1515068460.2992837
1515068460.2992935
1515068460.2993016
1515068460.307627
1515068460.307711
1515068460.3077698
1515068460.30782
1515068460.3078675
1515068460.3079138
1515068460.3079598
1515068461.7164774
1515068461.7165084
1515068461.7165184
1515068461.7165272
1515068461.7165353
1515068461.7165432
1515068461.716551
1515068462.4723413
1515068462.4723694
1515068462.4723814
1515068462.4723895
1515068462.472397
1515068462.4724047
1515068462.4724123
1515068463.4314694
1515068463.4314923
1515068463.4315016
1515068463.43151
1515068463.4315178
1515068463.4315257
1515068463.4315333
1515068464.4923322
1515068464.492416
1515068464.4924328
1515068464.4924426
1515068464.4924545
1515068464.492463
1515068464.492472
1515068465.6428318
1515068465.6432526
1515068465.6432753
1515068465.6432874
1515068465.6432984
1515068465.6433086
1515068465.6433194
1515068466.7053385
1515068466.7053785
1515068466.7053933
1515068466.7054062
1515068466.7054183
1515068466.7054303
1515068466.7054422
1515068467.667295
1515068467.6678333
1515068467.6678631
1515068467.667881
1515068467.6678963
1515068467.6679113
1515068467.6679301
1515068468.864814
1515068468.8648448
1515068468.8648574
1515068468.8648684
1515068468.864879
1515068468.8648891
1515068468.8648996
1515068470.039659
1515068470.039681
1515068470.0396905
1515068470.0396986
1515068470.0397067
1515068470.0397143
1515068470.039722
1515068471.0943334
1515068471.094362
1515068471.0943727
1515068471.0943816
1515068471.0943904
1515068471.0943985
1515068471.0944068
1515068472.1400099
1515068472.140044
1515068472.140056
1515068472.1400654
1515068472.1400745
1515068472.1400838
1515068472.1400926
1515068473.0769603
1515068473.0769868
1515068473.0769968
1515068473.0770051
1515068473.077013
1515068473.077021
1515068473.0770288
1515068474.4026752
1515068474.4027023
1515068474.4027123
1515068474.4027205
1515068474.4027283
1515068474.4027362
1515068474.4027438
1515068475.6544728
1515068475.6545012
1515068475.6545115
1515068475.6545248
1515068475.6545334
1515068475.6545417
1515068475.6545503
1515068476.7498631
1515068476.7499387
1515068476.7499897
1515068476.750037
1515068476.7500825
1515068476.750134
1515068476.750199
1515068477.8228736
1515068477.8229299
1515068477.822946
1515068477.82296
1515068477.8229737
1515068477.8229876
1515068477.8230007
1515068478.6678522
1515068478.668248
1515068478.668265
1515068478.6682746
1515068478.6682835
1515068478.6682918
1515068478.6683
1515068479.5601344
1515068479.5601614
1515068479.5601707
1515068479.5601788
1515068479.5601869
1515068479.5601943
1515068479.560202
1515068480.5871103
1515068480.5871322
1515068480.5871415
1515068480.5871496
1515068480.5871575
1515068480.5871654
1515068480.587173
1515068481.6224306
1515068481.622455
1515068481.6224642
1515068481.6224723
1515068481.6224802
1515068481.6224911
1515068481.622499
1515068482.4877808
1515068482.4878035
1515068482.4878128
1515068482.4878209
1515068482.4878287
1515068482.4878366
1515068482.4878442
1515068483.515487
1515068483.5157678
1515068483.5157835
1515068483.5157924
1515068483.5158005
1515068483.5158086
1515068483.5158165
1515068484.4192014
1515068484.4195287
1515068484.419546
1515068484.419555
1515068484.419563
1515068484.4195707
1515068484.4195786
1515068485.2528424
1515068485.2528706
1515068485.2528803
1515068485.2528884
1515068485.2528963
1515068485.2529042
1515068485.252912
1515068485.9250007
1515068485.9250345
1515068485.9250488
1515068485.9250584
1515068485.9250672
1515068485.9250758