
1514890192.8995643
1514890199.4480097
1514890199.4480388
1514890201.196439
1514890201.1964688
1514890203.3022351
1514890203.3022623
1514890205.0504858
1514890205.0505173
1514890206.7046497
1514890206.704951
1514890208.3267426
1514890208.327371
1514890209.8693526
1514890209.8693802
1514890211.4189045
1514890211.4189422
1514890213.1599805
1514890213.1600072
1514890214.6537464
1514890214.6537786
1514890216.1252928
1514890216.1253352
1514890217.8301468
1514890217.8301742
1514890219.3141444
1514890219.314181
1514890220.9581163
1514890220.9581497
1514890222.5951407
1514890222.595172
1514890224.179212
1514890224.1792355
1514890225.6796772
1514890225.679711
1514890227.1391764
1514890227.1392143
1514890228.3460562
1514890228.3460774
1514890229.8245666
1514890229.8245924
1514890231.1932633
1514890231.1933048
1514890232.4863558
1514890232.4872139
1514890233.6609697
1514890233.6610644
1514890234.942919
1514890234.9429517
1514890236.2500093
1514890236.2500412
1514890237.5927722
1514890237.5932806
1514890238.797161
1514890238.7971992
1514890240.1565194
1514890240.156552
1514890241.6023705
1514890241.602425
1514890242.802324
1514890242.8023968
1514890243.9982362
1514890243.9982579
1514890245.1727319
1514890245.1727638
1514890246.4292328
1514890246.4292603
1514890248.0700393
1514890248.0700803
1514890249.2827055
1514890249.2830126
1514890250.5420566
1514890250.5420837
1514890251.7335794
1514890251.7336168
1514890252.957568
1514890252.957898
1514890254.195835
1514890254.1960661
1514890255.6905181
1514890255.6905456
1514890257.2442975
1514890257.2443354
1514890258.8421419
1514890258.8421793
1514890260.494336
1514890260.4943736
1514890262.2120597
1514890262.2127643
1514890263.6956487
1514890263.6956723
1514890265.1420121
1514890265.142337
1514890266.3808188
1514890266.3808634
1514890267.6333787
1514890267.6334012
1514890269.225289
1514890269.2253315
1514890270.4146702
1514890270.414698
1514890271.8480473
1514890271.8480773
1514890273.514601
1514890273.5146341
1514890274.9777946
1514890274.9778216
1514890276.308551
1514890276.3088768
1514890278.1381896
1514890278.1382148
1514890279.675957
1514890279.6762214
1514890281.2880268
1514890281.2880669
1514890282.8346856
1514890282.8347116
1514890284.1981568
1514890284.1982086
1514890285.6110115
1514890285.611043
1514890286.9965413
1514890286.9965632
1514890288.4669583
1514890288.4670014
1514890290.0741084
1514890290.0741477
1514890291.7919016
1514890291.7919393
1514890293.4603953
1514890293.460422
1514890294.9730346
1514890294.9730575
1514890296.5580747
1514890296.5581064
1514890298.4156232
1514890298.4159324
1514890300.1540673
1514890300.1541047
1514890301.6422408
1514890301.6423185
1514890303.2098842
1514890303.2099128
1514890304.6990917
1514890304.6991353
1514890305.990741
1514890305.9907696
1514890307.2278216
1514890307.2278633
1514890308.102903
1514890308.1029298
1514890309.5239012
1514890309.5239234
1514890310.7807443
1514890310.780782
1514890311.2942326
1514890311.2942595
1514890311.936968
1515068457.0265074
1515068463.118781
1515068463.1188097
1515068463.1188192
1515068463.1188273
1515068463.118837
1515068463.1188445
1515068463.1188521
1515068464.1339319
1515068464.133961
1515068464.13397
1515068464.133978
1515068464.1339855
1515068464.133993
1515068464.1340005
1515068465.1391315
1515068465.1421106
1515068465.1421292
1515068465.1421387
1515068465.142147
1515068465.1421554
1515068465.1421635
1515068466.7843218
1515068466.7844071
1515068466.7844658
1515068466.7845657
1515068466.7846346
1515068466.784689
1515068466.7847412
1515068468.3134499
1515068468.313478
1515068468.313488
1515068468.3134966
1515068468.3135047
1515068468.3135128
1515068468.313521
1515068469.7780292
1515068469.7780633
1515068469.778076
1515068469.7780867
1515068469.778097
1515068469.778107
1515068469.778117
1515068471.0776117
1515068471.0776362
1515068471.077646
1515068471.0776541
1515068471.0776632
1515068471.0776708
1515068471.0776782
1515068472.4164546
1515068472.4164848
1515068472.4164946
1515068472.416503
1515068472.4165115
1515068472.4165194
1515068472.4165273
1515068473.6261911
1515068473.626225
1515068473.6262403
1515068473.6262524
1515068473.626264
1515068473.6262758
1515068473.6262877
1515068474.7909505
1515068474.7909806
1515068474.7909908
1515068474.791
1515068474.7910087
1515068474.7910175
1515068474.7910259
1515068476.2087157
1515068476.2087593
1515068476.2087772
1515068476.2087913
1515068476.2088048
1515068476.2088184
1515068476.2088323
1515068477.3312833
1515068477.3357706
1515068477.3357954
1515068477.3358066
1515068477.3358166
1515068477.3358257
1515068477.3358347
1515068478.3784375
1515068478.3788059
1515068478.3788235
1515068478.3788326
1515068478.3788426
1515068478.3788505
1515068478.378858
1515068479.4509096
1515068479.4509385
1515068479.450948
1515068479.4509563
1515068479.4509645
1515068479.450972
1515068479.4509797
1515068480.5940096
1515068480.5940382
1515068480.5940487
1515068480.5940578
1515068480.5940664
1515068480.5940747
1515068480.594083
1515068481.6315775
1515068481.6316
1515068481.6316102
1515068481.6316185
1515068481.6316264
1515068481.631634
1515068481.6316414
1515068482.5140963
1515068482.514127
1515068482.5141387
1515068482.5141492
1515068482.5141585
1515068482.5141678
1515068482.5141776
1515068483.479397
1515068483.4794753
1515068483.4795296
1515068483.479579
1515068483.4796264
1515068483.4796727
1515068483.4797187
1515068484.401397
1515068484.4014244
1515068484.401434
1515068484.4014418
1515068484.4014494
1515068484.4014568
1515068484.4014645
1515068485.2940671
1515068485.2940912
1515068485.2941005
1515068485.2941084
1515068485.2941163
1515068485.294124
1515068485.2941315
1515068486.2274392
1515068486.227471
1515068486.22748
1515068486.2274883
1515068486.227496
1515068486.2275035
1515068486.227511
1515068486.6405215
1515068486.6405501
1515068486.6405597
1515068486.640568
1515068486.640576
1515068486.6405835
1515068486.6405911
1515068487.0367403
1515068487.0367622
1515068487.0367718
1515068487.03678
1515068487.0367882
1515068487.0367959
1515068487.0368037
1515068487.445473
1515068487.4454978
1515068487.4455085
1515068487.4455183
1515068487.4455268
1515068487.4455357
1515068487.4455442
1515068487.78256
1515068487.7825842
1515068487.7825942
1515068487.7826025
1515068487.7826107
1515068487.7826195
1515068487.7826276
1515068487.980938
1515068487.9809623
1515068487.9809725
1515068487.9809813
1515068487.9809897
1515068487.980998
1515068487.9810061
1515068488.154848
1515068488.154876
1515068488.1549
1515068488.1549094
1515068488.1549177
1515068488.1549258
1515068488.154934
1515068488.3898327
1515068488.3898664
1515068488.3898785
1515068488.3898892
1515068488.3898988
1515068488.3899086
1515068488.3899183
1515068488.5668268
1515068488.5669181
1515068488.5669746
1515068488.567023
1515068488.5670693
1515068488.5671155
1515068488.5671606
1515068488.6406815
1515068488.6407042
1515068488.6407137