
1514890192.9032233
1514890198.644166
1514890198.6441934
1514890199.5248063
1514890199.5248456
1514890200.2718585
1514890200.2718902
1514890200.9297047
1514890200.9310226
1514890201.619394
1514890201.619431
1514890202.532567
1514890202.5328429
1514890203.3437462
1514890203.344108
1514890204.0043576
1514890204.0046499
1514890204.7032142
1514890204.7032666
1514890205.6103191
1514890205.610348
1514890206.3085601
1514890206.3085904
1514890207.0630064
1514890207.0633008
1514890207.7529879
1514890207.7530158
1514890208.474321
1514890208.4746659
1514890209.3756983
1514890209.3757246
1514890211.14805
1514890211.148074
1514890212.8366585
1514890212.8367507
1514890214.5881293
1514890214.5881605
1514890216.2502966
1514890216.2503278
1514890217.7668953
1514890217.7669415
1514890219.690299
1514890219.6903856
1514890221.4155605
1514890221.4155936
1514890223.3492606
1514890223.349325
1514890224.9699883
1514890224.9700718
1514890226.3335063
1514890226.3335445
1514890228.000239
1514890228.0003316
1514890229.8449287
1514890229.8449707
1514890231.5222516
1514890231.5223505
1514890233.2929635
1514890233.2929897
1514890234.824106
1514890234.8241458
1514890236.2283554
1514890236.2283866
1514890237.5374715
1514890237.5388331
1514890238.6355202
1514890238.6355472
1514890239.9533741
1514890239.9534051
1514890241.0363424
1514890241.0366154
1514890242.2574766
1514890242.2575088
1514890243.5880895
1514890243.588513
1514890244.581632
1514890244.5816739
1514890245.9193833
1514890245.9194138
1514890247.1555388
1514890247.1555655
1514890248.8441863
1514890248.8442123
1514890250.4661036
1514890250.4661343
1514890251.9489276
1514890251.9489608
1514890253.4901052
1514890253.4901326
1514890255.0292032
1514890255.02933
1514890256.6653314
1514890256.665361
1514890258.0966954
1514890258.0969825
1514890259.7794597
1514890259.7794876
1514890261.5070312
1514890261.508665
1514890263.351624
1514890263.3516538
1514890264.903509
1514890264.9035318
1514890266.1717775
1514890266.1718478
1514890267.62037
1514890267.6204069
1514890269.2352035
1514890269.235229
1514890271.0792782
1514890271.079317
1514890273.0102732
1514890273.0103076
1514890274.589665
1514890274.5897036
1514890276.1307616
1514890276.1308415
1514890278.127614
1514890278.127693
1514890280.0213315
1514890280.021354
1514890281.8611946
1514890281.8612547
1514890283.5968509
1514890283.5968792
1514890284.9999518
1514890284.9999835
1514890286.7976842
1514890286.7977054
1514890288.3001983
1514890288.3002908
1514890289.8424182
1514890289.8424451
1514890291.308861
1514890291.3089614
1514890292.6438463
1514890292.6438706
1514890294.2017415
1514890294.2017817
1514890295.7897587
1514890295.789792
1514890297.245109
1514890297.245135
1514890298.7820442
1514890298.7820785
1514890300.4320495
1514890300.4320874
1514890301.7839267
1514890301.7839575
1514890303.345269
1514890303.345348
1514890304.7978885
1514890304.7979157
1514890306.2042153
1514890306.2042615
1514890307.5798426
1514890307.5798695
1514890308.9248068
1514890308.9248335
1514890309.9072313
1514890309.90756
1514890310.919632
1514890310.919664
1514890311.9006124
1514890311.9006412
1514890312.4213145
1514890312.4213874
1514890313.3486776
1514890313.3487096
1514890314.241977
1514890314.242014
1514890314.9706407
1514890314.970915
1514890315.3987389
1514890315.3987684
1514890316.2213104
1514890316.2213368
1514890316.9311068
1514890316.931166
1514890317.4962993
1514890317.4963338
1514890317.9062047
1514890317.9062362
1514890318.415763
1514890318.4157891
1514890318.914687
1514890318.9147232
1515068457.0248766
1515068459.1791224
1515068459.179162
1515068459.17918
1515068459.1791954
1515068459.1792114
1515068459.1792264
1515068459.1792417
1515068459.1792746
1515068459.1792915
1515068459.1793063
1515068459.1793213
1515068459.179367
1515068459.1793854
1515068459.1794002
1515068459.1794312
1515068459.1794465
1515068459.179462
1515068459.1794767
1515068459.1794913
1515068459.1795056
1515068459.1795201
1515068459.1795473
1515068459.1795628
1515068459.1795774
1515068459.1795921
1515068459.1796072
1515068459.1796222
1515068459.1796367
1515068459.1809905
1515068459.1811516
1515068459.181255
1515068459.1813462
1515068459.1814349
1515068459.181522
1515068459.181607
1515068460.4210048
1515068460.42108
1515068460.4211328
1515068460.4211822
1515068460.42123
1515068460.4212778
1515068460.421325
1515068460.4213848
1515068460.4214425
1515068460.4215255
1515068460.4215748
1515068460.4216228
1515068460.4216692
1515068460.421716
1515068460.4217734
1515068460.4218233
1515068460.4218698
1515068460.4219158
1515068460.4219968
1515068460.423189
1515068460.4232066
1515068460.4235027
1515068460.4235804
1515068460.4236379
1515068460.4236877
1515068460.423735
1515068460.4237816
1515068460.4238281
1515068461.7852402
1515068461.7852752
1515068461.7852924
1515068461.785307
1515068461.7853212
1515068461.785335
1515068461.785349
1515068462.7353175
1515068462.735378
1515068462.735395
1515068462.7354066
1515068462.7354178
1515068462.7354286
1515068462.7354393
1515068463.677588
1515068463.6776326
1515068463.677651
1515068463.6776671
1515068463.6776826
1515068463.6776977
1515068463.6777124
1515068464.6469364
1515068464.6469574
1515068464.6469667
1515068464.6469746
1515068464.6469834
1515068464.6469913
1515068464.646999
1515068465.7336166
1515068465.7340956
1515068465.7341175
1515068465.7341294
1515068465.73414
1515068465.7341666
1515068465.7341788
1515068466.4577513
1515068466.457781
1515068466.4577928
1515068466.457803
1515068466.4578128
1515068466.4578226
1515068466.4578323
1515068467.6054952
1515068467.605523
1515068467.6055331
1515068467.6055453
1515068467.6055534
1515068467.6055613
1515068467.6055691
1515068468.851652
1515068468.8516746
1515068468.8516848
1515068468.8516932
1515068468.8517008
1515068468.8517087
1515068468.8517163
1515068470.0167267
1515068470.0167532
1515068470.016763
1515068470.0167713
1515068470.0167792
1515068470.016787
1515068470.016795
1515068471.079131
1515068471.0791519
1515068471.0791616
1515068471.07917
1515068471.0791779
1515068471.0791857
1515068471.0791936
1515068472.23616
1515068472.236191
1515068472.2362003
1515068472.2362092
1515068472.236217
1515068472.2362251
1515068472.236233
1515068473.2465682
1515068473.2491012
1515068473.2491238
1515068473.2491364
1515068473.249147
1515068473.249157
1515068473.2491667
1515068474.1139717
1515068474.1140044
1515068474.1140146
1515068474.1140242
1515068474.114033
1515068474.1140416
1515068474.11405
1515068475.2101154
1515068475.2101412
1515068475.2101507
1515068475.210159
1515068475.2101672
1515068475.210175
1515068475.2101827
1515068476.4661994
1515068476.4662285
1515068476.466461
1515068476.4664717
1515068476.46648
1515068476.466488
1515068476.4664958
1515068477.4786966
1515068477.4787245
1515068477.478734
1515068477.4787421
1515068477.4787498
1515068477.4787583
1515068477.4787662
1515068478.3972373
1515068478.3972604
1515068478.3972702
1515068478.3972788
1515068478.3972867
1515068478.3972945
1515068478.3973024
1515068479.358972
1515068479.3589973
1515068479.3590071
1515068479.3590157
1515068479.3590236
1515068479.3590314
1515068479.359039
1515068480.4963512
1515068480.4963846
1515068480.4963958
1515068480.4964054
1515068480.496415
1515068480.4964242
1515068480.4964335
1515068481.4390512
1515068481.4390848
1515068481.4390948
1515068481.4391031
1515068481.439112
1515068481.439121
1515068481.4391294
1515068482.1731107
1515068482.1731422
1515068482.173152
1515068482.1731608
1515068482.1731691
1515068482.173177
1515068482.1731846
1515068482.9898329
1515068482.9898648
1515068482.9898758
1515068482.9899244
1515068482.9899342
1515068482.9899433
1515068482.989952
1515068483.7809882
1515068483.7813156
1515068483.7813325
1515068483.7813423
1515068483.781351
1515068483.78136
1515068483.781368
1515068484.598415
1515068484.5984426
1515068484.5984526
1515068484.5984614
1515068484.5984695
1515068484.5984776
1515068484.5984855
1515068485.33466
1515068485.3346856
1515068485.3346958
1515068485.3347046
1515068485.3347125
1515068485.3347204
1515068485.3347282
1515068486.1412818
1515068486.141316
1515068486.1413293
1515068486.141341
1515068486.141352
1515068486.141363
1515068486.1413736
1515068486.242195