
1514890192.8958614
1514890200.1397662
1514890200.139795
1514890202.1038857
1514890202.1039171
1514890204.0064054
1514890204.0066965
1514890206.2280533
1514890206.2280815
1514890207.9127212
1514890207.9127576
1514890209.457299
1514890209.4573238
1514890211.1214433
1514890211.1214705
1514890212.5962174
1514890212.5963082
1514890214.1995902
1514890214.1996205
1514890215.660023
1514890215.6601017
1514890217.1687768
1514890217.1688087
1514890219.4162774
1514890219.4163048
1514890221.7513025
1514890221.7513983
1514890223.4138663
1514890223.4139009
1514890224.9698727
1514890224.9698992
1514890226.229948
1514890226.2299788
1514890227.8352048
1514890227.8352787
1514890229.5753255
1514890229.5753803
1514890231.4809465
1514890231.4809813
1514890233.6266973
1514890233.6267228
1514890235.2982624
1514890235.2982998
1514890236.7716496
1514890236.7716768
1514890238.2087266
1514890238.208768
1514890239.9025269
1514890239.9026024
1514890241.7795436
1514890241.77957
1514890243.4943013
1514890243.4943364
1514890245.3975837
1514890245.3976104
1514890247.170308
1514890247.1703405
1514890248.938633
1514890248.9387941
1514890250.2604527
1514890250.2604806
1514890251.7344916
1514890251.734562
1514890253.3895183
1514890253.3895562
1514890254.7845933
1514890254.7846296
1514890256.3329966
1514890256.3330262
1514890257.8755145
1514890257.8755486
1514890259.504545
1514890259.504597
1514890261.0767283
1514890261.077006
1514890262.681357
1514890262.681396
1514890264.4836931
1514890264.4840913
1514890266.1017754
1514890266.1018019
1514890267.3932347
1514890267.3935795
1514890268.7375991
1514890268.737624
1514890269.8664048
1514890269.866442
1514890271.2839563
1514890271.2839818
1514890272.5851192
1514890272.585146
1514890273.8627393
1514890273.8627753
1514890274.5535786
1514890276.023477
1514890276.023555
1514890277.442356
1514890277.4423928
1514890278.8902013
1514890278.8902273
1514890280.3690243
1514890280.3698416
1514890281.9270408
1514890281.927857
1514890283.6009347
1514890283.600957
1514890285.3507483
1514890285.350787
1514890287.0241783
1514890287.0242574
1514890288.4792013
1514890288.479554
1514890290.2480276
1514890290.248055
1514890292.1785128
1514890292.1785903
1514890294.0646114
1514890294.0647786
1514890295.6691566
1514890295.6691887
1514890297.1221514
1514890297.1222923
1514890298.4684095
1514890298.4687636
1514890299.8010848
1514890299.801126
1514890301.2087708
1514890301.2088077
1514890302.3806388
1514890302.3806689
1514890303.5525882
1514890303.553007
1514890304.9004874
1514890304.9005156
1514890306.3433926
1514890306.3436809
1514890307.6887066
1514890307.6887548
1514890308.5332506
1514890308.533279
1514890309.5482652
1514890309.548298
1514890310.844964
1514890310.8449972
1514890311.6015549
1514890311.6015818
1514890312.397481
1514890312.3975174
1514890312.9942422
1515068457.017842
1515068463.436515
1515068463.436539
1515068463.4365485
1515068463.4365566
1515068463.436565
1515068463.4365726
1515068463.4365804
1515068464.6457264
1515068464.6457617
1515068464.6457736
1515068464.6457853
1515068464.645794
1515068464.6458015
1515068464.6458094
1515068465.8185482
1515068465.8188815
1515068465.8189175
1515068465.8189287
1515068465.8189385
1515068465.818948
1515068465.8189576
1515068466.5926545
1515068466.59269
1515068466.5927024
1515068466.5927134
1515068466.5927303
1515068466.592741
1515068466.5927515
1515068467.5364478
1515068467.5364738
1515068467.5364833
1515068467.5364912
1515068467.536499
1515068467.536507
1515068467.536515
1515068468.6357045
1515068468.6357343
1515068468.6357446
1515068468.6357534
1515068468.6357617
1515068468.63577
1515068468.6357787
1515068469.6183622
1515068469.6183918
1515068469.6184015
1515068469.6184099
1515068469.6184192
1515068469.618427
1515068469.618435
1515068470.5047538
1515068470.5047822
1515068470.5047925
1515068470.504801
1515068470.5048091
1515068470.5048172
1515068470.504825
1515068471.5169504
1515068471.5172515
1515068471.5172708
1515068471.5172806
1515068471.5172899
1515068471.5172985
1515068471.517307
1515068472.4652607
1515068472.4652848
1515068472.4652944
1515068472.4653025
1515068472.4653103
1515068472.465318
1515068472.4653256
1515068473.326228
1515068473.3262546
1515068473.3262663
1515068473.326275
1515068473.326283
1515068473.3262944
1515068473.3263025
1515068474.2124963
1515068474.212536
1515068474.212552
1515068474.2125657
1515068474.2125788
1515068474.212592
1515068474.212605
1515068475.0870519
1515068475.0870755
1515068475.0870852
1515068475.0870936
1515068475.0871031
1515068475.0871112
1515068475.087119
1515068476.120083
1515068476.1201112
1515068476.1201205
1515068476.120129
1515068476.120137
1515068476.1201448
1515068476.1201525
1515068476.990969
1515068476.9910002
1515068476.9910114
1515068476.9910204
1515068476.9910288
1515068476.9910374
1515068476.9910457
1515068477.8773355
1515068477.8773627
1515068477.8773727
1515068477.877381
1515068477.8773887
1515068477.8773966
1515068477.877404
1515068478.683555
1515068478.683584
1515068478.6835954
1515068478.6836047
1515068478.683614
1515068478.6836228
1515068478.6836314
1515068479.495045
1515068479.4950662
1515068479.4950757
1515068479.4950836
1515068479.4950912
1515068479.495099
1515068479.4951067
1515068480.5572433
1515068480.5572708
1515068480.557285
1515068480.5572932
1515068480.557301
1515068480.5573087
1515068480.5573163
1515068481.580873
1515068481.580899
1515068481.5809085
1515068481.580917
1515068481.5809247
1515068481.5809326
1515068481.5809407
1515068482.4529252
1515068482.4529634
1515068482.4529781
1515068482.452991
1515068482.4530032
1515068482.4530153
1515068482.4530275
1515068483.410913
1515068483.4111888
1515068483.4112053
1515068483.4112144
1515068483.4112225
1515068483.4112303
1515068483.4112382
1515068484.1487255
1515068484.1487527
1515068484.1487622
1515068484.1487756
1515068484.148784
1515068484.1493278
1515068484.1493402
1515068484.7486148
1515068484.7486427
1515068484.7486525
1515068484.7486608
1515068484.7486687
1515068484.7486765
1515068484.7486842
1515068485.3363276
1515068485.336353
1515068485.3363636
1515068485.3363724
1515068485.336381
1515068485.3363907
1515068485.3363996
1515068485.9742138
1515068485.9742556
1515068485.974294
1515068485.9743066
1515068485.9743147
1515068485.9743288
1515068485.9743378
1515068486.2444346
1515068486.244473
1515068486.2444859