
1514890192.8725615
1514890199.7353945
1514890199.7354376
1514890201.36844
1514890201.3684666
1514890203.6784425
1514890203.6785276
1514890205.68333
1514890205.6833713
1514890207.4430048
1514890207.4430413
1514890209.2142336
1514890209.2142627
1514890211.083255
1514890211.083294
1514890212.6972134
1514890212.6973107
1514890214.4284995
1514890214.428524
1514890216.2471795
1514890216.247206
1514890219.3835557
1514890219.3835986
1514890221.194945
1514890221.1950178
1514890222.8436
1514890222.8436315
1514890224.2805474
1514890224.2806149
1514890225.728315
1514890225.7283363
1514890227.0978718
1514890227.0981832
1514890228.3332276
1514890228.3335009
1514890229.625122
1514890229.6251721
1514890230.8805838
1514890230.8806102
1514890232.0790312
1514890232.0790718
1514890233.4879084
1514890233.4879427
1514890234.926712
1514890234.9267395
1514890236.3861191
1514890236.3861465
1514890237.739272
1514890237.74103
1514890239.2057867
1514890239.2058146
1514890240.6548307
1514890240.6548572
1514890242.2928705
1514890242.2928998
1514890243.737879
1514890243.7379072
1514890245.1280465
1514890245.1280909
1514890246.2512803
1514890246.251306
1514890247.6720517
1514890247.67208
1514890249.2777078
1514890249.2779772
1514890250.9512603
1514890250.9513001
1514890252.5014133
1514890252.5014424
1514890254.0113065
1514890254.0113297
1514890255.3915162
1514890255.3915534
1514890256.7110574
1514890256.7114096
1514890257.9216945
1514890257.9217746
1514890259.302948
1514890259.3029783
1514890260.4499357
1514890260.4499633
1514890261.933676
1514890261.933703
1514890263.7088354
1514890263.7088635
1514890265.505955
1514890265.5063045
1514890267.5673163
1514890267.5673647
1514890269.4046736
1514890269.4047039
1514890271.1522546
1514890271.1522825
1514890272.700088
1514890272.7001202
1514890274.4628508
1514890274.4628787
1514890276.5031576
1514890276.5034518
1514890278.2715244
1514890278.2715518
1514890280.0060937
1514890280.0063615
1514890281.607872
1514890281.6078942
1514890283.2558386
1514890283.2558746
1514890284.7281384
1514890284.7281613
1514890286.0666096
1514890286.066636
1514890287.4621594
1514890287.4621875
1514890289.4702039
1514890289.4702306
1514890291.1341004
1514890291.1341326
1514890292.783094
1514890292.7831237
1514890294.3505814
1514890294.3506079
1514890295.8446982
1514890295.8447247
1514890296.9987934
1514890296.9988751
1514890298.2035232
1514890298.2035494
1514890299.6246762
1514890299.624716
1514890301.2763157
1514890301.276347
1514890302.5254488
1514890302.525476
1514890303.6815996
1514890303.681916
1514890305.0827324
1514890305.0827599
1514890306.4933271
1514890306.4933643
1514890307.9958942
1514890307.9959223
1514890309.601386
1514890309.60142
1514890310.9413717
1514890310.9413989
1514890312.3512013
1514890312.3512309
1514890313.4988365
1514890313.4992547
1514890314.3619208
1514890314.3619452
1514890315.2631385
1514890315.2631586
1514890316.2463071
1514890316.246329
1514890317.0379167
1514890317.0379443
1514890317.703212
1514890317.7032454
1514890318.3207471
1514890318.320774
1515068457.0445933
1515068463.426444
1515068463.4264681
1515068463.426478
1515068463.426486
1515068463.4264944
1515068463.426502
1515068463.4265096
1515068464.4640732
1515068464.464101
1515068464.4641106
1515068464.464119
1515068464.4641268
1515068464.4645302
1515068464.4645462
1515068465.2984118
1515068465.2987819
1515068465.2988014
1515068465.2988107
1515068465.2988186
1515068465.2988265
1515068465.2988343
1515068466.0797732
1515068466.0798018
1515068466.0798118
1515068466.0798202
1515068466.0798287
1515068466.0798368
1515068466.0798447
1515068466.9332454
1515068466.9336047
1515068466.9336226
1515068466.9336317
1515068466.9336393
1515068466.933647
1515068466.9336543
1515068467.831368
1515068467.8316636
1515068467.8316805
1515068467.8316896
1515068467.831698
1515068467.8317058
1515068467.8317177
1515068468.8433537
1515068468.8465862
1515068468.8466113
1515068468.8466213
1515068468.8466322
1515068468.84664
1515068468.8466475
1515068469.7383342
1515068469.7383564
1515068469.7383654
1515068469.7383735
1515068469.7383811
1515068469.7383888
1515068469.7383964
1515068470.7055936
1515068470.7056386
1515068470.705657
1515068470.7056713
1515068470.7056851
1515068470.7056985
1515068470.7057116
1515068471.5514112
1515068471.5515053
1515068471.551561
1515068471.5516088
1515068471.5516577
1515068471.551704
1515068471.5517497
1515068472.769067
1515068472.7691088
1515068472.7691278
1515068472.7691436
1515068472.7691581
1515068472.7691727
1515068472.7691872
1515068473.779293
1515068473.779417
1515068473.7794738
1515068473.779524
1515068473.779572
1515068473.77962
1515068473.7796674
1515068474.8109403
1515068474.8109674
1515068474.8109767
1515068474.8109848
1515068474.8109949
1515068474.8110025
1515068474.8110101
1515068476.1643922
1515068476.1644146
1515068476.1644242
1515068476.1644323
1515068476.1644397
1515068476.1644473
1515068476.164455
1515068477.1944685
1515068477.1944997
1515068477.194511
1515068477.1945205
1515068477.19453
1515068477.1945393
1515068477.1945486
1515068478.2247868
1515068478.2259288
1515068478.2259407
1515068478.2259495
1515068478.2259574
1515068478.2259653
1515068478.2259727
1515068478.9768052
1515068478.9768379
1515068478.9768486
1515068478.9768577
1515068478.9768665
1515068478.976875
1515068478.9768836
1515068479.7216315
1515068479.7219157
1515068479.7223654
1515068479.7223797
1515068479.7223883
1515068479.7223961
1515068479.7224038
1515068480.5892904
1515068480.5895581
1515068480.5895734
1515068480.5895822
1515068480.5895905
1515068480.5895982
1515068480.5896058
1515068481.5737276
1515068481.5737617
1515068481.573771
1515068481.5737793
1515068481.573787
1515068481.5737946
1515068481.5738022
1515068482.3387012
1515068482.3387299
1515068482.3387396
1515068482.3387482
1515068482.338756
1515068482.338764
1515068482.3387718
1515068483.0697553
1515068483.0700424
1515068483.0700593
1515068483.0700686
1515068483.070077
1515068483.0700924
1515068483.0701025
1515068483.6765616
1515068483.6768715
1515068483.6768873
1515068483.6768963
1515068483.6769042
1515068483.676912
1515068483.67692
1515068484.4405324
1515068484.4405568
1515068484.4405663
1515068484.4405744
1515068484.4405823
1515068484.44059
1515068484.4405975
1515068485.2674937
1515068485.267537
1515068485.267548
1515068485.2675574
1515068485.2675664
1515068485.2675762
1515068485.2675853
1515068486.0895562
1515068486.0895889
1515068486.089598
1515068486.089606
1515068486.0896134
1515068486.089621
1515068486.0896285
1515068486.3738325
1515068486.3738604
1515068486.3738701
1515068486.373878
1515068486.3738856
1515068486.3738933
1515068486.3739007
1515068486.6094859
1515068486.6095197
1515068486.6095288
1515068486.609537
1515068486.6095443