
1514890192.9034045
1514890200.6194165
1514890200.6195018
1514890202.8606257
1514890202.8606482
1514890205.1972306
1514890205.1972594
1514890207.3487139
1514890207.3487513
1514890209.4180396
1514890209.418076
1514890210.9935505
1514890210.9935775
1514890212.5807126
1514890212.5807407
1514890214.0272446
1514890214.0272815
1514890215.5386028
1514890215.5386357
1514890216.8085346
1514890216.808571
1514890218.0758119
1514890218.0758579
1514890219.421498
1514890219.4215221
1514890220.822572
1514890220.8226056
1514890222.5224404
1514890222.5224824
1514890224.0181835
1514890224.0182178
1514890225.6410193
1514890225.6410477
1514890227.61621
1514890227.616239
1514890229.2847347
1514890229.2847672
1514890230.8217251
1514890230.821751
1514890232.2337878
1514890232.233815
1514890233.6393657
1514890233.6394506
1514890235.3472352
1514890235.3472676
1514890236.975656
1514890236.977965
1514890238.5580857
1514890238.5581126
1514890240.1167264
1514890240.1171808
1514890241.7383976
1514890241.7384253
1514890243.1752899
1514890243.175321
1514890244.5842643
1514890244.5842898
1514890246.0904427
1514890246.0907125
1514890247.2885711
1514890247.2885988
1514890248.6199005
1514890248.620139
1514890249.6726546
1514890249.672941
1514890250.8306763
1514890250.8307073
1514890252.0708208
1514890252.0712638
1514890253.4695494
1514890253.4695919
1514890255.1602826
1514890255.16031
1514890257.1787732
1514890257.1788006
1514890258.892275
1514890258.892303
1514890260.544085
1514890260.5441186
1514890262.483034
1514890262.4830616
1514890264.521138
1514890264.5211685
1514890266.4862509
1514890266.4862752
1514890268.2305386
1514890268.2305677
1514890269.1923108
1514890271.28209
1514890271.2829707
1514890272.938686
1514890272.9389977
1514890274.2942173
1514890274.2945795
1514890275.8682039
1514890275.8683064
1514890277.309013
1514890277.3090522
1514890278.4384134
1514890278.43844
1514890280.0157318
1514890280.0160742
1514890281.5600445
1514890281.5600727
1514890283.2091198
1514890283.2091527
1514890284.3147273
1514890284.3147547
1514890285.3663318
1514890285.3670495
1514890286.796387
1514890286.7964125
1514890288.1974332
1514890288.1977477
1514890289.8996713
1514890289.8996997
1514890291.716334
1514890291.716362
1514890293.3599858
1514890293.360013
1514890294.9505427
1514890294.9505692
1514890296.5155456
1514890296.515571
1514890298.169283
1514890298.1693103
1514890299.6564772
1514890299.6565046
1514890301.1402254
1514890301.140569
1514890302.453299
1514890302.4533284
1514890303.6476705
1514890303.6477058
1514890305.2384892
1514890305.2385163
1514890306.8444996
1514890306.8448172
1514890308.0410213
1514890308.0418923
1514890309.5072994
1514890309.5073278
1514890310.9322858
1514890310.93231
1514890312.3305311
1514890312.3305528
1514890313.4089472
1514890313.4089797
1514890314.3418326
1514890314.3418624
1514890315.2114675
1514890315.211499
1514890316.0644667
1514890316.0644958
1514890316.4371974
1514890316.4372408
1514890317.0517733
1514890317.0518014
1514890317.785354
1514890317.7853935
1514890318.3833036
1514890318.3833306
1515068457.0180066
1515068463.432028
1515068463.432051
1515068463.4320602
1515068463.4320683
1515068463.4320765
1515068463.432084
1515068463.4320915
1515068465.1913848
1515068465.1914144
1515068465.1914241
1515068465.1914325
1515068465.1914403
1515068465.1914485
1515068465.1914563
1515068466.4927032
1515068466.492729
1515068466.4927406
1515068466.4927497
1515068466.4927583
1515068466.4927666
1515068466.492775
1515068467.62926
1515068467.6292865
1515068467.6292956
1515068467.6293035
1515068467.6293128
1515068467.6293204
1515068467.629328
1515068468.8597136
1515068468.859735
1515068468.8597443
1515068468.8597524
1515068468.8597598
1515068468.8597674
1515068468.8597748
1515068469.958502
1515068469.9585302
1515068469.9585397
1515068469.9585478
1515068469.9585555
1515068469.958563
1515068469.9585707
1515068471.0419369
1515068471.0419636
1515068471.0419726
1515068471.0419807
1515068471.0419903
1515068471.041998
1515068471.0420055
1515068472.018445
1515068472.0184755
1515068472.0184863
1515068472.018496
1515068472.0185046
1515068472.0185134
1515068472.0185223
1515068472.9946818
1515068472.9947097
1515068472.99472
1515068472.994728
1515068472.9947362
1515068472.994744
1515068472.9947517
1515068473.8871417
1515068473.8877163
1515068473.887734
1515068473.887743
1515068473.8887916
1515068473.8888028
1515068473.888811
1515068474.9054527
1515068474.9054801
1515068474.9054906
1515068474.9054987
1515068474.9055064
1515068474.905514
1515068474.9055214
1515068475.8717058
1515068475.871735
1515068475.8717449
1515068475.8717535
1515068475.8717618
1515068475.8717701
1515068475.8717785
1515068476.8681405
1515068476.868509
1515068476.8685303
1515068476.868544
1515068476.868556
1515068476.8685672
1515068476.8685784
1515068477.797008
1515068477.7970347
1515068477.7970438
1515068477.797052
1515068477.7970595
1515068477.7970672
1515068477.7970746
1515068478.4530528
1515068478.4530787
1515068478.453089
1515068478.453098
1515068478.4531066
1515068478.4531152
1515068478.4531238
1515068479.293147
1515068479.2931755
1515068479.2931855
1515068479.2931936
1515068479.2932012
1515068479.2932088
1515068479.2932165
1515068480.098691
1515068480.098978
1515068480.098995
1515068480.0990038
1515068480.099012
1515068480.0990195
1515068480.0990272
1515068480.7545722
1515068480.754605
1515068480.7546172
1515068480.754628
1515068480.7546387
1515068480.7546494
1515068480.7546597
1515068481.6137128
1515068481.6137333
1515068481.6137424
1515068481.6137502
1515068481.6137578
1515068481.6137655
1515068481.613773
1515068482.4372818
1515068482.4373093
1515068482.4373193
1515068482.4373271
1515068482.4373348
1515068482.4373426
1515068482.43735
1515068483.3753104
1515068483.3756251
1515068483.375642
1515068483.3756506
1515068483.3756585
1515068483.3756661
1515068483.3756738
1515068484.0712628
1515068484.071607
1515068484.0716238
1515068484.0716333
1515068484.0716417
1515068484.0716496
1515068484.0716574
1515068484.6453884
1515068484.6454134
1515068484.6454227
1515068484.6454303
1515068484.645438
1515068484.6454453
1515068484.6454527
1515068485.3520403
1515068485.3520632
1515068485.352073
1515068485.3520813
1515068485.3520892
1515068485.3520968
1515068485.3521044
1515068486.251194
1515068486.2512176
1515068486.2512276
1515068486.2512355
1515068486.2512434
1515068486.2512517
1515068486.251259
1515068486.627946
1515068486.6279712
1515068486.6279805
1515068486.6279888
1515068486.6279967
1515068486.628004
1515068486.6280115
1515068486.9678724
1515068486.9679053
1515068486.9679174
1515068486.9679275
1515068486.9679375
1515068486.967947
1515068486.9679568
1515068487.2888033
1515068487.2888324
1515068487.2888417
1515068487.2888503
1515068487.2888587
1515068487.2888665
1515068487.2888746
1515068487.3365097