
1514890192.8754115
1514890200.7514052
1514890200.751434
1514890203.4370477
1514890203.4375734
1514890205.6861963
1514890205.686218
1514890207.3871503
1514890207.3871865
1514890208.9000022
1514890208.9000297
1514890209.985861
1514890209.9858863
1514890211.3850656
1514890211.3851068
1514890212.599177
1514890212.5992484
1514890213.857282
1514890213.8573089
1514890214.896184
1514890214.896549
1514890216.214119
1514890216.2144465
1514890217.2709005
1514890217.2709312
1514890218.2115488
1514890218.211578
1514890219.0715766
1514890219.071606
1514890219.9178755
1514890219.9179642
1514890220.8614235
1514890220.8614528
1514890221.8802361
1514890221.8802586
1514890222.947666
1514890222.947707
1514890224.146952
1514890224.1469877
1514890225.6672506
1514890225.667277
1514890226.8618536
1514890226.8618817
1514890228.1750882
1514890228.1751144
1514890229.7534018
1514890229.753438
1514890231.4177864
1514890231.4178123
1514890232.9821005
1514890232.9821239
1514890234.2934804
1514890234.2935128
1514890235.8709373
1514890235.8709755
1514890237.2566247
1514890237.2571952
1514890238.367713
1514890238.3678
1514890239.54498
1514890239.545012
1514890240.6025987
1514890240.602921
1514890242.039149
1514890242.0391839
1514890243.4934037
1514890243.4934297
1514890245.246663
1514890245.2466948
1514890247.3445592
1514890247.3445868
1514890249.3200037
1514890249.3200302
1514890251.1089482
1514890251.1089754
1514890252.6568005
1514890252.6571355
1514890254.3791509
1514890254.3792245
1514890256.360356
1514890256.36038
1514890258.2508209
1514890258.25085
1514890259.998873
1514890259.999195
1514890261.662798
1514890261.6630878
1514890262.974639
1514890262.9746678
1514890264.5223818
1514890264.522694
1514890265.7986648
1514890265.7986917
1514890267.1418457
1514890267.1418755
1514890268.3649786
1514890268.3650024
1514890269.6424563
1514890269.6433816
1514890270.9400525
1514890270.9405146
1514890272.1542933
1514890272.1543388
1514890273.2694159
1514890273.2694595
1514890274.6835165
1514890274.6835449
1514890276.1485605
1514890276.1485913
1514890277.5956254
1514890277.5956519
1514890278.7223263
1514890278.7224243
1514890280.1364386
1514890280.136463
1514890281.5900106
1514890281.5903413
1514890283.165853
1514890283.1658785
1514890284.8651044
1514890284.8651805
1514890286.7630017
1514890286.7631176
1514890288.4154942
1514890288.4158206
1514890289.9731767
1514890289.973201
1514890291.5693932
1514890291.5694566
1514890292.9758139
1514890292.9781191
1514890294.5309527
1514890294.5309799
1514890296.254752
1514890296.255789
1514890298.1590314
1514890298.1594336
1514890299.7117906
1514890299.711817
1514890301.2733305
1514890301.2733567
1514890302.695801
1514890302.6958675
1514890304.4675148
1514890304.4675422
1514890306.3122015
1514890306.3122292
1514890307.962346
1514890307.96238
1514890309.5119607
1514890309.5120335
1514890310.9198132
1514890310.9198456
1514890312.17046
1514890312.170487
1514890313.036991
1514890313.037018
1514890313.8311734
1514890313.8312013
1514890314.4184854
1514890314.418522
1514890315.2560573
1514890315.2560842
1514890316.1855948
1514890316.1856232
1514890316.8007233
1514890316.8007505
1514890317.1694064
1514890317.1694338
1514890317.7606287
1514890317.7606616
1515068457.015766
1515068463.5333033
1515068463.5333438
1515068463.5333579
1515068463.53337
1515068463.5333824
1515068463.533394
1515068463.5334055
1515068464.698895
1515068464.6989205
1515068464.6989305
1515068464.6989388
1515068464.6989465
1515068464.698954
1515068464.6989617
1515068465.9803312
1515068465.9803808
1515068465.980398
1515068465.9804091
1515068465.9804194
1515068465.9804296
1515068465.9804401
1515068467.7722242
1515068467.7723174
1515068467.7723818
1515068467.7724407
1515068467.7724996
1515068467.7725554
1515068467.7726104
1515068469.2895455
1515068469.2895749
1515068469.2895858
1515068469.2895951
1515068469.289604
1515068469.2896123
1515068469.289621
1515068470.7568007
1515068470.7568347
1515068470.7568474
1515068470.756858
1515068470.756868
1515068470.7568777
1515068470.7568872
1515068471.8579903
1515068471.858017
1515068471.8580267
1515068471.8580348
1515068471.8580441
1515068471.8580518
1515068471.8580596
1515068472.9163926
1515068472.9164267
1515068472.9164386
1515068472.9164484
1515068472.9164574
1515068472.916467
1515068472.9164762
1515068473.8668654
1515068473.866959
1515068473.8670163
1515068473.8670647
1515068473.8671105
1515068473.8671556
1515068473.8672004
1515068475.0468693
1515068475.0469081
1515068475.0469189
1515068475.046928
1515068475.0469365
1515068475.0469446
1515068475.0469525
1515068476.319231
1515068476.3192627
1515068476.3192766
1515068476.3192866
1515068476.319296
1515068476.3193054
1515068476.319315
1515068477.3892672
1515068477.3911064
1515068477.391127
1515068477.3911376
1515068477.3911464
1515068477.391155
1515068477.3911636
1515068478.4106207
1515068478.4106507
1515068478.4106617
1515068478.4106712
1515068478.4106812
1515068478.41069
1515068478.4106984
1515068479.4916644
1515068479.4916909
1515068479.491701
1515068479.4917092
1515068479.491717
1515068479.491725
1515068479.4917328
1515068480.5664446
1515068480.566466
1515068480.5664756
1515068480.5664837
1515068480.5664914
1515068480.566499
1515068480.5665066
1515068481.6121294
1515068481.6121566
1515068481.6121666
1515068481.612175
1515068481.6121829
1515068481.6121905
1515068481.612198
1515068482.5114822
1515068482.511506
1515068482.5115154
1515068482.5115235
1515068482.5115314
1515068482.511539
1515068482.5115466
1515068483.5286314
1515068483.5287015
1515068483.5287519
1515068483.5287976
1515068483.5288417
1515068483.528886
1515068483.52893
1515068484.4805238
1515068484.4805503
1515068484.4805603
1515068484.4805686
1515068484.4805765
1515068484.4805844
1515068484.4805925
1515068485.3171222
1515068485.31715
1515068485.3171606
1515068485.3171701
1515068485.317179
1515068485.3171875
1515068485.3171961
1515068486.228059
1515068486.2280807
1515068486.22809
1515068486.228098
1515068486.2281058
1515068486.2281134
1515068486.2281215
1515068486.625122
1515068486.6251485
1515068486.6251583
1515068486.625167
1515068486.6251745
1515068486.6251824
1515068486.62519
1515068487.0308926
1515068487.0309217
1515068487.0309315
1515068487.0309398
1515068487.0309474
1515068487.030955
1515068487.0309627
1515068487.4392571
1515068487.439284
1515068487.4392936
1515068487.439302
1515068487.4393096
1515068487.4393177
1515068487.4393258
1515068487.7576654
1515068487.7576907
1515068487.7577007
1515068487.7577088
1515068487.757717
1515068487.7577271
1515068487.7577355
1515068487.9678206
1515068487.967853
1515068487.9678643
1515068487.9678736
1515068487.9678824
1515068487.9678915
1515068487.9679003
1515068488.0886974
1515068488.0887344
1515068488.088748
1515068488.08876