
1515067425.3291168
1515067426.5203695
1515067426.5204
1515067427.1703508
1515067427.1703784
1515067427.6458523
1515067427.645885
1515067428.3563285
1515067428.356364
1515067428.803411
1515067428.8037899
1515067429.4865975
1515067429.4866474
1515067430.0543602
1515067430.0543878
1515067430.5672305
1515067430.5673163
1515067431.272402
1515067431.272439
1515067431.9669323
1515067431.9669695
1515067432.562882
1515067432.562923
1515067433.4493532
1515067433.4494004
1515067434.5050654
1515067434.5050943
1515067435.4312456
1515067435.4312825
1515067436.4741478
1515067436.4741757
1515067437.402768
1515067437.4028046
1515067438.2932572
1515067438.2932928
1515067439.0312932
1515067439.0313337
1515067439.7316754
1515067439.7317193
1515067440.3858857
1515067440.385933
1515067441.0075283
1515067441.0075655
1515067441.6324213
1515067441.6327913
1515067442.2276838
1515067442.227707
1515067443.075462
1515067443.075501
1515067444.2312791
1515067444.231318
1515067445.036011
1515067445.0360496
1515067445.6051188
1515067445.6051502
1515067446.2902117
1515067446.2902367
1515067446.9978442
1515067446.9981775
1515067447.5617995
1515067447.5618284
1515067448.1222076
1515067448.1222394
1515067449.0010118
1515067449.001034
1515067449.8321977
1515067449.8322275
1515067450.4299765
1515067450.4300208
1515067451.055537
1515067451.0555608
1515067451.660058
1515067451.66011
1515067452.12635
1515067452.1264498
1515067452.9492009
1515067452.949229
1515067453.797495
1515067453.7975335
1515067454.8297787
1515067454.8298104
1515067455.8110695
1515067455.8111079
1515067456.626451
1515067456.6264794
1515067457.518784
1515067457.5188107
1515067458.6541085
1515067458.6541457
1515067459.6539035
1515067459.6539342
1515067460.6622593
1515067460.6623034
1515067461.5346928
1515067461.5347219
1515067462.2588694
1515067462.2589111
1515067462.7976916
1515067462.7977307
1515067463.5514364
1515067463.5514605
1515067464.2989461
1515067464.2989852
1515067464.945375
1515067464.945401
1515067465.5701096
1515067465.5701437
1515067466.0980432
1515067466.0980835
1515067467.0255928
1515067467.0256262
1515067467.734413
1515067467.734454
1515067468.3850772
1515067468.3851185
1515067469.1372392
1515067469.1372669
1515067469.8218524
1515067469.821895
1515067470.3927054
1515067470.3927412
1515067471.3225822
1515067471.3226185
1515067472.1006837
1515067472.1007152
1515067472.41751
1515067473.3561366
1515067473.3561652
1515067474.10447
1515067474.104515
1515067474.7524507
1515067474.752489
1515067475.4820054
1515067475.4820297
1515067476.3941724
1515067476.3941958
1515067477.2077134
1515067477.20775
1515067478.157021
1515067478.1570492
1515067479.2694652
1515067479.2699475
1515067480.0635252
1515067480.0635529
1515067480.626475
1515067480.6265032
1515067481.069299
1515067481.069339
1515067481.954509
1515067481.9545374
1515067482.9347382
1515067482.9347816
1515067485.1677103
1515067485.1681094
1515067485.8963869
1515067485.896415
1515067486.72512
1515067486.725154
1515067487.1892965
1515067487.1893241
1515067487.9246352
1515067487.9246767
1515067488.9805524
1515067488.980577
1515067489.9025583
1515067489.902586
1515067491.0386634
1515067491.0387301
1515067491.7218163
1515067491.7221017
1515067492.2851825
1515067492.2852342
1515067492.9734054
1515067492.9734342
1515067496.3980906
1515067496.3986347
1515067497.0017555
1515067497.001792
1515067497.6929424
1515067497.692967
1515067498.264451
1515067498.2644773
1515067498.8588052
1515067498.8588436
1515067499.4554858
1515067499.4555154
1515067501.2852752
1515067501.285312
1515067501.680964
1515067501.6810327
1515067502.0959382
1515067502.095985
1515067502.443182
1515067502.4432242
1515067502.81148
1515067502.8115082
1515067503.14876
1515067503.1488051
1515067503.602866
1515067503.6029615
1515067503.9501987
1515067503.9502375
1515067504.2992663
1515067504.2993286
1515067504.6644304
1515067504.6644611
1515067504.9983015
1515067504.9983442
1515067505.3452325
1515067505.3452597
1515067505.6663992
1515067505.666432
1515067505.997881
1515067505.99793