
1515067425.2835515
1515067426.8488798
1515067426.8489063
1515067427.736074
1515067427.7361016
1515067428.590572
1515067428.590647
1515067429.2647655
1515067429.2648032
1515067429.733205
1515067429.733233
1515067430.5144284
1515067430.5144658
1515067431.2803273
1515067431.2803512
1515067432.1042762
1515067432.1043122
1515067432.8512523
1515067432.8512807
1515067433.508166
1515067433.5082018
1515067434.418244
1515067434.418279
1515067435.0140028
1515067435.0147877
1515067435.523419
1515067435.5234447
1515067436.430521
1515067436.4305956
1515067437.3504639
1515067437.3504927
1515067438.2562437
1515067438.2562883
1515067438.9368818
1515067438.9369147
1515067439.5849903
1515067439.5850167
1515067440.2052767
1515067440.205307
1515067440.9073637
1515067440.9074128
1515067441.5039918
1515067441.5043123
1515067442.2267315
1515067442.2267601
1515067442.97721
1515067442.977248
1515067443.7537153
1515067443.7537544
1515067444.3982093
1515067444.398249
1515067445.286025
1515067445.2860465
1515067446.2692587
1515067446.269287
1515067447.1449323
1515067447.1449766
1515067448.0786152
1515067448.0786424
1515067449.1164975
1515067449.1165295
1515067450.2092583
1515067450.2096426
1515067451.0838602
1515067451.084761
1515067451.8968313
1515067451.8968596
1515067452.3036635
1515067452.304072
1515067453.073463
1515067453.0734859
1515067453.9613163
1515067453.9613545
1515067454.668996
1515067454.6690323
1515067455.505316
1515067455.5053444
1515067456.195717
1515067456.1957452
1515067456.9429893
1515067456.9430165
1515067457.723579
1515067457.7236104
1515067458.4839451
1515067458.483974
1515067459.3351092
1515067459.335138
1515067459.7479043
1515067459.7479348
1515067460.482307
1515067460.4823406
1515067461.5912774
1515067461.591319
1515067462.0322945
1515067462.7747014
1515067462.7748015
1515067463.5512
1515067463.5512295
1515067464.378544
1515067464.3785727
1515067465.1000175
1515067465.1000612
1515067465.6951795
1515067465.6952076
1515067466.1369307
1515067466.1369605
1515067466.9748445
1515067466.9748752
1515067469.2123854
1515067469.2128904
1515067469.8662827
1515067469.8663125
1515067470.4203258
1515067470.4203541
1515067471.3517516
1515067471.3517795
1515067471.9501479
1515067471.95018
1515067472.419402
1515067472.4200244
1515067473.0534077
1515067473.0534353
1515067473.544386
1515067473.5444138
1515067474.1234365
1515067474.1234648
1515067475.2041616
1515067475.2042015
1515067475.6048384
1515067475.60487
1515067476.1284034
1515067476.1284273
1515067476.6809728
1515067476.6810553
1515067477.1706705
1515067477.1706984
1515067477.8109038
1515067477.810931
1515067478.2484343
1515067478.2484636
1515067478.762749
1515067478.7627814
1515067479.2456284
1515067479.2456675
1515067479.724983
1515067479.7250555
1515067480.2425585
1515067480.2426481
1515067480.8100646
1515067480.810095
1515067481.2548833
1515067481.2549114
1515067481.8191106
1515067481.8191395
1515067482.725809
1515067482.7258885
1515067483.9244733
1515067483.9245124
1515067484.9623826
1515067484.9624102
1515067485.8130834
1515067485.813346
1515067486.8371458
1515067486.8371837
1515067487.5239599
1515067487.5239873
1515067488.047545
1515067488.0475807
1515067488.9523365
1515067488.9523609
1515067489.9298532
1515067489.9298813
1515067490.8650258
1515067490.8651013
1515067491.4848993
1515067491.4849339
1515067492.1493614
1515067492.1493876
1515067493.0091772
1515067493.0092044
1515067493.6578548
1515067493.657891
1515067493.9811995
1515067493.9812381
1515067494.7829826
1515067494.7832787
1515067495.5199325
1515067495.5199583
1515067496.2578583
1515067496.2582772
1515067496.945864
1515067496.9458976
1515067497.496721
1515067497.4967465
1515067497.9044716
1515067497.9045055
1515067498.331778
1515067498.3318071
1515067498.910923
1515067498.9109483
1515067499.394554
1515067499.3945858
1515067499.7445729
1515067499.7446108
1515067501.3894634
1515067501.389495
1515067501.746035
1515067501.746065
1515067502.1126826
1515067502.1127105
1515067502.4670975
1515067502.4671295
1515067502.839477
1515067502.8395035
1515067503.206393
1515067503.2064223
1515067503.6338696
1515067503.633905
1515067503.988891
1515067503.9889195
1515067504.3105097
1515067504.3105383
1515067504.6557562
1515067504.6558003
1515067504.8317688