
1515067425.3074937
1515067426.6224158
1515067426.6224453
1515067427.4908938
1515067427.4909217
1515067428.1090336
1515067428.1090677
1515067428.555496
1515067428.5555797
1515067429.0276947
1515067429.0277252
1515067429.592362
1515067429.5923913
1515067431.2452185
1515067431.245556
1515067431.843872
1515067431.8441875
1515067432.4124095
1515067432.4124398
1515067432.9987853
1515067432.9988134
1515067433.5155747
1515067433.515607
1515067434.4045117
1515067434.40455
1515067435.0717263
1515067435.0717597
1515067435.6444123
1515067435.6444523
1515067436.2681146
1515067436.2681925
1515067436.683452
1515067436.6835065
1515067437.3603084
1515067437.36034
1515067438.1355023
1515067438.1358132
1515067438.679242
1515067438.679317
1515067439.2612023
1515067439.261237
1515067440.1312768
1515067440.1313226
1515067441.2370536
1515067441.2370768
1515067442.0893214
1515067442.0893574
1515067443.0570264
1515067443.057068
1515067444.1950428
1515067444.195098
1515067444.8766878
1515067444.8767204
1515067445.4133923
1515067445.4134204
1515067446.1620572
1515067446.162098
1515067446.5559351
1515067446.5559602
1515067447.2898722
1515067447.2901466
1515067448.1383948
1515067448.1384168
1515067449.0473146
1515067449.047353
1515067450.0392044
1515067450.039859
1515067451.0937245
1515067451.0937467
1515067451.9558096
1515067451.955839
1515067452.6379485
1515067452.63799
1515067453.587027
1515067453.5870597
1515067454.4831853
1515067454.483214
1515067454.9531305
1515067454.9531593
1515067455.4236884
1515067455.423726
1515067455.8635347
1515067455.8635676
1515067456.3531344
1515067456.3531597
1515067456.807136
1515067456.8071685
1515067457.4774687
1515067457.4775038
1515067457.9191456
1515067457.9194944
1515067458.5754087
1515067458.5754387
1515067459.5698528
1515067459.569883
1515067460.39242
1515067460.392468
1515067461.2590454
1515067461.2590747
1515067461.7761238
1515067461.7764466
1515067462.4621902
1515067462.4622233
1515067463.2650628
1515067463.2651002
1515067466.037479
1515067466.0390506
1515067466.7964265
1515067466.796491
1515067467.0594373
1515067467.7725015
1515067467.7725277
1515067468.3461647
1515067468.3464987
1515067469.085598
1515067469.0856297
1515067469.6815891
1515067469.6816258
1515067470.4243755
1515067470.4244044
1515067471.3538427
1515067471.3538654
1515067472.2276316
1515067472.2276604
1515067472.9520571
1515067472.952104
1515067473.5644023
1515067473.5644307
1515067474.2559848
1515067474.2560213
1515067474.7894535
1515067474.7894835
1515067475.450743
1515067475.4507766
1515067476.169226
1515067476.1692529
1515067476.8083255
1515067476.808357
1515067477.4005773
1515067477.4006777
1515067478.0271115
1515067478.027154
1515067478.8250606
1515067478.8250883
1515067479.5113418
1515067479.5113792
1515067480.259346
1515067480.260295
1515067481.0024073
1515067481.0024402
1515067481.9642878
1515067481.964318
1515067482.940745
1515067482.9407687
1515067483.4592276
1515067483.4592607
1515067483.9893227
1515067483.9896631
1515067484.9010947
1515067484.9011493
1515067485.605752
1515067485.6057794
1515067486.1859353
1515067486.1862688
1515067487.0060542
1515067487.0060897
1515067487.9011395
1515067487.9011655
1515067488.8435595
1515067488.8435965
1515067489.3221328
1515067489.3221617
1515067490.0623798
1515067490.0624173
1515067491.044405
1515067491.0444272
1515067491.8623238
1515067491.862358
1515067492.6215727
1515067492.6216073
1515067493.1180017
1515067493.1180391
1515067493.832835
1515067493.832863
1515067494.6498168
1515067494.6498451
1515067495.3340423
1515067495.334074
1515067495.8306012
1515067495.8306422
1515067496.4389
1515067496.4389396
1515067497.0441394
1515067497.044169
1515067497.7081172
1515067497.7081938
1515067498.2746165
1515067498.2746477
1515067498.89734
1515067498.8973622
1515067499.4810536
1515067499.4810765
1515067499.8579943
1515067499.8580298
1515067500.2088575
1515067500.2089088
1515067500.3718727