
1515067425.2921786
1515067426.6763432
1515067426.6763732
1515067427.6552176
1515067427.6552513
1515067428.6323488
1515067428.632704
1515067429.5669339
1515067429.566974
1515067430.3429437
1515067430.342971
1515067430.8897243
1515067430.8897696
1515067431.895495
1515067431.895528
1515067432.5630991
1515067432.5631292
1515067433.3862062
1515067433.3862453
1515067434.3710368
1515067434.3710885
1515067435.300844
1515067435.3008826
1515067436.3390737
1515067436.339108
1515067436.9434056
1515067436.9434364
1515067437.5526505
1515067437.5527625
1515067438.3376095
1515067438.3376403
1515067438.9913228
1515067438.9913619
1515067439.7160935
1515067439.7161338
1515067440.3243093
1515067440.3243337
1515067441.234774
1515067441.2348137
1515067442.1875014
1515067442.188157
1515067443.157838
1515067443.1578755
1515067444.1638494
1515067444.1638787
1515067444.6902442
1515067444.6902792
1515067445.2809076
1515067445.2809463
1515067446.271081
1515067446.2711153
1515067447.160248
1515067447.160284
1515067448.0078335
1515067448.0078635
1515067448.518455
1515067448.518537
1515067449.0982165
1515067449.098257
1515067450.1153584
1515067450.1153843
1515067451.0918038
1515067451.0918403
1515067452.0975583
1515067452.097584
1515067453.0943434
1515067453.09442
1515067453.9680152
1515067453.9680505
1515067454.6963842
1515067454.696412
1515067455.5386288
1515067455.5386739
1515067456.1294274
1515067456.1294584
1515067456.8123639
1515067456.8123872
1515067457.5819626
1515067457.5820048
1515067458.2661898
1515067458.267121
1515067458.67837
1515067458.6787295
1515067459.4179215
1515067459.4179485
1515067459.8279402
1515067459.8279755
1515067460.459174
1515067460.45922
1515067461.306328
1515067461.306356
1515067461.972742
1515067461.973112
1515067462.5500836
1515067462.5501118
1515067463.514489
1515067463.5145175
1515067464.2012782
1515067464.2013268
1515067466.2557259
1515067466.256146
1515067467.1240525
1515067467.1240866
1515067468.071388
1515067468.0714164
1515067468.9005036
1515067468.9005313
1515067469.5752335
1515067469.5752773
1515067470.2730904
1515067470.2731202
1515067471.1877487
1515067471.188101
1515067471.7365708
1515067471.736603
1515067472.3961315
1515067472.3961766
1515067472.7500584
1515067473.5162175
1515067473.5162451
1515067474.4386952
1515067474.4390376
1515067475.3960931
1515067475.3961356
1515067476.37438
1515067476.3744183
1515067477.2869437
1515067477.2874546
1515067478.2297444
1515067478.2297783
1515067479.0740545
1515067479.0740952
1515067479.9458275
1515067479.9458635
1515067480.8657072
1515067480.8657532
1515067481.838956
1515067481.8389893
1515067482.8175402
1515067482.8175747
1515067483.2300549
1515067483.2300947
1515067483.9434977
1515067483.9435272
1515067484.8000474
1515067484.8001153
1515067485.4162908
1515067485.4163337
1515067485.9360173
1515067485.9363005
1515067486.9914582
1515067486.9914982
1515067487.7639754
1515067487.7640033
1515067488.5848498
1515067488.5850122
1515067489.0732567
1515067489.0732827
1515067489.9488525
1515067489.9488852
1515067491.0397515
1515067491.0398014
1515067491.9412262
1515067491.9412532
1515067492.8577552
1515067492.8577938
1515067493.4121828
1515067493.4122102
1515067493.887879
1515067493.8879287
1515067494.7309434
1515067494.7309973
1515067495.323659
1515067495.3236883
1515067495.7042308
1515067495.7042727
1515067496.2470615
1515067496.2470896
1515067496.9891412
1515067496.9891715
1515067497.5682952
1515067497.5683396
1515067498.084573
1515067498.0846114
1515067498.3998528
1515067498.3999052
1515067498.9373739
1515067498.937403
1515067499.4395802
1515067499.4396093
1515067499.7984214
1515067499.798463
1515067500.1224582
1515067500.1224947
1515067500.2744753