
1515067425.3287363
1515067426.5987363
1515067426.5987668
1515067427.210887
1515067427.2109137
1515067427.7066472
1515067427.7066846
1515067428.3053577
1515067428.3053954
1515067428.7326486
1515067428.732778
1515067429.1972075
1515067429.1972373
1515067429.6331778
1515067429.633214
1515067430.4141963
1515067430.4142268
1515067430.8392646
1515067430.8397462
1515067431.4836056
1515067431.483641
1515067432.02026
1515067432.0202968
1515067432.4889052
1515067432.488947
1515067433.1255665
1515067433.1255958
1515067433.6427078
1515067433.642753
1515067434.453093
1515067434.4531214
1515067435.2732973
1515067435.2733243
1515067436.1882036
1515067436.1882467
1515067436.5405033
1515067436.5405278
1515067437.3983822
1515067437.3984256
1515067438.22249
1515067438.2225146
1515067438.8286762
1515067438.8287015
1515067439.3399954
1515067439.3400357
1515067440.0854752
1515067440.0855026
1515067440.5922801
1515067440.592321
1515067441.1868167
1515067441.1868434
1515067441.9781609
1515067441.9785047
1515067442.4262516
1515067442.4262986
1515067443.2086365
1515067443.2086616
1515067444.022339
1515067444.0223782
1515067444.5080113
1515067444.5080416
1515067445.255268
1515067445.2553334
1515067446.105126
1515067446.1051657
1515067446.645914
1515067446.645995
1515067447.260145
1515067447.2601757
1515067448.0833673
1515067448.0833914
1515067448.8348212
1515067448.8348494
1515067449.3216505
1515067449.3217084
1515067450.0805972
1515067450.0806205
1515067450.9559274
1515067450.9559662
1515067452.9440272
1515067452.9444711
1515067453.877311
1515067453.8773384
1515067454.7935221
1515067454.7935598
1515067455.9214456
1515067455.9214737
1515067456.7275357
1515067456.7275743
1515067457.6880786
1515067457.6881053
1515067458.5288658
1515067458.5288937
1515067459.5140197
1515067459.514063
1515067460.7199876
1515067460.7200212
1515067461.5989854
1515067461.5990086
1515067462.3658366
1515067462.3658738
1515067462.9526074
1515067462.952654
1515067463.5201344
1515067463.5201576
1515067464.287001
1515067464.2870338
1515067464.9137917
1515067464.9138186
1515067465.4762444
1515067465.4762828
1515067466.0635986
1515067466.0636258
1515067466.9661975
1515067466.9662282
1515067467.4421384
1515067467.4421756
1515067468.0024338
1515067468.002761
1515067468.6978486
1515067468.6978762
1515067469.352513
1515067469.3525896
1515067470.1312869
1515067470.1313288
1515067471.1168537
1515067471.1168902
1515067471.7974856
1515067471.7975125
1515067472.4903562
1515067472.4903913
1515067473.3928077
1515067473.3928316
1515067473.630889
1515067474.4107273
1515067474.410802
1515067475.1149993
1515067475.1150317
1515067475.6101787
1515067475.6102066
1515067476.3391175
1515067476.3391526
1515067477.0510204
1515067477.0516565
1515067477.515713
1515067477.5157645
1515067477.9916537
1515067477.9916832
1515067478.6711357
1515067478.6711607
1515067479.4461625
1515067479.446244
1515067480.0260348
1515067480.026073
1515067480.8117216
1515067480.8117573
1515067481.3918672
1515067481.3919246
1515067482.0206256
1515067482.0206535
1515067482.9439743
1515067482.9440103
1515067483.7177
1515067483.717731
1515067484.0906022
1515067484.0906446
1515067484.894097
1515067484.8941245
1515067485.5398507
1515067485.539908
1515067486.1386316
1515067486.1391854
1515067486.9668682
1515067486.9668953
1515067487.696023
1515067487.6960566
1515067488.2321796
1515067488.232226
1515067488.985137
1515067488.9851587
1515067489.958084
1515067489.9581642
1515067490.9445467
1515067490.9445782
1515067491.5186732
1515067491.5187159
1515067492.1304047
1515067492.1304345
1515067493.0343413
1515067493.0343757
1515067493.7193422
1515067493.7193713
1515067494.21809
1515067494.2181463
1515067494.8135571
1515067494.8135827
1515067495.4766726
1515067495.477113
1515067496.1712012
1515067496.171226
1515067496.9053595
1515067496.9054072
1515067497.482769
1515067497.4827979
1515067497.905944
1515067497.9059715
1515067498.3443103
1515067498.3443336
1515067498.9577935
1515067498.9578335
1515067499.4807696
1515067499.4808002
1515067499.6911387