
1515067425.3012633
1515067426.5463963
1515067426.5464263
1515067427.4287
1515067427.4287274
1515067428.07744
1515067428.0774708
1515067431.6428998
1515067431.642995
1515067432.5682096
1515067432.5682335
1515067433.4290135
1515067433.4290464
1515067434.2766812
1515067434.2767084
1515067434.8366847
1515067434.8370347
1515067435.5130575
1515067435.5130837
1515067436.4368358
1515067436.4368613
1515067437.3725302
1515067437.3725584
1515067438.1648645
1515067438.1652546
1515067438.725497
1515067438.7255237
1515067439.2627056
1515067439.2627275
1515067440.0343432
1515067440.03438
1515067440.6023629
1515067440.6024003
1515067441.2499838
1515067441.2500129
1515067442.13683
1515067442.136867
1515067442.9382234
1515067442.9385378
1515067443.782369
1515067443.782409
1515067444.3391695
1515067444.339197
1515067445.2210078
1515067445.2222137
1515067446.0093076
1515067446.0093367
1515067446.4624453
1515067446.4624846
1515067447.2241066
1515067447.2241404
1515067448.0592575
1515067448.0592837
1515067448.9086425
1515067448.9086785
1515067449.6694052
1515067449.6695027
1515067450.2619677
1515067450.2620127
1515067451.1103992
1515067451.1104302
1515067452.0722768
1515067452.0723152
1515067453.0023654
1515067453.0024037
1515067454.044371
1515067454.0444982
1515067454.805671
1515067454.805695
1515067455.6114929
1515067455.6115205
1515067456.1809468
1515067456.1809835
1515067456.8100417
1515067456.8100693
1515067457.705182
1515067457.7052083
1515067458.5173995
1515067458.5174265
1515067459.4826853
1515067459.4831324
1515067460.1080616
1515067460.1080906
1515067460.731685
1515067460.7317107
1515067461.4888787
1515067461.4889107
1515067461.7353969
1515067462.5398297
1515067462.5398774
1515067463.4683483
1515067463.4683838
1515067464.231241
1515067464.2312734
1515067464.7383182
1515067464.7384508
1515067465.2755196
1515067465.2755752
1515067466.0161502
1515067466.0161822
1515067466.913651
1515067466.9136846
1515067467.3850708
1515067467.3850996
1515067467.971128
1515067467.9711654
1515067468.672994
1515067468.6730208
1515067469.344355
1515067469.3443866
1515067470.1410298
1515067470.1410658
1515067470.9393358
1515067470.939693
1515067471.537059
1515067471.537089
1515067472.4250226
1515067472.425045
1515067473.4195025
1515067473.4195306
1515067474.1667423
1515067474.166783
1515067474.7886791
1515067474.788708
1515067475.4488533
1515067475.4491732
1515067476.2292776
1515067476.2293086
1515067476.925444
1515067476.9254827
1515067477.4029562
1515067477.4029853
1515067478.111835
1515067478.111867
1515067478.8797548
1515067478.8797922
1515067479.5682163
1515067479.568264
1515067480.1639168
1515067480.1642163
1515067480.888703
1515067480.888734
1515067481.558975
1515067481.5590208
1515067482.2347794
1515067482.2348206
1515067483.0157454
1515067483.0157683
1515067483.8293638
1515067483.8293977
1515067484.8190804
1515067484.8191168
1515067485.5469537
1515067485.5470176
1515067486.1905465
1515067486.190571
1515067486.9870741
1515067486.987105
1515067487.885239
1515067487.8852684
1515067488.9664943
1515067488.9665294
1515067489.8790178
1515067489.879046
1515067490.5012476
1515067490.5012925
1515067491.1491535
1515067491.1491966
1515067491.807281
1515067491.8074117
1515067492.560815
1515067492.560852
1515067493.1403186
1515067493.1403527
1515067493.8032656
1515067493.803294
1515067494.5142322
1515067494.5142748
1515067494.8651578
1515067494.8652518
1515067495.477132
1515067495.4771607
1515067496.1434846
1515067496.1435158
1515067496.7916188
1515067496.7916582
1515067497.1217015
1515067497.1217995
1515067497.7171016
1515067497.71713
1515067498.3011923
1515067498.301219
1515067498.6112125