
1515067425.2955668
1515067426.3912594
1515067426.3912923
1515067426.8523343
1515067426.8523576
1515067427.549402
1515067427.5494254
1515067428.3163643
1515067428.316412
1515067428.7578468
1515067428.7582798
1515067429.457872
1515067429.4579008
1515067429.9487329
1515067429.9487603
1515067430.6113863
1515067430.6114926
1515067431.375358
1515067431.3753865
1515067432.2288778
1515067432.228917
1515067432.8339756
1515067432.8340247
1515067433.5597715
1515067433.5600152
1515067434.4891224
1515067434.4891593
1515067435.3424575
1515067435.3424847
1515067436.3425717
1515067436.3425968
1515067437.1581514
1515067437.1582205
1515067437.9543073
1515067437.954335
1515067438.5865457
1515067438.5865755
1515067439.2056687
1515067439.2056944
1515067440.04629
1515067440.0463178
1515067440.629584
1515067440.6298494
1515067441.3983054
1515067441.3986902
1515067442.1877806
1515067442.1878295
1515067443.044984
1515067443.0450118
1515067444.0428991
1515067444.0429265
1515067444.4984834
1515067444.4985113
1515067445.11017
1515067445.1102118
1515067445.7096536
1515067445.709684
1515067446.2651722
1515067446.265198
1515067446.9549086
1515067446.9549387
1515067447.4544678
1515067447.4545026
1515067449.8462281
1515067449.8462536
1515067450.4630086
1515067450.463039
1515067451.051034
1515067451.0510623
1515067451.5895154
1515067451.589567
1515067452.0864217
1515067452.0864503
1515067452.6964102
1515067452.6964386
1515067453.255866
1515067453.2559102
1515067453.8811507
1515067453.8811846
1515067454.5297039
1515067454.5297315
1515067455.1559672
1515067455.1559985
1515067455.9550836
1515067455.955106
1515067456.640563
1515067456.6406062
1515067457.514606
1515067457.5149608
1515067458.2209868
1515067458.2210205
1515067458.7737856
1515067458.7740939
1515067459.5420675
1515067459.5421042
1515067460.1898594
1515067460.1898868
1515067460.8576345
1515067460.8576627
1515067461.4783752
1515067461.4784033
1515067462.0252895
1515067462.0253558
1515067462.5677335
1515067462.567808
1515067463.5033643
1515067463.503397
1515067464.2654574
1515067464.265486
1515067464.897358
1515067464.8973858
1515067465.4066677
1515067465.406697
1515067466.0085464
1515067466.008576
1515067466.7596452
1515067466.7596796
1515067467.1953893
1515067467.1954226
1515067467.9271934
1515067467.927224
1515067468.6472013
1515067468.6472297
1515067469.2770884
1515067469.2771215
1515067470.0305889
1515067470.0309012
1515067470.769567
1515067470.7696013
1515067471.3819387
1515067471.3820045
1515067472.1442707
1515067472.1443062
1515067472.643551
1515067472.6435869
1515067473.3802664
1515067473.38029
1515067473.8844516
1515067473.884483
1515067474.4943721
1515067474.4944046
1515067475.2838743
1515067475.2839346
1515067476.1242692
1515067476.1242998
1515067476.8823304
1515067476.882357
1515067477.2464104
1515067478.0779974
1515067478.078025
1515067478.9550061
1515067478.9550402
1515067479.6947823
1515067479.6948187
1515067480.3033528
1515067480.3033817
1515067480.9223232
1515067480.922354
1515067481.7872047
1515067481.7872372
1515067482.545162
1515067482.5451965
1515067483.107104
1515067483.1071937
1515067483.8897736
1515067483.8898013
1515067484.9257796
1515067484.92581
1515067485.7188478
1515067485.7188754
1515067486.5290096
1515067486.5290372
1515067487.061705
1515067487.061735
1515067487.936779
1515067487.936803
1515067488.9512668
1515067488.9512937
1515067489.8831725
1515067489.883205
1515067490.9144793
1515067490.9145231
1515067491.5673482
1515067491.5673804
1515067492.158208
1515067492.1582382
1515067492.9977908
1515067492.997819
1515067493.7230897
1515067493.7231133
1515067494.1638157
1515067494.163853
1515067494.7602067
1515067494.760234
1515067495.0276804