
1515067425.317346
1515067426.3031077
1515067426.3031523
1515067426.7671883
1515067426.7672274
1515067427.5416896
1515067427.5417128
1515067428.2802274
1515067428.280274
1515067431.5244482
1515067431.5267377
1515067432.096212
1515067432.0963738
1515067433.0412412
1515067433.0412698
1515067433.5335853
1515067433.5336163
1515067434.438053
1515067434.4380918
1515067435.3464148
1515067435.3464432
1515067436.3979983
1515067436.3980293
1515067437.1728306
1515067437.1728668
1515067437.9036725
1515067437.9037163
1515067438.5875304
1515067438.5875576
1515067439.3182242
1515067439.31825
1515067440.1800854
1515067440.1801174
1515067441.1772134
1515067441.1772504
1515067442.144229
1515067442.1442616
1515067443.1509964
1515067443.151024
1515067444.2638993
1515067444.2639248
1515067445.1942325
1515067445.1942933
1515067446.2226934
1515067446.2227325
1515067447.210172
1515067447.2101963
1515067448.0168686
1515067448.0168948
1515067448.6966255
1515067448.696667
1515067449.134886
1515067449.1349146
1515067450.0219905
1515067450.0222626
1515067450.7675498
1515067450.7675831
1515067451.3321276
1515067451.3321774
1515067452.0409613
1515067452.0409913
1515067452.7533658
1515067452.7533925
1515067453.4788327
1515067453.4788613
1515067454.0269651
1515067454.027119
1515067454.7540572
1515067454.7540865
1515067455.6207252
1515067455.6207526
1515067456.199066
1515067456.1990883
1515067456.9164624
1515067456.9164913
1515067457.670259
1515067457.670287
1515067458.3626149
1515067458.362659
1515067459.0680294
1515067459.0681252
1515067459.628242
1515067459.6282701
1515067460.3344874
1515067460.3345218
1515067461.0819738
1515067461.082002
1515067461.6695185
1515067461.6695468
1515067462.4698188
1515067462.4698462
1515067463.365328
1515067463.3653655
1515067463.68842
1515067463.688449
1515067464.4199035
1515067464.4199376
1515067464.8917778
1515067465.9615781
1515067465.9616065
1515067466.630561
1515067466.6305888
1515067467.1169174
1515067467.1169465
1515067467.7467997
1515067467.749125
1515067468.2416775
1515067468.2417157
1515067468.8321662
1515067468.8322012
1515067469.381889
1515067469.3819127
1515067469.9602265
1515067469.960256
1515067470.5056295
1515067470.5056565
1515067471.118241
1515067471.1182716
1515067471.634056
1515067471.634971
1515067472.2927666
1515067472.2927952
1515067473.0464928
1515067473.0465255
1515067473.6038334
1515067473.603931
1515067474.343283
1515067474.3433356
1515067474.9742696
1515067474.9743812
1515067475.5276375
1515067475.5276654
1515067476.360811
1515067476.3608525
1515067477.113987
1515067477.114015
1515067477.8488195
1515067477.8488438
1515067478.6643124
1515067478.6643457
1515067479.3152766
1515067479.315327
1515067480.003671
1515067480.0037477
1515067480.933429
1515067480.933463
1515067481.9929118
1515067481.9929435
1515067483.021918
1515067483.021942
1515067483.7748954
1515067483.7749233
1515067484.6124794
1515067484.6125064
1515067485.1201847
1515067485.1205838
1515067485.8463635
1515067485.8463953
1515067486.7086294
1515067486.7086546
1515067487.2377577
1515067487.237788
1515067487.9275231
1515067487.9275486
1515067488.8095498
1515067488.8095815
1515067489.2214005
1515067489.221426
1515067490.0032542
1515067490.003281
1515067491.0823934
1515067491.0824199
1515067491.95782
1515067491.9578474
1515067492.9175794
1515067492.9176095
1515067493.5131905
1515067493.513217
1515067496.52414
1515067496.5246432
1515067501.3916214
1515067501.3917067
1515067501.8038056
1515067501.8038428
1515067502.151066
1515067502.151109
1515067502.5239153
1515067502.5239568
1515067502.9222744
1515067502.9223206
1515067503.1223207