
1515067425.3150978
1515067426.6236892
1515067426.6237185
1515067427.4039068
1515067427.4039361
1515067427.8822818
1515067427.8823109
1515067428.6596625
1515067428.6597238
1515067429.6072695
1515067429.6073186
1515067430.322313
1515067430.3223574
1515067430.8625793
1515067430.8626113
1515067431.6179829
1515067431.6181214
1515067432.3605926
1515067432.360616
1515067432.9107249
1515067432.9107573
1515067433.3693929
1515067433.3694394
1515067433.9474046
1515067433.94744
1515067434.4679518
1515067434.4679794
1515067435.1184087
1515067435.1184347
1515067435.693699
1515067435.6937277
1515067436.405081
1515067436.405108
1515067437.107417
1515067437.1074495
1515067437.7275996
1515067437.7279408
1515067438.3206723
1515067438.3207064
1515067438.9818206
1515067438.9818478
1515067439.8159573
1515067439.816022
1515067440.2850947
1515067440.2851202
1515067441.0655441
1515067441.0655777
1515067441.9603379
1515067441.9603698
1515067442.5036137
1515067442.5036469
1515067443.1744633
1515067443.1744866
1515067444.1354074
1515067444.1354353
1515067444.6335719
1515067444.6336057
1515067445.3028069
1515067445.302834
1515067446.2380989
1515067446.2381206
1515067446.8769932
1515067446.8770223
1515067447.4062726
1515067447.4067004
1515067448.034841
1515067448.0348663
1515067448.5617406
1515067448.5617647
1515067449.125686
1515067449.1257122
1515067450.068297
1515067450.068324
1515067450.8072557
1515067450.807279
1515067451.3456316
1515067451.3456593
1515067452.0489013
1515067452.0489268
1515067452.6711211
1515067452.6712034
1515067453.2028408
1515067453.2028728
1515067453.8308876
1515067453.834885
1515067454.4612942
1515067454.461326
1515067455.1504674
1515067455.1505027
1515067455.90744
1515067455.9074674
1515067456.6652822
1515067456.6653092
1515067457.4740121
1515067457.4740434
1515067457.9853008
1515067457.985366
1515067458.7126133
1515067458.7126868
1515067459.5609868
1515067459.5610127
1515067460.4164784
1515067460.4165175
1515067461.324614
1515067461.3246381
1515067461.8246026
1515067461.8248825
1515067462.5283132
1515067462.528354
1515067463.4578812
1515067463.4582455
1515067464.104645
1515067464.1046698
1515067464.5264134
1515067464.5264857
1515067465.15742
1515067465.1577427
1515067465.782153
1515067465.7829523
1515067466.1742458
1515067466.1742735
1515067467.0601635
1515067467.060187
1515067467.642146
1515067467.6421752
1515067468.1933432
1515067468.1936774
1515067468.921403
1515067468.9214332
1515067469.5634043
1515067469.5634465
1515067470.1971142
1515067470.1971457
1515067470.9889576
1515067470.988991
1515067471.5544786
1515067471.554515
1515067472.2660294
1515067472.2660656
1515067472.856604
1515067472.856632
1515067473.5871317
1515067473.5871592
1515067474.466602
1515067474.4716377
1515067475.2549531
1515067475.2549815
1515067475.7961583
1515067475.7961884
1515067476.4825368
1515067476.4825938
1515067477.321361
1515067477.3213844
1515067478.1751049
1515067478.17513
1515067479.0157003
1515067479.0157259
1515067479.7235734
1515067479.7236571
1515067480.3956106
1515067480.3956528
1515067480.9863002
1515067480.9863296
1515067481.8159688
1515067481.8166044
1515067482.6475163
1515067482.6475444
1515067483.066292
1515067483.066319
1515067483.8040082
1515067483.804036
1515067484.5062037
1515067484.506232
1515067484.9952104
1515067484.9952366
1515067485.8330479
1515067485.8331277
1515067486.6379116
1515067486.6379433
1515067487.0848014
1515067487.084831
1515067487.806866
1515067487.8069007
1515067488.4762912
1515067488.47632
1515067489.048555
1515067489.0485911
1515067489.9577498
1515067489.9577768
1515067490.6552222
1515067490.655249
1515067491.1811552
1515067491.1811807
1515067491.9301803
1515067491.9302056
1515067492.8188612
1515067492.8188884
1515067493.2976446
1515067493.2976997
1515067493.8833039
1515067493.8833418
1515067494.6674154
1515067494.667446
1515067495.3496578
1515067495.3496819
1515067495.7202399
1515067495.720605