
1515067425.3207104
1515067426.8664412
1515067426.866466
1515067427.701219
1515067427.701245
1515067428.6182437
1515067428.6183136
1515067429.2969592
1515067429.2969904
1515067429.810307
1515067429.810343
1515067430.5402248
1515067430.540324
1515067431.5916982
1515067431.5933053
1515067434.3407624
1515067434.3407898
1515067435.2532156
1515067435.2532563
1515067435.9601686
1515067435.9605036
1515067436.4772778
1515067436.4773004
1515067437.352833
1515067437.3528714
1515067438.2212086
1515067438.2212389
1515067438.8962986
1515067438.8963487
1515067439.4979339
1515067439.4979682
1515067440.1563578
1515067440.1563852
1515067440.9675229
1515067440.9676232
1515067442.041815
1515067442.04229
1515067442.9177215
1515067442.9177754
1515067443.6372337
1515067443.6372614
1515067444.3150723
1515067444.31511
1515067445.0019808
1515067445.0020285
1515067447.1134171
1515067447.1134453
1515067447.8005948
1515067447.8006341
1515067448.226403
1515067448.2264278
1515067449.0110729
1515067449.0111022
1515067449.9130635
1515067449.913116
1515067450.878712
1515067450.87876
1515067451.4724169
1515067451.472455
1515067452.1064107
1515067452.106436
1515067453.0654678
1515067453.065495
1515067453.925942
1515067453.9259815
1515067454.7688942
1515067454.7689223
1515067455.721892
1515067455.721921
1515067456.4847028
1515067456.4847488
1515067457.3068106
1515067457.3068376
1515067457.7845995
1515067457.7846315
1515067458.6078157
1515067458.6079128
1515067459.5309904
1515067459.531017
1515067460.2244303
1515067460.224467
1515067460.9432197
1515067460.9432716
1515067461.614801
1515067461.614892
1515067462.3023274
1515067462.302367
1515067463.4816437
1515067463.481673
1515067464.091653
1515067464.0917177
1515067464.5353744
1515067464.5354156
1515067465.1418834
1515067465.1419325
1515067465.9335864
1515067465.9336212
1515067466.5390751
1515067466.5391088
1515067467.092304
1515067467.0923502
1515067467.7345238
1515067467.734905
1515067468.2946723
1515067468.2947106
1515067469.001886
1515067469.0019128
1515067469.6436348
1515067469.6436663
1515067470.3157248
1515067470.3157716
1515067471.3667896
1515067471.3668141
1515067472.2713232
1515067472.2713645
1515067473.3103502
1515067473.3103788
1515067473.8137448
1515067473.8137817
1515067474.5014393
1515067474.5014758
1515067475.3358588
1515067475.3359153
1515067476.2251532
1515067476.2251894
1515067477.0471463
1515067477.0471728
1515067477.7349472
1515067477.7349813
1515067478.3568761
1515067478.3569179
1515067479.1146028
1515067479.1146343
1515067480.0013337
1515067480.0013733
1515067480.9994826
1515067480.999507
1515067482.0245523
1515067482.0245745
1515067483.0455356
1515067483.0455763
1515067483.9256282
1515067483.9256537
1515067484.9283311
1515067484.9283638
1515067485.7704458
1515067485.7704732
1515067486.9412727
1515067486.9413083
1515067487.825355
1515067487.8253922
1515067488.8512993
1515067488.8513427
1515067489.3016415
1515067489.301676
1515067490.015465
1515067490.0154912
1515067491.100546
1515067491.100569
1515067491.9193537
1515067491.91939
1515067492.757788
1515067492.7578244
1515067493.2473207
1515067493.247358
1515067493.851105
1515067493.8511324
1515067494.7057831
1515067494.7058673
1515067495.421836
1515067495.4218764
1515067495.9443533
1515067495.9443877
1515067496.50739
1515067496.5074387
1515067497.0721762
1515067497.0721989
1515067497.7845597
1515067497.784632
1515067498.1645157