
1515067425.289502
1515067426.8448436
1515067426.8448758
1515067427.6893528
1515067427.689381
1515067428.679026
1515067428.6790545
1515067429.5974145
1515067429.5974486
1515067430.4227278
1515067430.4227524
1515067431.0181305
1515067431.0181594
1515067431.7739453
1515067431.7739737
1515067432.5787551
1515067432.578798
1515067433.4828289
1515067433.4828587
1515067434.4998102
1515067434.4998336
1515067435.48279
1515067435.482815
1515067436.4378526
1515067436.4378932
1515067437.4356115
1515067437.4356377
1515067438.360518
1515067438.3605428
1515067441.1362133
1515067441.136241
1515067442.2423308
1515067442.242354
1515067443.114756
1515067443.1147838
1515067444.2389457
1515067444.2389688
1515067444.9417222
1515067444.9417546
1515067445.7572181
1515067445.7572482
1515067446.3323362
1515067446.3323624
1515067447.1696148
1515067447.1696384
1515067447.8826547
1515067447.882685
1515067448.2407017
1515067448.2407265
1515067449.0210395
1515067449.0210757
1515067450.020542
1515067450.020867
1515067450.7755818
1515067450.775606
1515067451.2299354
1515067451.2299633
1515067451.9159403
1515067451.9159899
1515067452.3851511
1515067452.3851902
1515067453.0101304
1515067453.010157
1515067453.940151
1515067453.9401789
1515067454.606905
1515067454.6069467
1515067455.3231146
1515067455.3231425
1515067456.0204778
1515067456.0205083
1515067456.755762
1515067456.755789
1515067458.6904628
1515067458.6904898
1515067461.1034458
1515067461.1034768
1515067461.9253886
1515067461.9254208
1515067462.5894399
1515067462.5894704
1515067463.5828066
1515067463.582833
1515067464.4526138
1515067464.453038
1515067465.2570524
1515067465.2570875
1515067465.9363692
1515067465.936401
1515067466.5356097
1515067466.5356467
1515067467.1421425
1515067467.1421723
1515067467.8892186
1515067467.8894987
1515067468.4956808
1515067468.4957087
1515067469.2786255
1515067469.2786508
1515067470.110118
1515067470.1101422
1515067471.3225207
1515067471.3225534
1515067472.3516467
1515067472.3516815
1515067473.308367
1515067473.3083951
1515067473.8622563
1515067473.862283
1515067474.5751357
1515067474.5751777
1515067475.4265165
1515067475.4372032
1515067476.3791783
1515067476.3792014
1515067477.2744606
1515067477.2744884
1515067478.0469751
1515067478.047002
1515067478.9154286
1515067478.915458
1515067479.6141376
1515067479.6142154
1515067480.2611978
1515067480.261221
1515067480.992209
1515067480.9971085
1515067481.9862652
1515067481.9862938
1515067483.0735018
1515067483.073528
1515067484.0142367
1515067484.0142632
1515067484.9141786
1515067484.914206
1515067485.6354213
1515067485.6355
1515067486.2911513
1515067486.2911818
1515067486.8580866
1515067486.8581142
1515067487.300847
1515067487.30088
1515067487.9414592
1515067487.9415019
1515067488.9742646
1515067488.9742858
1515067489.802085
1515067489.802116
1515067490.5050857
1515067490.505109
1515067491.157805
1515067491.1578405
1515067492.092413
1515067492.0924563
1515067492.837845
1515067492.8378758
1515067493.339509
1515067493.3395407
1515067493.882638
1515067493.8826797
1515067494.663939
1515067494.664027
1515067495.194059
1515067495.1940866
1515067495.6070125
1515067495.6070406
1515067496.1636662
1515067496.1636934
1515067496.9052937
1515067496.9053385
1515067497.5772016
1515067497.5772266
1515067498.1801379
1515067498.1801705
1515067498.714567
1515067498.7145941
1515067499.1609888
1515067499.1610162
1515067499.5572343
1515067499.5572572
1515067499.9325848
1515067499.932614
1515067500.2658856
1515067500.2659101
1515067500.5650194
1515067500.5650496
1515067500.8736305
1515067500.873673
1515067501.2216733
1515067501.2217045
1515067501.5875573
1515067501.5875897
1515067501.9335968
1515067501.9336338
1515067502.228405
1515067502.2284327
1515067502.5289528
1515067502.528983
1515067502.9347103
1515067502.934748
1515067503.2379217
1515067503.2379482
1515067503.6553388
1515067503.655367
1515067504.0207198
1515067504.020749
1515067504.3440812
1515067504.3441143
1515067504.6888933
1515067504.68892
1515067505.0095966
1515067505.0096202
1515067505.3298354
1515067505.3298655
1515067505.6707067
1515067505.670732
1515067506.0045404
1515067506.0045645
1515067506.3621662
1515067506.362209
1515067506.675463
1515067506.6755493
1515067506.9860585
1515067506.9860883
1515067507.3013945
1515067507.3014238
1515067507.6100783
1515067507.6101062