
1515067425.3257778
1515067426.5838408
1515067426.583867
1515067427.5251346
1515067427.5251586
1515067428.5635457
1515067428.5636284
1515067429.3392248
1515067429.3392532
1515067429.80223
1515067429.8022678
1515067430.5276175
1515067430.5276453
1515067431.2716596
1515067431.2716954
1515067432.5800965
1515067432.5801194
1515067433.1792018
1515067433.179229
1515067433.5879729
1515067433.5880015
1515067434.2307045
1515067434.2307358
1515067434.7012124
1515067434.7012904
1515067435.3468208
1515067435.3468442
1515067436.0363688
1515067436.0363965
1515067436.5180275
1515067436.5180633
1515067437.4101315
1515067437.4101553
1515067438.5279229
1515067438.5279613
1515067439.2161713
1515067439.216194
1515067440.1339781
1515067440.134
1515067441.2071736
1515067441.2072086
1515067442.233463
1515067442.233491
1515067443.18496
1515067443.1849902
1515067444.2422168
1515067444.2422497
1515067445.275442
1515067445.2754743
1515067446.0447223
1515067446.0447521
1515067446.48743
1515067446.4874575
1515067447.3790839
1515067447.3795407
1515067448.130521
1515067448.1305418
1515067449.962972
1515067449.963312
1515067450.8071384
1515067450.8071656
1515067451.323008
1515067451.3230462
1515067452.0979128
1515067452.0979514
1515067452.8261678
1515067452.8266342
1515067453.7192438
1515067453.7192733
1515067454.4196873
1515067454.419721
1515067455.2152317
1515067455.21526
1515067455.9550762
1515067455.9551036
1515067456.6901522
1515067456.6901803
1515067457.548477
1515067457.5485325
1515067458.2814608
1515067458.2822597
1515067458.769766
1515067458.7701035
1515067459.454613
1515067459.45464
1515067459.9513137
1515067459.9513805
1515067460.515507
1515067460.5155418
1515067461.673852
1515067461.6738803
1515067462.593855
1515067462.593881
1515067463.5692828
1515067463.5696685
1515067464.424807
1515067464.4248354
1515067465.225985
1515067465.226013
1515067465.971862
1515067465.971907
1515067466.7972174
1515067466.7972467
1515067467.256089
1515067467.2561164
1515067468.009207
1515067468.00923
1515067468.8417091
1515067468.842122
1515067469.7117417
1515067469.7117722
1515067470.4524114
1515067470.4524388
1515067471.4073868
1515067471.4077032
1515067472.429592
1515067472.429624
1515067473.598791
1515067473.5988193
1515067474.6215436
1515067474.6221333
1515067475.4710479
1515067475.4710746
1515067476.379821
1515067476.3798594
1515067477.1808565
1515067477.18114
1515067477.8070824
1515067477.8071144
1515067478.429091
1515067478.4291232
1515067479.0564477
1515067479.056481
1515067479.8395426
1515067479.8398013
1515067480.834679
1515067480.8347056
1515067481.5808873
1515067481.5809152
1515067482.172666
1515067482.1727018
1515067482.984737
1515067482.9847777
1515067483.7399774
1515067483.7400036
1515067484.3630114
1515067484.3630478
1515067484.9744701
1515067484.9744966
1515067485.7893727
1515067485.7894492
1515067486.7041945
1515067486.7042222
1515067487.1974323
1515067487.1974611
1515067487.9207544
1515067487.9207888
1515067488.9716048
1515067488.971627
1515067489.724048
1515067489.724074
1515067490.2939103
1515067490.2943165
1515067491.0682425
1515067491.0682704
1515067491.7777445
1515067491.7777722
1515067492.4880586
1515067492.4889174
1515067493.0579507
1515067493.0579772
1515067493.781203
1515067493.7812324
1515067494.4404535
1515067494.4404955
1515067494.8515441
1515067494.8516505
1515067495.5027456
1515067495.5027728
1515067496.1040466
1515067496.104069
1515067497.0702868
1515067497.070315
1515067497.6483366
1515067497.648362
1515067498.3907816
1515067498.390811
1515067498.8970737
1515067498.8971033
1515067499.344468
1515067499.3445048
1515067499.5291467