
1515067425.2870169
1515067426.5640953
1515067426.564146
1515067427.5380158
1515067427.5380437
1515067428.0971596
1515067428.097187
1515067428.5503473
1515067428.5504484
1515067429.0290146
1515067429.029048
1515067429.6091082
1515067429.6091354
1515067430.2596266
1515067430.2596571
1515067430.656209
1515067430.6569078
1515067431.2012796
1515067431.2013078
1515067431.80442
1515067431.80479
1515067432.3531966
1515067432.3542614
1515067432.7112763
1515067432.7113154
1515067433.3809657
1515067433.3810034
1515067434.207224
1515067434.2072558
1515067434.628865
1515067434.6289654
1515067435.2122154
1515067435.2122443
1515067435.7269964
1515067435.7270796
1515067436.4454675
1515067436.445493
1515067437.2533264
1515067437.2533543
1515067437.9599593
1515067437.9599893
1515067438.5299637
1515067438.5299892
1515067439.2939196
1515067439.293948
1515067440.1108894
1515067440.1109273
1515067440.7295337
1515067440.7299833
1515067441.4629726
1515067441.4630005
1515067442.1781754
1515067442.1782038
1515067443.0838685
1515067443.0839174
1515067444.272223
1515067444.2722454
1515067445.230567
1515067445.230597
1515067446.2349913
1515067446.2350192
1515067447.0684395
1515067447.068468
1515067447.767681
1515067447.7677112
1515067448.2015095
1515067448.2015362
1515067448.9741952
1515067448.9742317
1515067449.6027162
1515067449.6027493
1515067450.1105661
1515067450.1109107
1515067450.8303308
1515067450.8303587
1515067452.85921
1515067452.8594851
1515067453.6526244
1515067453.652653
1515067454.2961283
1515067454.2961566
1515067454.988074
1515067454.988109
1515067455.7435567
1515067455.7435806
1515067456.4397707
1515067456.4398093
1515067457.1251209
1515067457.1251554
1515067457.7442327
1515067457.7442598
1515067458.494744
1515067458.4950879
1515067459.1724887
1515067459.1725163
1515067459.6372242
1515067459.6372554
1515067460.4299967
1515067460.4300292
1515067461.1645637
1515067461.164591
1515067461.7218273
1515067461.7218533
1515067462.4865482
1515067462.4866183
1515067463.491639
1515067463.4916632
1515067464.3263116
1515067464.3263392
1515067465.2968621
1515067465.2968905
1515067466.0551314
1515067466.0551598
1515067467.008065
1515067467.0080922
1515067467.6845973
1515067467.6846733
1515067468.361394
1515067468.361418
1515067469.2233663
1515067469.2233932
1515067470.1632686
1515067470.1632955
1515067471.0666993
1515067471.0667276
1515067471.6055748
1515067471.6056082
1515067472.4041643
1515067472.404191
1515067473.3768988
1515067473.376932
1515067474.0834875
1515067474.0835238
1515067474.6189027
1515067474.6189408
1515067475.4194133
1515067475.419753
1515067476.3802152
1515067476.3802373
1515067477.318915
1515067477.318943
1515067478.1610286
1515067478.161058
1515067479.011076
1515067479.0111017
1515067479.7920039
1515067479.792065
1515067480.7066061
1515067480.7066367
1515067481.2440016
1515067481.2440276
1515067481.939543
1515067481.9395711
1515067482.829675
1515067482.829706
1515067483.306393
1515067483.3064246
1515067483.9632993
1515067483.963339
1515067484.94125
1515067484.9412792
1515067485.6752388
1515067485.675267
1515067486.340477
1515067486.3409698
1515067486.9450052
1515067486.9450402
1515067487.4579887
1515067487.4580216
1515067488.969744
1515067488.969773
1515067489.718507
1515067489.7185328
1515067490.0929449
1515067490.0929737
1515067490.8001542
1515067490.8001842
1515067491.2598588
1515067491.2599165
1515067492.149666
1515067492.1496894
1515067493.0861866
1515067493.0862114
1515067493.787082
1515067493.7871056
1515067494.5493417
1515067494.5493686
1515067495.0068302
1515067495.0068629
1515067495.5130885
1515067495.5131147
1515067496.08629
1515067496.0863175
1515067496.8067875
1515067496.8068192
1515067497.1942115
1515067497.194341
1515067497.7414436
1515067497.7415388
1515067497.997637