
1515067425.2982132
1515067426.2141685
1515067426.2142208
1515067426.6878126
1515067426.6878421
1515067427.5064852
1515067427.506513
1515067428.3367336
1515067428.3367813
1515067428.8455484
1515067428.8455837
1515067429.5899854
1515067429.5900128
1515067430.297852
1515067430.2978826
1515067430.8345923
1515067430.8346322
1515067431.6202064
1515067431.6202853
1515067432.4085898
1515067432.4086387
1515067433.2640274
1515067433.2640643
1515067434.243025
1515067434.2430606
1515067434.6971529
1515067434.6972418
1515067435.5199523
1515067435.519986
1515067436.368448
1515067436.3685179
1515067437.353705
1515067437.3537273
1515067438.3873074
1515067438.387343
1515067439.066291
1515067439.0663178
1515067439.861541
1515067439.8615687
1515067440.3208816
1515067440.3209076
1515067440.9072897
1515067440.907347
1515067441.4352732
1515067441.435656
1515067442.0273173
1515067442.0273461
1515067442.5277734
1515067442.5278056
1515067443.1645184
1515067443.1645436
1515067444.2140088
1515067444.214051
1515067444.979855
1515067444.9801357
1515067445.897144
1515067445.8971786
1515067446.3515964
1515067446.3516243
1515067447.2576299
1515067447.2576568
1515067448.1151984
1515067448.115224
1515067448.9980984
1515067448.9981263
1515067449.969623
1515067449.96965
1515067450.9140425
1515067450.9140704
1515067451.5487664
1515067451.5487933
1515067452.1207197
1515067452.1207497
1515067453.062936
1515067453.0629687
1515067453.8895788
1515067453.8896084
1515067454.810499
1515067454.8105214
1515067455.706645
1515067455.7067347
1515067456.3525755
1515067456.3526032
1515067457.0001013
1515067457.00013
1515067457.6761107
1515067457.6761467
1515067458.4095378
1515067458.4095666
1515067458.915839
1515067458.9161923
1515067459.5783541
1515067459.5783753
1515067460.2385693
1515067460.2385957
1515067460.8528373
1515067460.8528657
1515067461.570562
1515067461.570588
1515067462.4205973
1515067462.4206345
1515067463.4158401
1515067463.4159794
1515067464.0447495
1515067464.0447793
1515067464.4875484
1515067464.4875765
1515067465.2037554
1515067465.203789
1515067465.848144
1515067465.8481777
1515067466.258553
1515067466.2585797
1515067467.0354474
1515067467.03547
1515067467.5844703
1515067467.5844984
1515067468.141521
1515067468.141551
1515067468.7673898
1515067468.7677567
1515067469.417396
1515067469.4174185
1515067470.0894082
1515067470.0894358
1515067470.8465111
1515067470.8465376
1515067471.5138285
1515067471.5138628
1515067472.2889426
1515067472.2889726
1515067472.8456712
1515067472.8456984
1515067473.5494413
1515067473.5494678
1515067474.538823
1515067474.5388498
1515067475.3261175
1515067475.3261461
1515067476.1888225
1515067476.18885
1515067477.0488818
1515067477.0489078
1515067477.9986074
1515067477.9986305
1515067478.711371
1515067478.7113974
1515067479.2690332
1515067479.269064
1515067479.9661121
1515067479.9661443
1515067480.7531078
1515067480.7531412
1515067481.2386131
1515067481.238647
1515067481.9022346
1515067481.902272
1515067482.5983088
1515067482.5983431
1515067483.1069982
1515067483.1071002
1515067483.8528757
1515067483.8529034
1515067484.5929718
1515067484.5929992
1515067485.0381954
1515067485.0383227
1515067485.899258
1515067485.899283
1515067486.9191244
1515067486.9191527
1515067487.8302097
1515067487.8302367
1515067488.678351
1515067488.6783845
1515067489.1155357
1515067489.1156404
1515067489.9636402
1515067489.9636662
1515067491.0451612
1515067491.0451832
1515067491.9322984
1515067491.9323218
1515067492.8815966
1515067492.881623
1515067493.1016762