
1515067425.3051827
1515067426.5700994
1515067426.5701323
1515067427.5203588
1515067427.5203848
1515067428.47963
1515067428.4796603
1515067429.05024
1515067429.0502672
1515067429.6346757
1515067429.6346986
1515067430.4454405
1515067430.4454749
1515067431.0264459
1515067431.0264866
1515067431.6790364
1515067431.679132
1515067432.4659288
1515067432.46597
1515067433.327985
1515067433.3280199
1515067434.4787915
1515067434.4788218
1515067435.4508767
1515067435.4509156
1515067436.4145823
1515067436.4146082
1515067437.2586741
1515067437.258711
1515067438.048097
1515067438.048125
1515067438.6626556
1515067438.6626856
1515067439.3227782
1515067439.3228073
1515067440.185154
1515067440.1851864
1515067441.0264082
1515067441.0264516
1515067441.9205694
1515067441.9206042
1515067442.3867772
1515067442.3868072
1515067443.1214142
1515067443.1214569
1515067443.9882333
1515067443.9882731
1515067444.4345255
1515067444.4345636
1515067445.1658425
1515067445.1658764
1515067445.9348743
1515067445.9349086
1515067446.3386083
1515067446.3386455
1515067447.2023737
1515067447.2024136
1515067448.0679126
1515067448.0679753
1515067448.9421058
1515067448.942138
1515067449.7884626
1515067449.7884912
1515067450.3904529
1515067450.3905
1515067451.075849
1515067451.075877
1515067451.8556175
1515067451.8556652
1515067452.2652345
1515067452.2653365
1515067453.0315673
1515067453.0315945
1515067453.837736
1515067453.8377707
1515067454.8020556
1515067454.80208
1515067455.7291071
1515067455.729142
1515067456.5798495
1515067456.5798779
1515067457.296109
1515067457.296193
1515067457.778304
1515067457.7783415
1515067458.5820138
1515067458.5820904
1515067459.46724
1515067459.467294
1515067460.1520739
1515067460.1521108
1515067460.9194386
1515067460.919469
1515067461.5955794
1515067461.595778
1515067462.3669927
1515067462.3678398
1515067463.125103
1515067463.1251452
1515067463.5912745
1515067463.5912979
1515067464.352361
1515067464.3523881
1515067465.062704
1515067465.062742
1515067465.6095386
1515067465.609569
1515067470.2035315
1515067470.2035701
1515067471.346626
1515067471.3466504
1515067472.0804129
1515067472.0804458
1515067472.6069088
1515067472.606956
1515067473.51313
1515067473.5131588
1515067474.422557
1515067474.4225955
1515067475.2045896
1515067475.2046607
1515067475.8015347
1515067475.8015587
1515067476.415154
1515067476.4151933
1515067477.2946289
1515067477.2946582
1515067478.1206768
1515067478.1207163
1515067479.0004916
1515067479.000519
1515067479.9229498
1515067479.9281082
1515067480.9750252
1515067480.9750679
1515067482.0301795
1515067482.0302045
1515067483.0156956
1515067483.0224926
1515067483.9932263
1515067483.9932504
1515067484.9729636
1515067484.973004
1515067485.8702972
1515067485.8703322
1515067486.9513216
1515067486.9513476
1515067487.7502754
1515067487.7503169
1515067488.3874462
1515067488.387479
1515067489.006411
1515067489.0064359
1515067489.968205
1515067489.9682462
1515067490.81289
1515067490.8129175
1515067491.2700574
1515067491.2700918
1515067491.972287
1515067491.9723587
1515067493.0793822
1515067493.079408
1515067493.8186839
1515067493.818743
1515067494.7833555
1515067494.783686
1515067495.5084503
1515067495.5084894
1515067496.199481
1515067496.1995146
1515067496.9615319
1515067496.961575
1515067497.6301775
1515067497.6302783
1515067498.2206824
1515067498.2207081
1515067498.7395024
1515067498.7395377
1515067499.1077287
1515067499.10776
1515067499.5511777
1515067499.5512152
1515067499.9225059
1515067499.9225602
1515067500.2640607
1515067500.264093
1515067500.4439547