
1515058933.6047745
1515058934.3469403
1515058934.3469656
1515058934.3472831
1515058934.3473687
1515058934.571879
1515058934.5720062
1515058934.6994534
1515058934.8957405
1515058934.8958566
1515058935.1107845
1515058935.1109068
1515058935.3192334
1515058935.3193467
1515058935.525318
1515058935.5254266
1515058935.7424848
1515058935.742616
1515058936.0106804
1515058936.0108173
1515058936.2564118
1515058936.2565343
1515058936.5075886
1515058936.5077205
1515058936.7982378
1515058936.7983294
1515058937.2166705
1515058937.2166972
1515058937.5380492
1515058937.5380874
1515058937.8655481
1515058937.8655834
1515058938.0761228
1515058938.0761554
1515058938.2409387
1515058938.2409678
1515058938.79525
1515058938.79529
1515058939.127628
1515058939.127656
1515058939.4889517
1515058939.4889874
1515058939.7590003
1515058939.7590296
1515058940.0727465
1515058940.0727842
1515058940.3687024
1515058940.3687313
1515058940.6853404
1515058940.6853673
1515058940.97203
1515058940.9720657
1515058941.2476547
1515058941.2476957
1515058941.5637302
1515058941.5637627
1515058941.8796408
1515058941.8796823
1515058942.1873314
1515058942.1873698
1515058942.5178878
1515058942.517923
1515058942.7866173
1515058942.7866483
1515058943.0628915
1515058943.0629215
1515058943.3820822
1515058943.3821118
1515058943.666692
1515058943.666733
1515058943.959019
1515058943.959061
1515058944.1802328
1515058944.1802728
1515058944.4194057
1515058944.419453
1515058944.6566677
1515058944.6566973
1515058944.8961425
1515058944.8962312
1515058945.1377413
1515058945.1377704
1515058945.4000983
1515058945.400126
1515058945.7052062
1515058945.7052398
1515058946.0522294
1515058946.052262
1515058946.3147216
1515058946.314754
1515058946.563754
1515058946.563793
1515058946.8644164
1515058946.8644507
1515058947.1247313
1515058947.1247702
1515058947.3760307
1515058947.3760657
1515058947.6031637
1515058947.6035058
1515058947.8647594
1515058947.864786
1515058948.0969148
1515058948.0969493
1515058948.4481833
1515058948.4482121
1515058948.8194542
1515058948.8194892
1515058949.1799858
1515058949.1800153
1515058949.5524323
1515058949.5524576
1515058949.8984485
1515058949.8984735
1515058950.2393854
1515058950.2394354
1515058950.5404413
1515058950.5404704
1515058950.839579
1515058950.839614
1515058951.1519816
1515058951.1520083
1515058951.4432673
1515058951.4432979
1515058951.936694
1515058951.9367354
1515058952.1812599
1515058952.1812904
1515058952.4366238
1515058952.436664
1515058952.6867955
1515058952.687175
1515058952.9408343
1515058952.9408796
1515058953.143262
1515058953.14329
1515058953.4033434
1515058953.403373
1515058953.6387668
1515058953.6387968
1515058953.886507
1515058953.8865383
1515058954.172307
1515058954.1723373
1515058954.5431468
1515058954.5431852
1515058954.7953274
1515058954.7953622
1515058955.0664086
1515058955.0664427
1515058955.2682216
1515058955.2683084
1515058955.5152526
1515058955.5152755
1515058955.8045075
1515058955.8045354
1515058956.094173
1515058956.0942142
1515058956.3769414
1515058956.3769712
1515058956.688618
1515058956.6886513
1515058956.8830738
1515058956.8831081
1515058957.2012825
1515058957.2013245
1515058957.5247562
1515058957.5247893
1515058957.839295
1515058957.8396585
1515058958.1754827
1515058958.175509
1515058958.5331345
1515058958.5331643
1515058958.8052073
1515058958.805238
1515058959.138723
1515058959.1387527
1515058959.5245194
1515058959.524556
1515058959.9376419
1515058959.9376822
1515058960.2235034
1515058960.2235374
1515058960.4990788
1515058960.4991162
1515058960.8333848
1515058960.83342
1515058961.1455915
1515058961.1456273
1515058961.4610481
1515058961.4614773
1515058961.763151
1515058961.7631803
1515058962.038597
1515058962.0386283
1515058962.3453355
1515058962.3453627
1515058962.6380582
1515058962.6380892
1515058962.7911315