
1515058933.6074495
1515058934.3349373
1515058934.334967
1515058934.33527
1515058934.3353527
1515058934.5674453
1515058934.5675664
1515058934.7772086
1515058934.7773235
1515058935.0041962
1515058935.0043147
1515058935.2231698
1515058935.223276
1515058935.4442027
1515058935.444363
1515058935.652876
1515058935.6529965
1515058935.760831
1515058936.0256507
1515058936.0257733
1515058936.2758396
1515058936.275972
1515058936.523323
1515058936.5234346
1515058936.8158772
1515058936.8159978
1515058937.422438
1515058937.6509328
1515058937.6509626
1515058937.9510064
1515058937.9510462
1515058938.4699142
1515058938.469973
1515058938.8058877
1515058938.805915
1515058939.1391506
1515058939.139193
1515058939.4961126
1515058939.4961507
1515058939.7975936
1515058939.7976217
1515058940.118778
1515058940.1188056
1515058940.4730084
1515058940.4730356
1515058940.8407812
1515058940.8408115
1515058941.0907102
1515058941.0907462
1515058941.3454466
1515058941.3454888
1515058941.5827353
1515058941.5827658
1515058941.9487813
1515058941.9488244
1515058942.230605
1515058942.2306824
1515058942.5705175
1515058942.5705519
1515058942.7992985
1515058942.79933
1515058943.0810006
1515058943.0810308
1515058943.4091194
1515058943.4091506
1515058943.7172914
1515058943.7173254
1515058944.0484345
1515058944.048469
1515058944.3736756
1515058944.3737125
1515058944.684365
1515058944.684393
1515058944.9736116
1515058944.9736397
1515058945.2578685
1515058945.2579029
1515058945.5750985
1515058945.5751264
1515058945.8019063
1515058945.8019357
1515058946.09545
1515058946.0954802
1515058946.3979945
1515058946.3980238
1515058946.6766047
1515058946.6766288
1515058946.9397442
1515058946.9397864
1515058947.2099555
1515058947.2099974
1515058947.4699988
1515058947.4703448
1515058947.6954892
1515058947.6955247
1515058947.9782884
1515058947.97833
1515058948.2431898
1515058948.2432337
1515058948.4765244
1515058948.4765608
1515058948.8363209
1515058948.836348
1515058949.1727545
1515058949.172792
1515058949.55021
1515058949.5502396
1515058949.873778
1515058949.873808
1515058950.175065
1515058950.1750946
1515058950.4515717
1515058950.4516022
1515058950.6954246
1515058950.6954613
1515058950.8979294
1515058950.8979576
1515058951.2245615
1515058951.2245908
1515058951.4950879
1515058951.4951167
1515058951.8559973
1515058951.8560295
1515058952.132136
1515058952.1321683
1515058952.4413643
1515058952.4413898
1515058952.740806
1515058952.741134
1515058952.958738
1515058952.958772
1515058953.1724775
1515058953.1725044
1515058953.477679
1515058953.4777186
1515058953.7291677
1515058953.7292058
1515058953.9844127
1515058953.9844425
1515058954.2157433
1515058954.215774
1515058954.6244347
1515058954.6244698
1515058954.8747153
1515058954.874745
1515058955.1490324
1515058955.1490602
1515058955.4469583
1515058955.4469903
1515058955.7103913
1515058955.7104225
1515058955.9147801
1515058955.9148104
1515058956.1852238
1515058956.1852615
1515058956.4372475
1515058956.4372761
1515058956.7527213
1515058956.7527452
1515058957.2980947
1515058957.298127
1515058957.5639772
1515058957.5640047
1515058957.837797
1515058957.8378248
1515058958.145212
1515058958.1452467
1515058958.4744632
1515058958.474503
1515058958.770069
1515058958.7701013
1515058959.0493422
1515058959.0493712
1515058959.305817
1515058959.305851
1515058959.5375555
1515058959.5375917
1515058959.8727744
1515058959.8728125
1515058960.0675251
1515058960.0675588
1515058960.3371441
1515058960.3371756
1515058960.6497915
1515058960.6498227
1515058960.8921738
1515058960.8921986
1515058961.1534138
1515058961.1534429
1515058961.4272997
1515058961.4273343
1515058961.7017012
1515058961.7017348
1515058961.9248567
1515058961.9248986
1515058962.102005
1515058962.1020353
1515058962.3420453
1515058962.3420773
1515058962.6027126
1515058962.6027443
1515058962.8205297
1515058962.8205671
1515058963.021465
1515058963.0214975
1515058963.2689202
1515058963.2689624
1515058963.4814317
1515058963.4814637
1515058963.6644964
1515058963.6645253
1515058963.8643713
1515058963.8644025
1515058964.0671587
1515058964.067194
1515058964.2480443
1515058964.2481303
1515058964.4701102
1515058964.470221
1515058964.65245
1515058964.6524801
1515058964.8350945
1515058964.835124
1515058965.0108297
1515058965.0108585
1515058965.180493
1515058965.1805227
1515058965.3562825
1515058965.3563125
1515058965.5295994
1515058965.5296276
1515058965.7014945
1515058965.7015252
1515058965.875508
1515058965.875538
1515058966.051841
1515058966.0519042
1515058966.1435263