
1515058933.5976446
1515058937.5948248
1515058937.594855
1515058938.172319
1515058938.1723485
1515058938.4717996
1515058938.471828
1515058938.7768476
1515058938.776894
1515058939.072892
1515058939.0729332
1515058939.381746
1515058939.3817835
1515058939.5918448
1515058939.5919063
1515058939.8385828
1515058939.8386378
1515058940.1293604
1515058940.1293874
1515058940.4526482
1515058940.452687
1515058940.739928
1515058940.739958
1515058941.000266
1515058941.000315
1515058941.2518659
1515058941.2519188
1515058941.5112896
1515058941.5113268
1515058941.824729
1515058941.8247602
1515058942.128572
1515058942.1286294
1515058942.408743
1515058942.408789
1515058942.674783
1515058942.674815
1515058942.9996397
1515058942.9996755
1515058943.211451
1515058943.2114918
1515058943.4767096
1515058943.4767387
1515058943.752795
1515058943.75282
1515058944.0489042
1515058944.0489314
1515058944.4224641
1515058944.4225016
1515058944.6714847
1515058944.6715117
1515058944.9451904
1515058944.9452264
1515058945.1848342
1515058945.184873
1515058945.396526
1515058945.3965712
1515058945.6853776
1515058945.6854079
1515058946.0194905
1515058946.0195298
1515058946.1862357
1515058946.1862643
1515058946.4211283
1515058946.4211764
1515058946.6752715
1515058946.6753008
1515058946.9750493
1515058946.975086
1515058947.2374842
1515058947.2375162
1515058947.4831696
1515058947.4833
1515058947.7357388
1515058947.7357767
1515058947.9467177
1515058947.946755
1515058948.2727644
1515058948.2727978
1515058948.501951
1515058948.5019886
1515058948.8519435
1515058948.851976
1515058949.2319996
1515058949.2320986
1515058949.5530457
1515058949.553077
1515058949.8882132
1515058949.8882575
1515058950.1953092
1515058950.195339
1515058950.5122502
1515058950.5122828
1515058950.8271818
1515058950.8272128
1515058951.1134527
1515058951.1135383
1515058951.4301143
1515058951.4301486
1515058951.8166919
1515058951.816721
1515058952.1377566
1515058952.1377802
1515058952.4721391
1515058952.4721804
1515058952.7957404
1515058952.7957752
1515058953.1304452
1515058953.130475
1515058953.4724338
1515058953.4724803
1515058953.7611325
1515058953.7611828
1515058954.0780218
1515058954.0780852
1515058954.337697
1515058954.3377342
1515058954.6346357
1515058954.63466
1515058954.880249
1515058954.8802845
1515058955.1624837
1515058955.1625118
1515058955.4794667
1515058955.479522
1515058955.7818754
1515058955.7819114
1515058956.1172354
1515058956.1172671
1515058956.4536679
1515058956.4536924
1515058956.811011
1515058956.8110473
1515058957.190996
1515058957.191041
1515058957.5072525
1515058957.5072987
1515058957.7880816
1515058957.788111
1515058958.1080174
1515058958.1083534
1515058958.4522743
1515058958.4523194
1515058958.7132626
1515058958.7132914
1515058959.0059576
1515058959.006007
1515058959.234053
1515058959.2340903
1515058959.5655482
1515058959.5655777
1515058959.9741569
1515058959.9741907
1515058960.2560098
1515058960.2560632
1515058960.5527155
1515058960.5527549
1515058960.8895202
1515058960.8895557
1515058961.1819708
1515058961.1820028
1515058961.4843507
1515058961.4844005
1515058961.7674038
1515058961.7674317
1515058962.0423353
1515058962.0423641
1515058962.3497
1515058962.349727
1515058962.5605159