
1515058933.6035092
1515058934.2177103
1515058934.2177622
1515058934.4131393
1515058934.41317
1515058934.6275742
1515058934.627605
1515058934.8093562
1515058934.8094006
1515058935.0497808
1515058935.0498154
1515058935.2848415
1515058935.2848783
1515058935.5120556
1515058935.5121062
1515058935.7491994
1515058935.7492452
1515058936.021803
1515058936.0218325
1515058936.2836423
1515058936.2836688
1515058936.5303986
1515058936.5304306
1515058936.828296
1515058936.8284054
1515058937.4815392
1515058937.4815748
1515058937.7007024
1515058937.7007341
1515058937.9441414
1515058937.9441767
1515058938.1854239
1515058938.1854799
1515058938.4760222
1515058938.4760463
1515058938.8102446
1515058938.8102744
1515058939.1203554
1515058939.1203902
1515058939.4279923
1515058939.4280467
1515058939.659903
1515058939.6599498
1515058939.861157
1515058939.8611836
1515058940.124606
1515058940.1246333
1515058940.3998654
1515058940.4002392
1515058940.6732874
1515058940.6733212
1515058940.9242728
1515058940.924315
1515058941.1558008
1515058941.1558356
1515058941.4014857
1515058941.4015372
1515058941.6183064
1515058941.618335
1515058941.926467
1515058941.9265125
1515058942.212038
1515058942.2120814
1515058942.4677715
1515058942.4678214
1515058942.7032855
1515058942.70332
1515058942.955787
1515058942.9558547
1515058943.157284
1515058943.1573133
1515058943.4497256
1515058943.4497702
1515058943.7226233
1515058943.7226496
1515058944.0171711
1515058944.0172021
1515058944.3067944
1515058944.3068242
1515058944.554809
1515058944.554848
1515058944.8119383
1515058944.811965
1515058945.0466335
1515058945.046663
1515058945.3044574
1515058945.3044927
1515058945.5604703
1515058945.5605168
1515058945.7815185
1515058945.7815473
1515058946.1088014
1515058946.1088371
1515058946.4321105
1515058946.4324028
1515058946.7044744
1515058946.704521
1515058947.0246534
1515058947.024687
1515058947.2906713
1515058947.2907002
1515058947.5693824
1515058947.5694075
1515058947.8355327
1515058947.835588
1515058948.1202056
1515058948.1202397
1515058948.4103832
1515058948.4104178
1515058948.7999752
1515058948.8000093
1515058949.2057092
1515058949.20575
1515058949.5330558
1515058949.5330899
1515058949.8745017
1515058949.8745258
1515058950.2188382
1515058950.2188709
1515058950.495856
1515058950.4959142
1515058950.769113
1515058950.7691426
1515058950.9916413
1515058950.991683
1515058951.2514668
1515058951.2515023
1515058951.4876537
1515058951.487706
1515058951.8211484
1515058951.82118
1515058952.1023273
1515058952.1023629
1515058952.3139951
1515058952.3140285
1515058952.556657
1515058952.5567064
1515058952.8175118
1515058952.8175406
1515058953.0936782
1515058953.0937135
1515058953.3666108
1515058953.366648
1515058953.5841477
1515058953.5841882
1515058953.8508205
1515058953.850862
1515058954.1539972
1515058954.1540287
1515058954.515437
1515058954.515475
1515058954.7225482
1515058954.72259
1515058954.9539418
1515058954.9539723
1515058955.1947787
1515058955.1948087
1515058955.5083485
1515058955.5083787
1515058955.7769153
1515058955.776955
1515058956.0503094
1515058956.0503464
1515058956.299804
1515058956.299842
1515058956.5856433
1515058956.585686
1515058956.829425
1515058956.829481
1515058957.160839
1515058957.1608753
1515058957.434969
1515058957.4350023
1515058957.6621838
1515058957.6622462
1515058957.8988767
1515058957.8989322
1515058958.1687784
1515058958.1688066
1515058958.5060806
1515058958.506115
1515058958.7875073
1515058958.787541
1515058959.0652058
1515058959.0652568
1515058959.4016905
1515058959.4017253
1515058959.6179252
1515058959.6179545
1515058960.0080245
1515058960.0080547
1515058960.2826138
1515058960.2826598
1515058960.6102607
1515058960.6103055
1515058960.7683716