
1515058933.6028404
1515058937.5896733
1515058937.5897048
1515058937.8969119
1515058937.8969448
1515058938.1385727
1515058938.1386018
1515058938.4218345
1515058938.4218872
1515058938.6512182
1515058938.651247
1515058938.8583047
1515058938.8583348
1515058939.153713
1515058939.1537385
1515058939.4608023
1515058939.4608412
1515058939.7627873
1515058939.7628243
1515058940.040543
1515058940.040575
1515058940.2907624
1515058940.291212
1515058940.5012524
1515058940.5013044
1515058940.8156343
1515058940.8156688
1515058941.0451539
1515058941.0451827
1515058941.2906058
1515058941.2906353
1515058941.538692
1515058941.5387406
1515058941.817072
1515058941.8171096
1515058942.1185474
1515058942.1186163
1515058942.2961211
1515058942.29615
1515058942.5419164
1515058942.5419688
1515058942.8131788
1515058942.8132086
1515058943.0977802
1515058943.0978103
1515058943.4104514
1515058943.4104798
1515058943.7002738
1515058943.7003226
1515058943.9913466
1515058943.9913764
1515058944.318628
1515058944.3186574
1515058944.5545413
1515058944.554572
1515058944.7918408
1515058944.7919147
1515058945.0489638
1515058945.0490055
1515058945.352633
1515058945.3526647
1515058945.717931
1515058945.7179549
1515058946.2897716
1515058946.2899036
1515058946.5141132
1515058946.5141468
1515058946.794783
1515058946.794819
1515058947.0345924
1515058947.0346217
1515058947.3257747
1515058947.325909
1515058947.5689137
1515058947.5689461
1515058947.8449373
1515058947.8449688
1515058948.1278524
1515058948.1279035
1515058948.4536862
1515058948.4537318
1515058948.8445685
1515058948.8445945
1515058949.1827524
1515058949.1827826
1515058949.519614
1515058949.5200348
1515058949.8235636
1515058949.8236225
1515058950.0937426
1515058950.0937788
1515058950.3200088
1515058950.3200376
1515058950.5479195
1515058950.5479465
1515058950.829016
1515058950.8290546
1515058951.1150475
1515058951.1150744
1515058951.4083185
1515058951.408348
1515058951.7427433
1515058951.7427776
1515058951.9919608
1515058951.992017
1515058952.2545857
1515058952.2546213
1515058952.5139184
1515058952.51395
1515058952.830637
1515058952.8306613
1515058953.064789
1515058953.064835
1515058953.284601
1515058953.284629
1515058953.5602334
1515058953.5602684
1515058953.8505962
1515058953.8506327
1515058954.172228
1515058954.172272
1515058954.5449178
1515058954.5449462
1515058954.8438756
1515058954.8439376
1515058955.1075363
1515058955.107565
1515058955.3921657
1515058955.392204
1515058955.6480806
1515058955.6481144
1515058955.88049
1515058955.8805194
1515058956.1252244
1515058956.125249
1515058956.4031165
1515058956.403158
1515058956.7406187
1515058956.7406485
1515058957.0782623
1515058957.0782938
1515058957.2632356
1515058957.263272
1515058957.5337012
1515058957.5338256
1515058957.8265204
1515058957.8265576
1515058958.1277895
1515058958.127824
1515058958.4188027
1515058958.4188344
1515058958.67154
1515058958.6715858
1515058958.879799
1515058958.8798342
1515058959.1177871
1515058959.1178155
1515058959.4534771
1515058959.453521
1515058959.689634
1515058959.6896896
1515058959.9956124
1515058959.9956505
1515058960.2908137
1515058960.2908416
1515058960.5848372
1515058960.584886
1515058960.8637402
1515058960.863789
1515058961.1465535
1515058961.1465845
1515058961.4704514
1515058961.4704857
1515058961.7620502
1515058961.7620862
1515058962.0233316
1515058962.0233843
1515058962.2972765
1515058962.297318
1515058962.5835578
1515058962.583636
1515058962.8464994
1515058962.8465335
1515058963.0310185
1515058963.0310533
1515058963.2896059
1515058963.2896333
1515058963.4721968
1515058963.4722295
1515058963.6675453
1515058963.6675901
1515058963.8715994
1515058963.8716602
1515058964.0794313
1515058964.079465
1515058964.277183
1515058964.2772124
1515058964.4915936
1515058964.4916248