
1515069590.6407998
1515069596.642518
1515069596.642549
1515069596.6425586
1515069597.4901297
1515069597.490164
1515069597.4901764
1515069598.0308409
1515069598.0308695
1515069598.0308793
1515069598.738174
1515069598.7384686
1515069598.7384849
1515069599.2958868
1515069599.2959137
1515069599.2959237
1515069600.07566
1515069600.0756917
1515069600.0757017
1515069600.8598554
1515069600.8598828
1515069600.8598921
1515069601.8220596
1515069601.8220959
1515069601.8221083
1515069602.6777644
1515069602.681214
1515069602.681256
1515069603.5158162
1515069603.5158403
1515069603.5158503
1515069604.3290203
1515069604.3290424
1515069604.3290522
1515069605.1146045
1515069605.1146462
1515069605.1146574
1515069605.8336525
1515069605.8336892
1515069605.8337317
1515069606.5949209
1515069606.5952919
1515069606.5953088
1515069607.3487604
1515069607.3487935
1515069607.3488064
1515069608.1698315
1515069608.1698608
1515069608.1698713
1515069609.0591211
1515069609.0591497
1515069609.0591595
1515069610.0063682
1515069610.0064147
1515069610.0064273
1515069610.929827
1515069610.9298556
1515069610.9298651
1515069611.7793312
1515069611.7797225
1515069611.7797399
1515069612.6198874
1515069612.619913
1515069612.6199226
1515069613.3447797
1515069613.3448083
1515069613.344818
1515069614.1067843
1515069614.106818
1515069614.1068304
1515069614.7750819
1515069614.7751243
1515069614.7751362
1515069615.6055818
1515069615.60561
1515069615.6056194
1515069616.4531703
1515069616.453607
1515069616.453632
1515069617.5398707
1515069617.5401893
1515069617.5402057
1515069618.6703331
1515069618.6703622
1515069618.6703725
1515069619.5494199
1515069619.5497134
1515069619.5497296
1515069620.3915255
1515069620.3915536
1515069620.3915632
1515069621.2928224
1515069621.292854
1515069621.2928643
1515069622.0248964
1515069622.024927
1515069622.0249372
1515069622.8194754
1515069622.819519
1515069622.8195312
1515069623.5447764
1515069623.544802
1515069623.5448117
1515069624.2549026
1515069624.2549317
1515069624.254941
1515069625.0497196
1515069625.049772
1515069625.049785
1515069625.817298
1515069625.8176684
1515069625.8176885
1515069626.5251553
1515069626.525186
1515069626.525197
1515069627.3962226
1515069627.396259
1515069627.3962708
1515069628.4657376
1515069628.4657652
1515069628.4657753
1515069629.3630474
1515069629.3630843
1515069629.3630948
1515069630.173275
1515069630.1733015
1515069630.1733131
1515069631.0498197
1515069631.0498662
1515069631.0498824
1515069631.8565054
1515069631.8565361
1515069631.856546
1515069632.7137814
1515069632.713819
1515069632.7138324
1515069633.7608984
1515069633.760939
1515069633.7609515
1515069634.7592533
1515069634.759288
1515069634.7593033
1515069635.8329973
1515069635.8330362
1515069635.8330536
1515069636.6788938
1515069636.6789305
1515069636.6789403
1515069637.437862
1515069637.4403875
1515069637.4404132
1515069638.1327515
1515069638.1327763
1515069638.1327865
1515069638.9439664
1515069638.9443016
1515069638.9443185
1515069639.514958
1515069639.514982
1515069639.5149913
1515069640.2577174
1515069640.2579932
1515069640.2580087
1515069641.0967405
1515069641.096778
1515069641.0967886
1515069641.9359612
1515069641.9359846
1515069641.9359944
1515069642.6561453
1515069642.6561744
1515069642.6561842
1515069643.2460253
1515069643.2461176
1515069643.2461884
1515069643.7322693
1515069643.7322993
1515069643.7323098
1515069644.2985563
1515069644.2989163
1515069644.2989345
1515069644.728827
1515069644.72886
1515069644.7288735
1515069645.2992706
1515069645.2992926
1515069645.299302
1515069645.9004338
1515069645.900479
1515069645.9004917
1515069646.1610694
1515069646.161093
1515069646.1611025
1515069646.5938642
1515069646.593904
1515069646.59392
1515069647.0450056
1515069647.045037
1515069647.0450473
1515069647.4788027
1515069647.4788246
1515069647.4788342
1515069647.7911735
1515069647.7912197
1515069647.7912319
1515069648.2508245
1515069648.2508502
1515069648.2508597
1515069648.7153032
1515069648.7313983
1515069648.731444
1515069649.1571438
1515069649.157171
1515069649.1571808
1515069649.5192618
1515069649.5196137
1515069649.5196328
1515069649.7158527
1515069649.7158911