
1515069590.6505299
1515069596.5145853
1515069596.5146153
1515069596.5146255
1515069597.125663
1515069597.1256926
1515069597.1257021
1515069597.8456004
1515069597.8456345
1515069597.8456454
1515069598.2681046
1515069598.268146
1515069598.2681575
1515069598.6876884
1515069598.6877153
1515069598.6877246
1515069599.1540222
1515069599.1540647
1515069599.1540756
1515069599.7365327
1515069599.7365704
1515069599.7365823
1515069600.2011204
1515069600.201485
1515069600.2015026
1515069600.680339
1515069600.6803672
1515069600.680377
1515069601.1935961
1515069601.1942759
1515069601.1942966
1515069601.7353237
1515069601.7353752
1515069601.735387
1515069602.254591
1515069602.254623
1515069602.2546358
1515069602.8179517
1515069602.8180225
1515069602.8180397
1515069603.3138585
1515069603.313889
1515069603.313899
1515069603.7585907
1515069603.758621
1515069603.7586308
1515069604.2806234
1515069604.291697
1515069604.29172
1515069604.9338865
1515069604.9339154
1515069604.9339252
1515069605.618717
1515069605.6187487
1515069605.6187592
1515069606.2244117
1515069606.2244585
1515069606.2244706
1515069606.858194
1515069606.8582227
1515069606.8582325
1515069607.5179117
1515069607.5179398
1515069607.517949
1515069608.214211
1515069608.2142398
1515069608.21425
1515069608.9611151
1515069608.9611437
1515069608.9611537
1515069609.5882404
1515069609.588281
1515069609.5882916
1515069610.243841
1515069610.2441587
1515069610.2441769
1515069611.1393917
1515069611.1394153
1515069611.1394248
1515069611.6128502
1515069611.6128883
1515069611.6128988
1515069612.2658157
1515069612.2665007
1515069612.2665238
1515069612.829912
1515069612.8299592
1515069612.829974
1515069613.472923
1515069613.472947
1515069613.4729564
1515069614.1566064
1515069614.1566339
1515069614.1566474
1515069614.7000895
1515069614.700134
1515069614.7001455
1515069615.4613173
1515069615.461345
1515069615.4613547
1515069616.3960216
1515069616.396043
1515069616.396056
1515069617.2385056
1515069617.2385411
1515069617.238552
1515069617.9512668
1515069617.9512959
1515069617.951306
1515069618.6851053
1515069618.6851387
1515069618.6851492
1515069619.524601
1515069619.5248868
1515069619.5249026
1515069620.3014922
1515069620.3015208
1515069620.301531
1515069621.457119
1515069621.4574974
1515069621.4575164
1515069622.4049792
1515069622.40501
1515069622.405021
1515069623.122333
1515069623.1223607
1515069623.1223707
1515069623.9959152
1515069623.9959538
1515069623.9959693
1515069624.8272219
1515069624.8272493
1515069624.8272588
1515069625.6809232
1515069625.6809807
1515069625.6809988
1515069626.5429592
1515069626.5430322
1515069626.5430875
1515069627.4160995
1515069627.4161372
1515069627.4161484
1515069628.4494002
1515069628.449439
1515069628.4494503
1515069629.4132597
1515069629.4132879
1515069629.4132972
1515069630.2966278
1515069630.296669
1515069630.2966805
1515069631.2203891
1515069631.2204669
1515069631.2205203
1515069632.1285634
1515069632.1285875
1515069632.128597
1515069632.943995
1515069632.944023
1515069632.9440324
1515069633.7931306
1515069633.793158
1515069633.7931688
1515069634.7665226
1515069634.7669227
1515069634.7669458
1515069635.7800481
1515069635.7800872
1515069635.780098
1515069636.5167754
1515069636.5168006
1515069636.516811
1515069637.3093848
1515069637.3094747
1515069637.309534
1515069638.1058056
1515069638.1058338
1515069638.105843
1515069638.9253244
1515069638.9253511
1515069638.9253607
1515069639.4650722
1515069639.4651015
1515069639.4651115
1515069640.216123
1515069640.216161
1515069640.216171
1515069640.957065
1515069640.9570932
1515069640.957103
1515069641.6115525
1515069641.6115892
1515069641.6115994
1515069642.2489276
1515069642.24986
1515069642.249874
1515069642.8837142
1515069642.8837502
1515069642.8837605
1515069643.4187279
1515069643.41901
1515069643.4190257
1515069644.072155
1515069644.072186
1515069644.0721965
1515069644.5731604
1515069644.5731907
1515069644.573202
1515069645.217636
1515069645.2176652
1515069645.217676
1515069645.6231508
1515069645.6231904
1515069645.6232014