
1515069590.6594923
1515069596.1415622
1515069596.1415908
1515069596.1416018
1515069596.8308785
1515069596.8309166
1515069596.8309324
1515069597.8890252
1515069597.889053
1515069597.8890631
1515069598.9263332
1515069598.9263706
1515069598.9263816
1515069600.3890543
1515069600.3890831
1515069600.3890927
1515069601.8794732
1515069601.8836448
1515069601.8836668
1515069603.1037009
1515069603.1037514
1515069603.1037683
1515069604.3818877
1515069604.3819127
1515069604.3819232
1515069605.7405565
1515069605.740878
1515069605.7408943
1515069606.7733371
1515069606.773375
1515069606.773385
1515069607.8580315
1515069607.858061
1515069607.858071
1515069608.838307
1515069608.8383303
1515069608.8383427
1515069609.7976074
1515069609.7976377
1515069609.7976487
1515069610.7992167
1515069610.7993078
1515069610.7993999
1515069611.6961153
1515069611.6961532
1515069611.6961637
1515069612.57755
1515069612.5775776
1515069612.5775874
1515069613.4178731
1515069613.4179025
1515069613.4179122
1515069614.4358833
1515069614.435923
1515069614.4359343
1515069615.2304938
1515069615.230522
1515069615.2305315
1515069616.1271937
1515069616.1275625
1515069616.127581
1515069616.6476426
1515069616.647943
1515069616.64796
1515069617.5752838
1515069617.5753057
1515069617.5753152
1515069618.4480922
1515069618.448138
1515069618.4481504
1515069619.1297789
1515069619.1298096
1515069619.1298199
1515069619.8607917
1515069619.8611722
1515069619.8611932
1515069620.5475729
1515069620.5476103
1515069620.5476239
1515069621.2697625
1515069621.2700791
1515069621.2700956
1515069621.9193883
1515069621.919424
1515069621.9194343
1515069622.605155
1515069622.6054757
1515069622.6054933
1515069623.1499808
1515069623.1500177
1515069623.1500337
1515069623.7629983
1515069623.763027
1515069623.7630372
1515069624.3884745
1515069624.388508
1515069624.3885202
1515069625.1967542
1515069625.1968565
1515069625.196914
1515069626.0407844
1515069626.0408359
1515069626.040847
1515069626.679927
1515069626.679965
1515069626.6799788
1515069627.4049444
1515069627.404985
1515069627.4049966
1515069628.2162526
1515069628.216334
1515069628.2163897
1515069628.6846375
1515069628.684679
1515069628.6846948
1515069629.3306985
1515069629.3307376
1515069629.3307486
1515069630.029095
1515069630.0291288
1515069630.0291426
1515069630.5301738
1515069630.530216
1515069630.5302284
1515069631.129284
1515069631.1293147
1515069631.1293268
1515069631.7515926
1515069631.751983
1515069631.7520025
1515069632.3516097
1515069632.351643
1515069632.351654
1515069632.9895558
1515069632.9895778
1515069632.9895875
1515069633.6415615
1515069633.6415923
1515069633.6416025
1515069634.2014706
1515069634.2015054
1515069634.201515
1515069634.8091664
1515069634.8091938
1515069634.8092031
1515069635.461117
1515069635.461168
1515069635.4611785
1515069635.950399
1515069635.9504354
1515069635.9504492
1515069636.4904058
1515069636.4904332
1515069636.4904428
1515069636.9838321
1515069636.984168
1515069636.9841847
1515069637.5278265
1515069637.5278597
1515069637.527872
1515069638.051389
1515069638.051417
1515069638.051427
1515069638.67157
1515069638.6716146
1515069638.671632
1515069639.297807
1515069639.2978609
1515069639.297871
1515069639.9756072
1515069639.975637
1515069639.9756467
1515069640.5734236
1515069640.5737424
1515069640.57376
1515069641.1229353
1515069641.122963
1515069641.1229818
1515069641.7460668
1515069641.7460904
1515069641.7461
1515069641.9423409