
1515069590.645683
1515069596.0702736
1515069596.0703146
1515069596.0703278
1515069597.2359598
1515069597.2359996
1515069597.2360125
1515069598.0503426
1515069598.0503662
1515069598.0503767
1515069598.9793859
1515069598.9794197
1515069598.9794304
1515069599.9755976
1515069599.975626
1515069599.975636
1515069600.7670376
1515069600.7670722
1515069600.767085
1515069601.7600374
1515069601.76249
1515069601.7625103
1515069602.8797317
1515069602.8797696
1515069602.8797812
1515069604.3179479
1515069604.3179717
1515069604.3179812
1515069605.744413
1515069605.7444441
1515069605.7444553
1515069606.7899425
1515069606.7899656
1515069606.789975
1515069607.8766582
1515069607.8766842
1515069607.8766956
1515069608.8192425
1515069608.8192852
1515069608.819297
1515069609.725853
1515069609.7258823
1515069609.7258933
1515069610.596849
1515069610.5968797
1515069610.6045456
1515069611.431362
1515069611.4313905
1515069611.4314003
1515069612.4723518
1515069612.4724176
1515069612.4724307
1515069613.4483635
1515069613.4483871
1515069613.4491506
1515069614.4939725
1515069614.494
1515069614.4940107
1515069615.3493838
1515069615.349456
1515069615.3494728
1515069616.3131397
1515069616.313167
1515069616.3131766
1515069617.0349398
1515069617.0349705
1515069617.0349815
1515069617.8066685
1515069617.806699
1515069617.8067098
1515069618.5845466
1515069618.5845747
1515069618.5845842
1515069619.5032055
1515069619.5036993
1515069619.5037148
1515069620.3518412
1515069620.3518746
1515069620.3518848
1515069621.2923048
1515069621.2923305
1515069621.2923403
1515069622.0841665
1515069622.0842018
1515069622.084212
1515069623.0980766
1515069623.0981047
1515069623.0981147
1515069624.0773506
1515069624.077384
1515069624.0773952
1515069625.1840105
1515069625.1841266
1515069625.1842084
1515069626.2659786
1515069626.2660172
1515069626.2660277
1515069627.3387733
1515069627.3387945
1515069627.3388042
1515069628.4794285
1515069628.4794548
1515069628.4794638
1515069629.532899
1515069629.532937
1515069629.532947
1515069630.422944
1515069630.4229794
1515069630.4229915
1515069631.3125596
1515069631.3128545
1515069631.3128705
1515069632.110271
1515069632.1102974
1515069632.1103072
1515069632.860339
1515069632.8603659
1515069632.860376
1515069633.828579
1515069633.8286064
1515069633.8286164
1515069634.746747
1515069634.7468038
1515069634.7468219
1515069635.538156
1515069635.5381882
1515069635.5381987
1515069636.2031522
1515069636.2031844
1515069636.2031965
1515069637.1073854
1515069637.1074162
1515069637.1074276
1515069637.9768481
1515069637.976876
1515069637.9768856
1515069638.901372
1515069638.9014747
1515069638.901529
1515069639.748021
1515069639.7480478
1515069639.7480578
1515069640.4806216
1515069640.481246
1515069640.4829986
1515069641.164047
1515069641.1640742
1515069641.164084
1515069642.1209464
1515069642.1210039
1515069642.1210206
1515069642.803545
1515069642.8035824
1515069642.8035948
1515069643.3598657
1515069643.359957
1515069643.3600116
1515069643.9199674
1515069643.920013
1515069643.9200268
1515069644.518799
1515069644.5188262
1515069644.5188363
1515069645.290686
1515069645.2907133
1515069645.290723
1515069645.9812186
1515069645.9812438
1515069645.9812534
1515069646.499624
1515069646.4999716
1515069646.4999902
1515069647.020576
1515069647.0206048
1515069647.0206156
1515069647.4926338
1515069647.4926608
1515069647.4926705
1515069647.8275232
1515069647.8275642
1515069647.827575
1515069648.2808588
1515069648.2808912
1515069648.2809036