
1515069590.6312845
1515069596.3432012
1515069596.3432584
1515069596.3432734
1515069597.1609235
1515069597.1609654
1515069597.1609812
1515069597.9599128
1515069597.9599347
1515069597.9599445
1515069599.0754528
1515069599.075762
1515069599.075778
1515069599.7702253
1515069599.770257
1515069599.7702672
1515069600.3120098
1515069600.312388
1515069600.3124068
1515069600.869327
1515069600.869353
1515069600.8693624
1515069601.5028114
1515069601.502839
1515069601.5028489
1515069602.4547877
1515069602.4548156
1515069602.4548252
1515069603.1669178
1515069603.1669505
1515069603.1669602
1515069603.9276664
1515069603.9277027
1515069603.9277174
1515069604.7827086
1515069604.7830691
1515069604.7830894
1515069605.7508705
1515069605.7509015
1515069605.7509127
1515069606.7269812
1515069606.7270114
1515069606.7270226
1515069607.5812871
1515069607.5813153
1515069607.5813248
1515069608.349963
1515069608.35
1515069608.3500164
1515069609.3631938
1515069609.3632164
1515069609.3632264
1515069610.2145529
1515069610.2146378
1515069610.2146993
1515069611.1008022
1515069611.1011636
1515069611.1011806
1515069611.9901516
1515069611.9901817
1515069611.990192
1515069612.8767178
1515069612.8767483
1515069612.8767583
1515069613.772274
1515069613.772303
1515069613.7723138
1515069614.5836394
1515069614.5836666
1515069614.5836759
1515069615.4029627
1515069615.402987
1515069615.402997
1515069616.386962
1515069616.3870378
1515069616.3870888
1515069617.2884767
1515069617.2885046
1515069617.2885149
1515069618.0174499
1515069618.017478
1515069618.017488
1515069618.7582543
1515069618.7582765
1515069618.7582862
1515069619.675942
1515069619.6759853
1515069619.6760027
1515069620.4245648
1515069620.4245908
1515069620.4246004
1515069621.2247763
1515069621.2248106
1515069621.2248244
1515069621.9009707
1515069621.9013464
1515069621.901363
1515069622.7412772
1515069622.7413054
1515069622.7413168
1515069623.4247487
1515069623.4248
1515069623.4248123
1515069624.1350684
1515069624.1350958
1515069624.1351054
1515069624.7713656
1515069624.7713976
1515069624.771409
1515069625.3897696
1515069625.3898072
1515069625.389844
1515069626.122439
1515069626.122465
1515069626.1224744
1515069626.7550805
1515069626.7551098
1515069626.7551208
1515069627.4322479
1515069627.4322743
1515069627.4322846
1515069628.2901595
1515069628.2901864
1515069628.2901962
1515069628.8452914
1515069628.8467724
1515069628.8467906
1515069629.4524868
1515069629.452509
1515069629.452519
1515069630.2305925
1515069630.2306283
1515069630.230642
1515069630.8578298
1515069630.857878
1515069630.8578894
1515069631.459557
1515069631.4598498
1515069631.459866
1515069632.0792677
1515069632.0792956
1515069632.0793056
1515069632.7462611
1515069632.746666
1515069632.7466855
1515069633.343035
1515069633.3430645
1515069633.3430753
1515069634.0383427
1515069634.0383832
1515069634.038396
1515069634.5940568
1515069634.5943792
1515069634.5943973
1515069635.13885
1515069635.138879
1515069635.1388903
1515069635.7165468
1515069635.7165728
1515069635.7165828
1515069636.2423332
1515069636.2423575
1515069636.2423675
1515069636.8379385
1515069636.837964
1515069636.837974
1515069637.365284
1515069637.3653111
1515069637.3653212
1515069638.0028787
1515069638.0029032
1515069638.0029128
1515069638.5962784
1515069638.5963118
1515069638.596355
1515069639.2250905
1515069639.2251177
1515069639.2251275
1515069639.8015175
1515069639.8015532
1515069639.8015645
1515069640.3386443
1515069640.3386705
1515069640.3386798
1515069641.0375962
1515069641.037624
1515069641.0376337
1515069641.5550861
1515069641.5551147
1515069641.5551245
1515069642.1707273
1515069642.1707513
1515069642.170761
1515069642.7175443
1515069642.7175715
1515069642.7175808
1515069643.2405183
1515069643.2408953
1515069643.240913
1515069643.6539915
1515069643.6543767
1515069643.6543999
1515069644.2839966
1515069644.28402
1515069644.2840302
1515069644.6883657
1515069644.688405
1515069644.6884224
1515069645.2754207
1515069645.2754674
1515069645.2754874
1515069645.7489057
1515069645.748933
1515069645.7489426
1515069646.0959861
1515069646.096012
1515069646.0960224
1515069646.4720478
1515069646.4720697