
1515069590.6434414
1515069596.1129842
1515069596.1130128
1515069596.113022
1515069596.7460985
1515069596.7461288
1515069596.7461386
1515069597.3353174
1515069597.3353608
1515069597.3353722
1515069597.9047647
1515069597.9048004
1515069597.904811
1515069598.3948693
1515069598.3949018
1515069598.3949132
1515069598.9869857
1515069598.9870102
1515069598.9870203
1515069599.6261618
1515069599.626205
1515069599.6262183
1515069600.1839228
1515069600.1840017
1515069600.1840541
1515069600.805937
1515069600.8059778
1515069600.805989
1515069601.5197017
1515069601.5197248
1515069601.5197341
1515069601.9407833
1515069601.940824
1515069601.9408407
1515069602.6735969
1515069602.6736243
1515069602.6736352
1515069603.493965
1515069603.493987
1515069603.4939988
1515069604.223895
1515069604.2245648
1515069604.2245982
1515069604.961418
1515069604.9614663
1515069604.9614787
1515069605.7489932
1515069605.7492914
1515069605.749307
1515069606.5469422
1515069606.5469797
1515069606.5469897
1515069607.2334993
1515069607.2335234
1515069607.2335327
1515069607.9221056
1515069607.922198
1515069607.9222171
1515069608.5724683
1515069608.5724995
1515069608.5725093
1515069609.3187642
1515069609.3188071
1515069609.3188176
1515069610.0909114
1515069610.0909402
1515069610.09095
1515069610.8586636
1515069610.8587554
1515069610.8588102
1515069611.51399
1515069611.5148518
1515069611.5148723
1515069612.3175764
1515069612.317614
1515069612.3176248
1515069612.9796286
1515069612.9796562
1515069612.9796662
1515069613.8338032
1515069613.833838
1515069613.8338482
1515069614.6431732
1515069614.6432014
1515069614.643211
1515069615.636807
1515069615.6368344
1515069615.636844
1515069616.4577873
1515069616.4578087
1515069616.457818
1515069617.5735533
1515069617.5735757
1515069617.5735853
1515069618.7526824
1515069618.7527137
1515069618.7527235
1515069619.8170636
1515069619.8170857
1515069619.817095
1515069620.8700297
1515069620.8700573
1515069620.8700666
1515069621.7801697
1515069621.7802012
1515069621.7802112
1515069622.7040567
1515069622.704098
1515069622.704112
1515069623.5022006
1515069623.5022535
1515069623.5022645
1515069624.2855723
1515069624.285629
1515069624.2856398
1515069625.1281304
1515069625.128178
1515069625.1281888
1515069626.0461287
1515069626.0464
1515069626.0464163
1515069626.8055525
1515069626.8058658
1515069626.8059278
1515069627.4489214
1515069627.448951
1515069627.4489603
1515069628.4590409
1515069628.4590979
1515069628.45911
1515069629.4384258
1515069629.4384513
1515069629.4384606
1515069630.264303
1515069630.2643378
1515069630.2643483
1515069630.9646978
1515069630.9647253
1515069630.964735
1515069631.837622
1515069631.8377168
1515069631.837785
1515069632.6363487
1515069632.636385
1515069632.6363964
1515069633.4483519
1515069633.4483786
1515069633.448388
1515069634.2408352
1515069634.2408643
1515069634.2408743
1515069634.980207
1515069634.9802308
1515069634.980241
1515069635.8697522
1515069635.8697793
1515069635.869789
1515069636.7030897
1515069636.703117
1515069636.7031267
1515069637.4005222
1515069637.4007766
1515069637.4007926
1515069638.162443
1515069638.1624658
1515069638.1624756
1515069638.9563646
1515069638.956387
1515069638.9563966
1515069639.494621
1515069639.4946558
1515069639.4946659
1515069640.2776763
1515069640.2779593
1515069640.2779775
1515069641.0989702
1515069641.0990016
1515069641.099012
1515069641.9183378
1515069641.9183636
1515069641.918373
1515069642.5358765
1515069642.5362327
1515069642.5362506
1515069643.1982887
1515069643.198364
1515069643.1984172
1515069643.8363924
1515069643.8364308
1515069643.836444
1515069644.460585
1515069644.4606123
1515069644.460622
1515069645.1072204
1515069645.1072464
1515069645.1072562
1515069645.4611335
1515069645.4611664
1515069645.461179
1515069645.9424953
1515069645.9425378