
1515069590.6239905
1515069595.9970708
1515069595.997108
1515069595.997118
1515069596.7923245
1515069596.792355
1515069596.7923641
1515069597.854622
1515069597.8546464
1515069597.8546565
1515069598.9656065
1515069598.9737456
1515069598.9737604
1515069599.993328
1515069599.99336
1515069599.9933708
1515069600.933378
1515069600.9334152
1515069600.933429
1515069601.8829072
1515069601.8829305
1515069601.8829398
1515069603.4893966
1515069603.489521
1515069603.489533
1515069605.316263
1515069605.3162916
1515069605.316301
1515069606.4202235
1515069606.4208615
1515069606.4208775
1515069607.610618
1515069607.61064
1515069607.6106496
1515069608.5064385
1515069608.5064738
1515069608.5064862
1515069609.3871038
1515069609.38713
1515069609.3871396
1515069610.2005525
1515069610.200651
1515069610.2007189
1515069611.1003573
1515069611.100385
1515069611.1003945
1515069612.0413864
1515069612.041415
1515069612.0414243
1515069612.901049
1515069612.9010825
1515069612.901093
1515069613.7932496
1515069613.7937772
1515069613.7940006
1515069614.6039276
1515069614.6039593
1515069614.6039698
1515069615.579694
1515069615.579724
1515069615.5797336
1515069616.4561443
1515069616.456193
1515069616.456209
1515069617.56886
1515069617.5688865
1515069617.568896
1515069618.7485135
1515069618.7485414
1515069618.748551
1515069619.8095124
1515069619.809542
1515069619.8095517
1515069620.6780334
1515069620.6780782
1515069620.6780899
1515069621.6934724
1515069621.6935115
1515069621.6935282
1515069622.7508512
1515069622.750878
1515069622.7508893
1515069623.7717345
1515069623.7717566
1515069623.7717662
1515069624.7187228
1515069624.7187579
1515069624.7187707
1515069625.473322
1515069625.4736528
1515069625.4736717
1515069626.2882733
1515069626.288298
1515069626.2883081
1515069627.2402666
1515069627.2403002
1515069627.240312
1515069627.8128147
1515069627.8128967
1515069627.8129504
1515069628.5241349
1515069628.5244133
1515069628.5244298
1515069629.4158854
1515069629.4159076
1515069629.415917
1515069630.3145723
1515069630.3146002
1515069630.314611
1515069631.2610111
1515069631.2610843
1515069631.261136
1515069632.1655872
1515069632.1656144
1515069632.165625
1515069632.980863
1515069632.9808908
1515069632.9809005
1515069633.84484
1515069633.8448703
1515069633.844881
1515069634.793217
1515069634.7932465
1515069634.7932594
1515069635.8706203
1515069635.8706408
1515069635.87065
1515069636.756432
1515069636.7564602
1515069636.7564697
1515069637.5497873
1515069637.5500898
1515069637.5501065
1515069638.363495
1515069638.363527
1515069638.3635378
1515069639.1646345
1515069639.1646605
1515069639.16467
1515069640.000349
1515069640.0003715
1515069640.0003812
1515069640.8267438
1515069640.831721
1515069640.831739
1515069641.318451
1515069641.318483
1515069641.318495
1515069642.1410408
1515069642.1410708
1515069642.1410806
1515069642.8408873
1515069642.8409188
1515069642.8409286
1515069643.4644363
1515069643.46479
1515069643.4648077
1515069644.2474658
1515069644.2474968
1515069644.247508
1515069644.8301308
1515069644.8301582
1515069644.8301682
1515069645.3257508
1515069645.3257732
1515069645.325783
1515069646.0674999
1515069646.0675273
1515069646.067537
1515069646.5792742
1515069646.5792978
1515069646.5793073
1515069647.0554044
1515069647.0554283
1515069647.0554385
1515069647.6590874
1515069647.6591156
1515069647.659125
1515069648.0363064
1515069648.0363464
1515069648.0363572
1515069648.343358
1515069648.3433867
1515069648.3433962
1515069648.741645
1515069648.7416687
1515069648.7416785
1515069649.1784117
1515069649.1784387
1515069649.178451
1515069649.6016538
1515069649.601682
1515069649.6016912
1515069650.074861
1515069650.0748866
1515069650.0748968
1515069650.3152041
1515069650.3152602