
1515069590.6456223
1515069597.283909
1515069597.2839382
1515069597.2839482
1515069598.1794126
1515069598.179519
1515069598.179573
1515069599.0882838
1515069599.0883067
1515069599.0883174
1515069600.28087
1515069600.2809024
1515069600.2809148
1515069601.634189
1515069601.6347272
1515069601.6351938
1515069602.9427676
1515069602.9427984
1515069602.9428082
1515069604.493039
1515069604.4930873
1515069604.4931064
1515069606.686258
1515069606.6862905
1515069606.6863027
1515069608.130891
1515069608.1309226
1515069608.1309323
1515069609.3551042
1515069609.3551314
1515069609.3551407
1515069610.2839458
1515069610.2839732
1515069610.2839828
1515069611.092578
1515069611.0926118
1515069611.092625
1515069611.9623742
1515069611.962745
1515069611.9627633
1515069612.7499623
1515069612.7499955
1515069612.7500074
1515069613.4945014
1515069613.494857
1515069613.4948745
1515069614.3840735
1515069614.384112
1515069614.3841255
1515069614.9443636
1515069614.944397
1515069614.9444084
1515069615.6633286
1515069615.6633744
1515069615.6633852
1515069616.3916593
1515069616.3916812
1515069616.3916905
1515069617.2277243
1515069617.2277527
1515069617.2277622
1515069617.8917384
1515069617.8917716
1515069617.8917837
1515069618.7519767
1515069618.751999
1515069618.7520084
1515069619.557911
1515069619.5581865
1515069619.5582023
1515069620.3245404
1515069620.324566
1515069620.3245754
1515069621.810008
1515069621.8100307
1515069621.810041
1515069623.0277622
1515069623.0277958
1515069623.0278075
1515069624.1457934
1515069624.1458194
1515069624.1458304
1515069625.132962
1515069625.1329892
1515069625.1329994
1515069626.194794
1515069626.1952584
1515069626.1952846
1515069627.3021498
1515069627.3021789
1515069627.3021886
1515069628.205601
1515069628.2056937
1515069628.2057605
1515069628.9343944
1515069628.934421
1515069628.9344304
1515069630.1604033
1515069630.1604345
1515069630.1604464
1515069631.32938
1515069631.3297083
1515069631.3297246
1515069632.2235758
1515069632.2236032
1515069632.2236128
1515069633.037163
1515069633.0371954
1515069633.0372057
1515069633.8656769
1515069633.8657014
1515069633.8657115
1515069634.6869698
1515069634.6870008
1515069634.687012
1515069635.395023
1515069635.3950503
1515069635.3950596
1515069636.022825
1515069636.0228508
1515069636.0228603
1515069636.801487
1515069636.8015082
1515069636.8015177
1515069637.579447
1515069637.579477
1515069637.5794878
1515069638.4381547
1515069638.438183
1515069638.4381924
1515069639.2875006
1515069639.2878041
1515069639.28782
1515069640.088507
1515069640.0885336
1515069640.0885434
1515069640.984358
1515069640.9846714
1515069640.9846883
1515069641.7092845
1515069641.7093117
1515069641.7093213
1515069642.3745482
1515069642.374581
1515069642.3745923
1515069642.9538617
1515069642.953886
1515069642.9538956
1515069643.4878953
1515069643.4879231
1515069643.4879327
1515069644.3249195
1515069644.3249924
1515069644.3250446
1515069645.0922682
1515069645.0922956
1515069645.0923054
1515069645.4154038
1515069645.4154327
1515069645.4154422
1515069646.0151503
1515069646.0151865
1515069646.0151985
1515069646.466458
1515069646.4664857
1515069646.4664953
1515069646.775665
1515069646.7756913
1515069646.775701
1515069647.0909145
1515069647.0909429
1515069647.0909529
1515069647.7277024
1515069647.7277343
1515069647.7277496
1515069648.195821
1515069648.195892
1515069648.1959095
1515069648.5868018
1515069648.5868282
1515069648.5868378
1515069648.8410072
1515069648.8410432
1515069648.841056
1515069649.2055793
1515069649.2056034
1515069649.2056134
1515069649.6045926
1515069649.6049984
1515069649.605014
1515069650.0620162
1515069650.0620499
1515069650.0620594
1515069650.4079463
1515069650.4079847
1515069650.407998
1515069650.7091036
1515069650.7091362
1515069650.7091506
1515069651.0341845
1515069651.034223
1515069651.0342357
1515069651.28462
1515069651.284654
1515069651.2846653
1515069651.5743353
1515069651.5743778
1515069651.5743935
1515069651.8426962
1515069651.842725
1515069651.8427348
1515069652.1014562
1515069652.1014886
1515069652.1014996
1515069652.370185
1515069652.3702247
1515069652.370238
1515069652.49217