
1515069590.6552587
1515069597.9584937
1515069597.9585223
1515069597.9585326
1515069599.832276
1515069599.832307
1515069599.8323169
1515069601.3075876
1515069601.307615
1515069601.3076253
1515069602.412907
1515069602.4129343
1515069602.4129446
1515069603.7071438
1515069603.7071736
1515069603.7071831
1515069604.8061166
1515069604.8061423
1515069604.8061523
1515069605.9258637
1515069605.925913
1515069605.9259272
1515069607.2065094
1515069607.2077243
1515069607.2077465
1515069608.2491477
1515069608.2491758
1515069608.2491853
1515069609.3918893
1515069609.3919115
1515069609.3919213
1515069610.2949412
1515069610.294963
1515069610.2949724
1515069610.9534235
1515069610.9534888
1515069610.9535003
1515069611.6597598
1515069611.6597855
1515069611.6597948
1515069612.556595
1515069612.5566227
1515069612.5566325
1515069613.4372742
1515069613.437314
1515069613.4373271
1515069614.4587018
1515069614.4587305
1515069614.45874
1515069615.2832327
1515069615.2832606
1515069615.2832701
1515069616.3178065
1515069616.3178284
1515069616.317838
1515069617.1909664
1515069617.1909966
1515069617.1910076
1515069618.0195405
1515069618.0195658
1515069618.0195765
1515069618.7192903
1515069618.7193174
1515069618.719328
1515069619.8210971
1515069619.821118
1515069619.8211277
1515069620.908376
1515069620.9084017
1515069620.9084115
1515069621.857516
1515069621.8575504
1515069621.8575613
1515069622.7981029
1515069622.7981308
1515069622.7981405
1515069623.920692
1515069623.9207263
1515069623.9207392
1515069625.0619047
1515069625.061934
1515069625.0619447
1515069626.0922687
1515069626.0923052
1515069626.0923157
1515069627.32343
1515069627.3234522
1515069627.323462
1515069628.5040443
1515069628.504071
1515069628.5040803
1515069629.9176142
1515069629.9176433
1515069629.9176536
1515069631.1827416
1515069631.1828368
1515069631.182899
1515069632.3952346
1515069632.3952603
1515069632.3952696
1515069633.3886008
1515069633.388628
1515069633.3886373
1515069634.3830528
1515069634.383085
1515069634.383097
1515069635.4315014
1515069635.4315336
1515069635.431544
1515069636.311906
1515069636.311933
1515069636.3119428
1515069637.3005888
1515069637.3008723
1515069637.300888
1515069638.1578374
1515069638.1578598
1515069638.1578693
1515069639.1372113
1515069639.1372385
1515069639.1372483
1515069639.9798574
1515069639.97988
1515069639.9798896
1515069640.865096
1515069640.8655727
1515069640.8655913
1515069641.499781
1515069641.499808
1515069641.4998178
1515069642.2152069
1515069642.2152336
1515069642.2152433
1515069642.9220083
1515069642.9220352
1515069642.9220455
1515069643.5350149
1515069643.535397
1515069643.5354145
1515069644.2753193
1515069644.2753658
1515069644.275378
1515069644.7410624
1515069644.7410848
1515069644.7410946
1515069645.3331237
1515069645.3331444
1515069645.3331542
1515069646.044255
1515069646.0442817
1515069646.0442917
1515069646.5255632
1515069646.5255904
1515069646.5256004
1515069646.9616065
1515069646.961637
1515069646.9616482
1515069647.245367
1515069647.2453969
1515069647.2454197
1515069647.7007124
1515069647.7007678
1515069647.7007852
1515069648.117939
1515069648.1179657
1515069648.117976
1515069648.4871702
1515069648.4871988
1515069648.487209
1515069648.7904322
1515069648.790461
1515069648.7904723
1515069649.1765354
1515069649.176563
1515069649.1765735
1515069649.5857027
1515069649.5857291
1515069649.585739
1515069650.0745473
1515069650.0745714
1515069650.074581
1515069650.41634
1515069650.416367
1515069650.4163797
1515069650.705692
1515069650.7057233
1515069650.705735
1515069651.037084
1515069651.0371137
1515069651.0371273