
1515069590.650332
1515069596.5951123
1515069596.5951438
1515069596.595154
1515069597.3203652
1515069597.320389
1515069597.3203986
1515069597.9395986
1515069597.9396257
1515069597.9396365
1515069598.4584012
1515069598.4597254
1515069598.4597368
1515069599.0256643
1515069599.0256925
1515069599.025702
1515069599.7861695
1515069599.7861984
1515069599.7862086
1515069600.4196146
1515069600.4199708
1515069600.4199877
1515069601.1741412
1515069601.1742456
1515069601.1743186
1515069601.8643565
1515069601.8643842
1515069601.8643937
1515069602.6013494
1515069602.6014004
1515069602.6014142
1515069603.6221516
1515069603.6221843
1515069603.6221943
1515069604.2831912
1515069604.2832859
1515069604.2833655
1515069604.968776
1515069604.9687989
1515069604.9688084
1515069605.6814117
1515069605.6814392
1515069605.6814485
1515069606.2772644
1515069606.277291
1515069606.2773006
1515069606.876553
1515069606.8765786
1515069606.8765883
1515069607.5976694
1515069607.5977037
1515069607.5977137
1515069608.2968643
1515069608.296899
1515069608.2969131
1515069609.0931852
1515069609.0932102
1515069609.0932205
1515069609.8909051
1515069609.8909607
1515069609.890975
1515069610.638836
1515069610.6388612
1515069610.6388707
1515069611.340032
1515069611.3400648
1515069611.3400755
1515069612.0627797
1515069612.0628035
1515069612.0628133
1515069612.8581223
1515069612.8581505
1515069612.8581607
1515069613.7385314
1515069613.7392929
1515069613.7393146
1515069614.5260148
1515069614.5260687
1515069614.5260804
1515069615.3801234
1515069615.3801625
1515069615.380173
1515069616.4388177
1515069616.4388888
1515069616.4389381
1515069617.5931716
1515069617.5931942
1515069617.5932033
1515069618.5199397
1515069618.5199852
1515069618.519999
1515069619.4256072
1515069619.4256368
1515069619.4256477
1515069620.345251
1515069620.34554
1515069620.3455563
1515069621.7695973
1515069621.7696607
1515069621.7696726
1515069622.8303869
1515069622.8307643
1515069622.8307812
1515069623.8288064
1515069623.8288338
1515069623.828843
1515069624.8651788
1515069624.8652155
1515069624.8652256
1515069625.8569078
1515069625.8569334
1515069625.8569436
1515069626.8165927
1515069626.8166697
1515069626.8167255
1515069627.6131113
1515069627.6131485
1515069627.6131618
1515069628.5359063
1515069628.535981
1515069628.5360384
1515069629.5464022
1515069629.546433
1515069629.5464478
1515069630.3367124
1515069630.338511
1515069630.3385315
1515069631.2490711
1515069631.249965
1515069631.2499774
1515069632.3350184
1515069632.3350575
1515069632.3350692
1515069633.299926
1515069633.299956
1515069633.2999663
1515069634.1390238
1515069634.1390662
1515069634.1390767
1515069634.9768393
1515069634.9769456
1515069634.9770076
1515069635.8860395
1515069635.8860722
1515069635.8860824
1515069636.7905817
1515069636.7933795
1515069636.793392
1515069637.6190138
1515069637.6192772
1515069637.6192925
1515069638.4561403
1515069638.4561777
1515069638.456196
1515069639.2668831
1515069639.2669103
1515069639.2669199
1515069640.1312912
1515069640.1313274
1515069640.1313558
1515069641.065889
1515069641.0662048
1515069641.066222
1515069641.901661
1515069641.901689
1515069641.9016993
1515069642.6094067
1515069642.609454
1515069642.6094646
1515069643.2323465
1515069643.232606
1515069643.2326303
1515069643.828339
1515069643.8287246
1515069643.8287437
1515069644.5230265
1515069644.5230598
1515069644.5231133
1515069645.2797997
1515069645.2798393
1515069645.2798584
1515069645.7751932
1515069645.7752206
1515069645.7752323
1515069646.1133027
1515069646.113325
1515069646.1133347
1515069646.5604525
1515069646.5605547
1515069646.5606277
1515069647.0364444
1515069647.0364695
1515069647.0364795
1515069647.477432
1515069647.4774601
1515069647.4774697
1515069647.8208764
1515069647.8209138
1515069647.8209243
1515069648.2637596
1515069648.2638302
1515069648.2638865
1515069648.7011476
1515069648.7011876
1515069648.7012029
1515069649.047513
1515069649.0475454
1515069649.047558
1515069649.3135068
1515069649.3135352
1515069649.3135448
1515069649.6299293
1515069649.6302457
1515069649.6302624
1515069650.0708008
1515069650.070835
1515069650.070845
1515069650.1938136