
1515057635.897566
1515057640.6218724
1515057640.6219058
1515057640.6219165
1515057640.6219258
1515057640.6219351
1515057640.6219437
1515057640.6219523
1515057641.0052876
1515057641.0053236
1515057641.005337
1515057641.0053484
1515057641.0053594
1515057641.0053704
1515057641.005381
1515057641.3765802
1515057641.376628
1515057641.3766427
1515057641.376652
1515057641.3766606
1515057641.3766687
1515057641.376677
1515057641.7877183
1515057641.7877433
1515057641.7877533
1515057641.7877617
1515057641.787771
1515057641.787779
1515057641.787787
1515057642.0590904
1515057642.0591283
1515057642.0591412
1515057642.0591516
1515057642.0591614
1515057642.059171
1515057642.0591807
1515057642.346507
1515057642.3465393
1515057642.346551
1515057642.3465605
1515057642.34657
1515057642.3465793
1515057642.3465884
1515057642.573507
1515057642.5735447
1515057642.5735552
1515057642.5735636
1515057642.5735748
1515057642.5735826
1515057642.5735905
1515057642.8767214
1515057642.8767447
1515057642.8767543
1515057642.8767624
1515057642.87677
1515057642.876778
1515057642.8767855
1515057643.1621418
1515057643.1621752
1515057643.1621883
1515057643.1621988
1515057643.1622083
1515057643.162218
1515057643.1622279
1515057643.7197707
1515057643.719809
1515057643.719822
1515057643.7198327
1515057643.719843
1515057643.7198534
1515057643.7198637
1515057644.0606477
1515057644.0606816
1515057644.0606956
1515057644.0607066
1515057644.0607169
1515057644.0607274
1515057644.0607376
1515057644.3614836
1515057644.3615146
1515057644.3615265
1515057644.3615367
1515057644.3615468
1515057644.3615565
1515057644.3615663
1515057644.6161213
1515057644.6161485
1515057644.616158
1515057644.6161659
1515057644.6161742
1515057644.6161826
1515057644.6161902
1515057644.8767657
1515057644.8768241
1515057644.8768375
1515057644.8768475
1515057644.876857
1515057644.8768666
1515057644.8768759
1515057645.0742788
1515057645.074307
1515057645.0743165
1515057645.0743246
1515057645.0743325
1515057645.0743403
1515057645.074348
1515057645.354208
1515057645.3542337
1515057645.3542438
1515057645.354252
1515057645.35426
1515057645.3542678
1515057645.3542755
1515057645.6331024
1515057645.633135
1515057645.6331456
1515057645.6331542
1515057645.6331627
1515057645.633171
1515057645.6331794
1515057645.8794599
1515057645.8794897
1515057645.879499
1515057645.879507
1515057645.879515
1515057645.8795226
1515057645.87953
1515057646.16865
1515057646.1686785
1515057646.1686885
1515057646.1686964
1515057646.1687043
1515057646.168712
1515057646.1687195
1515057646.5124311
1515057646.5127897
1515057646.5128093
1515057646.5128202
1515057646.51283
1515057646.5128393
1515057646.5128486
1515057646.8345337
1515057646.8345637
1515057646.8345761
1515057646.8345864
1515057646.8345964
1515057646.834606
1515057646.834616
1515057647.1235166
1515057647.1235497
1515057647.1235607
1515057647.1235702
1515057647.1235795
1515057647.1235886
1515057647.1235979
1515057647.4175973
1515057647.4176419
1515057647.4176548
1515057647.4176655
1515057647.417676
1515057647.4176867
1515057647.417697
1515057647.682009
1515057647.6820455
1515057647.6820583
1515057647.6820695
1515057647.68208
1515057647.68209
1515057647.6821
1515057647.803995
1515057647.804052
1515057647.8040657