
1515057635.898726
1515057640.5674322
1515057640.5674684
1515057640.5674794
1515057640.5674882
1515057640.5674987
1515057640.567507
1515057640.5675154
1515057640.859851
1515057640.859895
1515057640.8599079
1515057640.8599164
1515057640.859924
1515057640.8599315
1515057640.859939
1515057641.144882
1515057641.144919
1515057641.1449335
1515057641.1449444
1515057641.144955
1515057641.144965
1515057641.1449752
1515057641.4380143
1515057641.4380453
1515057641.4380565
1515057641.438066
1515057641.438076
1515057641.4380853
1515057641.4380944
1515057641.761666
1515057641.7616951
1515057641.7617047
1515057641.761713
1515057641.7617211
1515057641.761729
1515057641.7617366
1515057642.0416749
1515057642.0417216
1515057642.041742
1515057642.0417597
1515057642.0417767
1515057642.0417984
1515057642.0418072
1515057642.3042796
1515057642.3043132
1515057642.304325
1515057642.3043354
1515057642.3043475
1515057642.3043573
1515057642.304367
1515057642.5537052
1515057642.5537386
1515057642.553749
1515057642.553758
1515057642.5537663
1515057642.5537746
1515057642.553783
1515057642.8376954
1515057642.8377337
1515057642.8377492
1515057642.8377616
1515057642.8377733
1515057642.8377848
1515057642.8377964
1515057643.1995955
1515057643.1996324
1515057643.199648
1515057643.1996615
1515057643.199674
1515057643.1996863
1515057643.1996982
1515057643.492467
1515057643.492509
1515057643.4925258
1515057643.4925377
1515057643.4925487
1515057643.4925594
1515057643.4925704
1515057643.757494
1515057643.7575161
1515057643.7575254
1515057643.7575336
1515057643.7575412
1515057643.7575486
1515057643.7575562
1515057644.0957248
1515057644.0957506
1515057644.0957623
1515057644.095772
1515057644.0957837
1515057644.095793
1515057644.095802
1515057644.453393
1515057644.45343
1515057644.4534445
1515057644.4534576
1515057644.4534702
1515057644.4534829
1515057644.4534953
1515057644.696241
1515057644.6962647
1515057644.6962743
1515057644.6962826
1515057644.6962905
1515057644.6962981
1515057644.6963058
1515057644.9982884
1515057644.9983268
1515057644.9983401
1515057644.998352
1515057644.998364
1515057644.998375
1515057644.998386
1515057645.2835186
1515057645.2836025
1515057645.2836597
1515057645.283712
1515057645.283763
1515057645.2838123
1515057645.2838616
1515057645.5405354
1515057645.5405812
1515057645.5406022
1515057645.5406184
1515057645.5406356
1515057645.5406532
1515057645.54067
1515057645.8179505
1515057645.8179793
1515057645.817993
1515057645.818001
1515057645.818009
1515057645.8180168
1515057645.8180246
1515057646.1375926
1515057646.1376243
1515057646.137635
1515057646.1376443
1515057646.137653
1515057646.1376617
1515057646.1376705
1515057646.5099669
1515057646.5100117
1515057646.5100262
1515057646.5100384
1515057646.51005
1515057646.5100615
1515057646.510073
1515057646.825129
1515057646.8251636
1515057646.825176
1515057646.8251865
1515057646.8251963
1515057646.8252063
1515057646.825216
1515057647.1596253
1515057647.159655
1515057647.1596646
1515057647.159673
1515057647.159681
1515057647.159689
1515057647.159697
1515057647.4833555
1515057647.483389
1515057647.4834018
1515057647.483413
1515057647.4834237
1515057647.483434
1515057647.483444
1515057647.7212713
1515057647.721303
1515057647.7213137
1515057647.7213228
1515057647.7213316
1515057647.7213411
1515057647.72135
1515057647.892794
1515057647.892826
1515057647.8928368
1515057647.8928463
1515057647.892855
1515057647.8928638