
1515057635.9044895
1515057640.6804283
1515057640.6804576
1515057640.6804676
1515057640.6804757
1515057640.680485
1515057640.6804926
1515057640.6805003
1515057641.0119474
1515057641.011977
1515057641.011988
1515057641.0119967
1515057641.0120056
1515057641.0120144
1515057641.0120232
1515057641.3781912
1515057641.378222
1515057641.3782358
1515057641.3782454
1515057641.3782544
1515057641.3782635
1515057641.3782728
1515057641.7465143
1515057641.7465584
1515057641.7465703
1515057641.74658
1515057641.7465904
1515057641.7465994
1515057641.746608
1515057642.261831
1515057642.2618597
1515057642.2618694
1515057642.2618778
1515057642.2618854
1515057642.261893
1515057642.2619004
1515057642.4889395
1515057642.4889731
1515057642.4889848
1515057642.4889948
1515057642.4890041
1515057642.489014
1515057642.4890234
1515057642.742869
1515057642.7428987
1515057642.742909
1515057642.742917
1515057642.7429273
1515057642.742935
1515057642.7429426
1515057642.98821
1515057642.9882421
1515057642.9882545
1515057642.9882648
1515057642.9882746
1515057642.9882843
1515057642.9882941
1515057643.2095294
1515057643.2095573
1515057643.2095697
1515057643.2095792
1515057643.2095888
1515057643.209598
1515057643.2096074
1515057643.482414
1515057643.4824483
1515057643.4824617
1515057643.482473
1515057643.482484
1515057643.482495
1515057643.4825058
1515057643.7407074
1515057643.7407327
1515057643.740744
1515057643.740752
1515057643.7407596
1515057643.740767
1515057643.7407744
1515057644.0858529
1515057644.0858812
1515057644.0858939
1515057644.0859046
1515057644.0859146
1515057644.085925
1515057644.085935
1515057644.4095316
1515057644.4095604
1515057644.4095712
1515057644.4095802
1515057644.40959
1515057644.409599
1515057644.4096076
1515057644.6753192
1515057644.6753492
1515057644.6753614
1515057644.6753714
1515057644.6753812
1515057644.675391
1515057644.6754005
1515057645.0302815
1515057645.0303106
1515057645.03032
1515057645.030328
1515057645.030336
1515057645.0303433
1515057645.0303512
1515057645.3176627
1515057645.318054
1515057645.318074
1515057645.3180847
1515057645.318095
1515057645.3181045
1515057645.318114
1515057645.5865464
1515057645.5865772
1515057645.5865872
1515057645.5865955
1515057645.586604
1515057645.5866425
1515057645.5866525
1515057645.8236933
1515057645.8237221
1515057645.8237336
1515057645.8237433
1515057645.8237526
1515057645.823762
1515057645.823771
1515057646.1143978
1515057646.1144269
1515057646.1144364
1515057646.1144445
1515057646.1144524
1515057646.1144602
1515057646.114468
1515057646.452746
1515057646.4527938
1515057646.4528112
1515057646.4528258
1515057646.4528394
1515057646.4528534
1515057646.452867
1515057646.672947
1515057646.6729765
1515057646.6729863
1515057646.6729946
1515057646.6730027
1515057646.6730103
1515057646.6730182
1515057646.8773913
1515057646.8774166
1515057646.8774266
1515057646.877435
1515057646.8774428
1515057646.8774507
1515057646.8774586
1515057647.1762567
1515057647.1762896
1515057647.1763017
1515057647.176312
1515057647.1763217
1515057647.1763313
1515057647.1763408
1515057647.4949098
1515057647.4949412
1515057647.494955
1515057647.4949667
1515057647.494978
1515057647.4949892
1515057647.4950001
1515057647.6661797
1515057647.6662161
1515057647.66623
1515057647.6662412