
1515057635.8960962
1515057636.9074407
1515057636.9074721
1515057636.9074817
1515057636.9074898
1515057636.907498
1515057636.9075055
1515057636.9075131
1515057636.9075317
1515057636.9075415
1515057636.9075494
1515057636.9075568
1515057636.9075644
1515057636.907572
1515057636.9075797
1515057636.907594
1515057636.9076018
1515057636.9076104
1515057636.9076178
1515057636.9076254
1515057636.907633
1515057636.9076405
1515057636.9076548
1515057636.9076629
1515057636.9076703
1515057636.907678
1515057636.9076858
1515057636.9076931
1515057636.9077008
1515057636.9080732
1515057636.9081628
1515057636.908217
1515057636.908264
1515057636.908309
1515057636.9083543
1515057636.9083986
1515057637.5958426
1515057637.5958722
1515057637.5958984
1515057637.595909
1515057637.5959175
1515057637.5959253
1515057637.595933
1515057637.5959504
1515057637.5959594
1515057637.595967
1515057637.595975
1515057637.5959845
1515057637.5959923
1515057637.596
1515057637.596014
1515057637.5960226
1515057637.5960305
1515057637.596038
1515057637.5960455
1515057637.5960531
1515057637.5960608
1515057637.5973392
1515057637.59745
1515057637.5975091
1515057637.5975657
1515057637.5976133
1515057637.5976593
1515057637.5977082
1515057638.271667
1515057638.2717054
1515057638.2717192
1515057638.2717319
1515057638.2717438
1515057638.2717562
1515057638.271768
1515057638.271792
1515057638.2718048
1515057638.271819
1515057638.271831
1515057638.2718425
1515057638.2718542
1515057638.271866
1515057638.2719064
1515057638.2719216
1515057638.2719336
1515057638.2719452
1515057638.271957
1515057638.2719686
1515057638.2719805
1515057638.273166
1515057638.2732937
1515057638.2733722
1515057638.2734425
1515057638.2735136
1515057638.2735808
1515057638.2736473
1515057638.916362
1515057638.9163918
1515057638.9164026
1515057638.9164112
1515057638.916419
1515057638.916427
1515057638.9164345
1515057638.9164512
1515057638.9164596
1515057638.9164672
1515057638.9164748
1515057638.9164824
1515057638.9164898
1515057638.9164975
1515057638.9165118
1515057638.9165225
1515057638.9165301
1515057638.9165378
1515057638.9165454
1515057638.916553
1515057638.9165606
1515057638.9169319
1515057638.9170234
1515057638.9170778
1515057638.9171271
1515057638.9171748
1515057638.9172213
1515057638.9172668
1515057639.5766094
1515057639.5766368
1515057639.5766468
1515057639.5766551
1515057639.576663
1515057639.5766711
1515057639.576679
1515057639.5766976
1515057639.5767066
1515057639.5767145
1515057639.576722
1515057639.5767295
1515057639.5767372
1515057639.5767448
1515057639.5767593
1515057639.5767677
1515057639.576775
1515057639.5767827
1515057639.57679
1515057639.5767975
1515057639.576805
1515057639.5776353
1515057639.5777345
1515057639.5777905
1515057639.5778391
1515057639.5778856
1515057639.577932
1515057639.5779774
1515057640.3627357
1515057640.3627875
1515057640.3628063
1515057640.3628223
1515057640.3628373
1515057640.362852
1515057640.3628666
1515057640.6067917
1515057640.6068225
1515057640.6068325
1515057640.606841
1515057640.6068492
1515057640.606857
1515057640.6068654
1515057640.9601111
1515057640.960156
1515057640.9601712
1515057640.9601848
1515057640.9601982
1515057640.9602113
1515057640.960224
1515057641.3749716
1515057641.3750224
1515057641.3750484
1515057641.3750596
1515057641.3750703
1515057641.3750858
1515057641.375097
1515057641.780377
1515057641.7804096
1515057641.7804222
1515057641.780432
1515057641.7804413
1515057641.780451
1515057641.7804601
1515057642.089389
1515057642.0894215
1515057642.0894334
1515057642.0894432
1515057642.0894525
1515057642.0894618
1515057642.0894709
1515057642.376818
1515057642.3768492
1515057642.3768606
1515057642.3768704
1515057642.3768792
1515057642.3768883
1515057642.3768973
1515057642.6046298
1515057642.6046593
1515057642.6046698
1515057642.6046782
1515057642.6046863
1515057642.6046953
1515057642.6047032
1515057642.8599844
1515057642.8600152
1515057642.8600256
1515057642.8600345
1515057642.8600495
1515057642.8600576
1515057642.8600655
1515057643.1708438
1515057643.1708703
1515057643.17088
1515057643.1708887
1515057643.1708968
1515057643.1709046
1515057643.1709125
1515057643.7232811
1515057643.7235768
1515057643.7235935
1515057643.7236032
1515057643.7236118
1515057643.7236207
1515057643.7236292
1515057644.0840065
1515057644.0840335
1515057644.0840433
1515057644.0840514
1515057644.0840592
1515057644.084067
1515057644.0840747
1515057644.3998404
1515057644.3998766
1515057644.399908
1515057644.3999197
1515057644.3999298
1515057644.3999393
1515057644.3999488
1515057644.6598475
1515057644.6598978
1515057644.6599145
1515057644.6599255
1515057644.6599357
1515057644.6599455
1515057644.6599553
1515057644.917303
1515057644.917331
1515057644.9173405
1515057644.9173486
1515057644.9173565
1515057644.9173644
1515057644.917372
1515057645.1679268
1515057645.1679647
1515057645.1679773
1515057645.167994
1515057645.1680045
1515057645.1680148
1515057645.1680248
1515057645.3785625
1515057645.37859
1515057645.3786
1515057645.3786087
1515057645.378675
1515057645.378685
1515057645.3786929
1515057645.6658876
1515057645.6659255
1515057645.6659396
1515057645.6659544
1515057645.6659658
1515057645.665977
1515057645.665988
1515057645.898863
1515057645.8988926
1515057645.8989022
1515057645.8989105
1515057645.8989186
1515057645.8989265
1515057645.8989341
1515057646.2003062
1515057646.2003326
1515057646.2003431
1515057646.2003517
1515057646.2003598
1515057646.200368
1515057646.2003763
1515057646.5327663
1515057646.532799
1515057646.53281
1515057646.5328193
1515057646.5328283
1515057646.5328372
1515057646.5328512
1515057646.8489845
1515057646.8490088
1515057646.8490183
1515057646.8490264
1515057646.849034
1515057646.849042
1515057646.8490496
1515057647.1886413
1515057647.1886678
1515057647.1886787
1515057647.1886878
1515057647.1886966
1515057647.1887052
1515057647.1887136