
1515057635.8936346
1515057640.6278977
1515057640.627929
1515057640.6279402
1515057640.627949
1515057640.627958
1515057640.6279664
1515057640.6279747
1515057640.98834
1515057640.988372
1515057640.9883835
1515057640.9883928
1515057640.9884017
1515057640.9884102
1515057640.988419
1515057641.4021077
1515057641.4021366
1515057641.4021482
1515057641.4021568
1515057641.402165
1515057641.402173
1515057641.402181
1515057641.7925959
1515057641.79262
1515057641.7926297
1515057641.7926378
1515057641.7926466
1515057641.792654
1515057641.7926617
1515057642.0920138
1515057642.0920389
1515057642.092049
1515057642.0920572
1515057642.092065
1515057642.0920722
1515057642.0920799
1515057642.4966035
1515057642.4966338
1515057642.4966507
1515057642.4966626
1515057642.4966736
1515057642.4966846
1515057642.496695
1515057642.8079326
1515057642.8079624
1515057642.8079717
1515057642.8079798
1515057642.8079896
1515057642.8079972
1515057642.8080046
1515057643.10543
1515057643.105461
1515057643.1054711
1515057643.1054804
1515057643.1054888
1515057643.1054971
1515057643.1055055
1515057643.443481
1515057643.443516
1515057643.443531
1515057643.4435418
1515057643.443552
1515057643.443562
1515057643.4435718
1515057643.7090948
1515057643.7091248
1515057643.7091355
1515057643.7091448
1515057643.7091534
1515057643.7091618
1515057643.70917
1515057644.1456785
1515057644.145716
1515057644.1457338
1515057644.1457472
1515057644.1457605
1515057644.1457734
1515057644.1457863
1515057644.5033429
1515057644.5033848
1515057644.503403
1515057644.5034666
1515057644.503484
1515057644.5035
1515057644.5035162
1515057644.757223
1515057644.757251
1515057644.757262
1515057644.7572713
1515057644.7572815
1515057644.7572904
1515057644.757299
1515057645.0333192
1515057645.0333457
1515057645.0333564
1515057645.0333657
1515057645.0333743
1515057645.0333827
1515057645.0333912
1515057645.353511
1515057645.3535397
1515057645.3535495
1515057645.353558
1515057645.353566
1515057645.353574
1515057645.353582
1515057645.6985269
1515057645.698573
1515057645.6985903
1515057645.6986046
1515057645.6986184
1515057645.6986318
1515057645.698645
1515057645.9408245
1515057645.9408581
1515057645.9408698
1515057645.9408793
1515057645.9408884
1515057645.9408977
1515057645.940907
1515057646.2633078
1515057646.2634468
1515057646.2635458
1515057646.2636364
1515057646.2637234
1515057646.26391
1515057646.2640126
1515057646.575539
1515057646.5755706
1515057646.5755816
1515057646.5755904
1515057646.575599
1515057646.5756073
1515057646.575616
1515057646.8455992
1515057646.8456345
1515057646.8456476
1515057646.8456583
1515057646.8456686
1515057646.8456788
1515057646.8456888
1515057647.1437984
1515057647.1438286
1515057647.1438382
1515057647.1438458
1515057647.1438534
1515057647.143861
1515057647.1438684
1515057647.419079
1515057647.4191034
1515057647.419113
1515057647.4191256
1515057647.4191332
1515057647.419141
1515057647.4191484
1515057647.66036
1515057647.660386
1515057647.6603956
1515057647.6604037
1515057647.6604116
1515057647.6604192
1515057647.6604266
1515057647.8833182
1515057647.8833501
1515057647.8833618
1515057647.8833728
1515057647.8833828
1515057647.8833926
1515057647.8834023