
1515100333.2948487
1515100340.3792155
1515100340.3792505
1515100342.4688065
1515100342.4688396
1515100344.4143293
1515100344.4143636
1515100346.3029146
1515100346.3029501
1515100348.299323
1515100348.299363
1515100349.9241793
1515100349.9242122
1515100351.169972
1515100351.1699965
1515100352.4219403
1515100352.4219725
1515100353.9070811
1515100353.9071176
1515100355.4062004
1515100355.4065764
1515100357.0763295
1515100357.0763636
1515100358.8316476
1515100358.8316872
1515100360.2298174
1515100360.229851
1515100361.486788
1515100361.4868293
1515100362.571607
1515100362.5716424
1515100363.7252429
1515100363.725285
1515100365.266537
1515100365.2665672
1515100366.6246378
1515100366.6250455
1515100368.2333539
1515100368.2334464
1515100369.8633204
1515100369.863356
1515100371.0113351
1515100371.0113685
1515100372.2666743
1515100372.2667048
1515100373.4713588
1515100373.4713898
1515100374.6159563
1515100374.615989
1515100375.9933918
1515100375.9934201
1515100377.6828337
1515100377.6833413
1515100379.1363554
1515100379.1363966
1515100380.560258
1515100380.5603516
1515100382.2181575
1515100382.2181864
1515100383.896279
1515100383.8963122
1515100385.7856827
1515100385.7857153
1515100387.2392025
1515100387.2392302
1515100389.0415792
1515100389.0416074
1515100390.9966917
1515100390.9967246
1515100392.6470158
1515100392.647407
1515100394.3988693
1515100394.3989053
1515100396.0868785
1515100396.087161
1515100397.5510974
1515100397.5511708
1515100398.9688098
1515100398.96884
1515100400.1883926
1515100400.1884215
1515100401.4988935
1515100401.5010147
1515100402.5438004
1515100402.543835
1515100403.647575
1515100403.6476033
1515100405.3454273
1515100405.3454652
1515100406.8298182
1515100406.8298488
1515100408.1946993
1515100408.1947386
1515100409.412216
1515100409.412248
1515100410.6789548
1515100410.6796327
1515100412.038828
1515100412.0388541
1515100413.451548
1515100413.4515772
1515100415.0983276
1515100415.0983603
1515100416.8954744
1515100416.8955216
1515100418.3628132
1515100418.3628516
1515100419.672303
1515100419.6723402
1515100420.7930472
1515100420.7930822
1515100421.994863
1515100421.9949784
1515100423.0456223
1515100423.0469387
1515100424.2096565
1515100424.2096922
1515100425.376854
1515100425.3772252
1515100426.5505502
1515100426.5505788
1515100428.0948274
1515100428.0948575
1515100429.6846576
1515100429.6846926
1515100431.240264
1515100431.240298
1515100433.167637
1515100433.1677284
1515100434.9129493
1515100434.9132657
1515100436.2844536
1515100436.2845
1515100437.555382
1515100437.5554206
1515100438.2656875
1515100438.2657177
1515100438.8708127
1515100438.8708413
1515100439.444761
1515100439.444789
1515100440.1767623
1515100440.1768174
1515100440.7831333
1515100440.7831643
1515100441.5762644
1515100441.5763023
1515100442.3054664
1515100442.3054976
1515100443.3562775
1515100443.356622
1515100444.559393
1515100444.559434
1515100446.1450357
1515100446.145077
1515100447.7232633
1515100447.7233253
1515100448.8933878
1515100448.893416
1515100449.9774184
1515100449.9780674
1515100451.3678105
1515100451.3678393
1515100452.6940699
1515100452.694098
1515100453.882214
1515100453.8822503
1515100455.1147969
1515100455.1148381
1515100456.7499275
1515100456.749966
1515100457.9828465
1515100457.9828794
1515100459.5337322
1515100459.5337725
1515100460.7884173
1515100460.78845