
1515100333.303804
1515100340.3235607
1515100340.3235915
1515100342.1039674
1515100342.1039991
1515100343.3095655
1515100343.3098936
1515100345.021268
1515100345.0212984
1515100346.3287768
1515100346.328814
1515100347.5913916
1515100347.5914352
1515100348.7821383
1515100348.7821703
1515100350.1081707
1515100350.1082013
1515100351.7108915
1515100351.7109249
1515100353.3343408
1515100353.3344138
1515100354.7748516
1515100354.7748923
1515100356.2164435
1515100356.216616
1515100357.3351388
1515100357.3351688
1515100358.5321138
1515100358.532164
1515100359.7020202
1515100359.7025235
1515100360.4980297
1515100360.498393
1515100361.728155
1515100361.7281945
1515100362.83058
1515100362.8306234
1515100363.8825963
1515100363.8826356
1515100364.9601347
1515100364.9601681
1515100365.8880467
1515100365.888579
1515100366.8390663
1515100366.8390934
1515100367.862526
1515100367.862557
1515100368.8927069
1515100368.8931315
1515100369.9787178
1515100369.9787557
1515100371.1801019
1515100371.1801472
1515100372.3842783
1515100372.3843122
1515100373.7964482
1515100373.7964823
1515100375.2624562
1515100375.2625105
1515100376.2582579
1515100376.258378
1515100377.5060694
1515100377.5061011
1515100378.6615283
1515100378.6615567
1515100380.094989
1515100380.0950427
1515100381.3821356
1515100381.3824944
1515100382.6832218
1515100382.683252
1515100383.5221422
1515100385.4290657
1515100385.4291143
1515100387.157404
1515100387.1574357
1515100388.8715045
1515100388.87156
1515100390.8673022
1515100390.867337
1515100392.45486
1515100392.4551923
1515100394.0803287
1515100394.0803618
1515100395.6633105
1515100395.6633575
1515100398.448165
1515100398.4482
1515100400.7312517
1515100400.731291
1515100402.4210582
1515100402.421092
1515100403.6012373
1515100403.601282
1515100405.020442
1515100405.020849
1515100406.1151595
1515100406.1151989
1515100407.227169
1515100407.2272036
1515100408.3460484
1515100408.3464193
1515100409.4862847
1515100409.4863312
1515100410.662852
1515100410.6628795
1515100411.9831028
1515100411.983141
1515100413.2503927
1515100413.2505322
1515100414.4739704
1515100414.474001
1515100415.759282
1515100415.7595882
1515100417.045569
1515100417.0456262
1515100418.4027798
1515100418.4028118
1515100419.8131151
1515100419.8131428
1515100421.9172573
1515100421.917292
1515100423.3926094
1515100423.3932195
1515100424.9006875
1515100424.9007154
1515100426.5336118
1515100426.5336566
1515100429.3623765
1515100429.3624084
1515100430.7065375
1515100430.706578
1515100432.2594402
1515100432.2594676
1515100434.1354325
1515100434.1354632
1515100436.3033688
1515100436.3034098
1515100438.286089
1515100438.2861323
1515100439.7290819
1515100439.7291124
1515100441.235768
1515100441.2358096
1515100442.418643
1515100442.419193
1515100443.654574
1515100443.6546197
1515100444.9147356
1515100444.9147751
1515100446.0783167
1515100446.078345
1515100447.3487034
1515100447.348745
1515100448.942706
1515100448.9427476
1515100450.7471547
1515100450.7471876
1515100452.4048502
1515100452.4052546
1515100453.766856
1515100453.7668884
1515100455.148494
1515100455.148956
1515100456.2966201
1515100456.2966456
1515100457.5306656
1515100457.5306945
1515100458.8077178
1515100458.8077497
1515100459.9773664
1515100459.9774177
1515100461.346551
1515100461.3466287
1515100462.627415
1515100462.6274455
1515100463.8504834
1515100463.8505552
1515100465.113076
1515100465.1134484
1515100466.1019194
1515100466.1019506
1515100466.7295294
1515100481.1960237
1515100481.1961017
1515100481.5062838
1515100481.506314
1515100481.8698196
1515100481.8698583
1515100482.172076
1515100482.1721125
1515100482.4694595
1515100482.4694932
1515100482.7829943
1515100482.783027
1515100483.0987194
1515100483.0987656
1515100483.4157157
1515100483.4157495
1515100483.7604048
1515100483.7604408
1515100484.0923982
1515100484.0924983
1515100484.882276
1515100484.8824492
1515100485.6905057
1515100485.6906445
1515100486.480972
1515100486.4810946
1515100487.2876768
1515100487.2877874
1515100487.9539042