
1515100333.2798133
1515100340.1051989
1515100340.1052275
1515100342.1324131
1515100342.1324618
1515100344.193483
1515100344.193576
1515100345.4975376
1515100345.497573
1515100346.7919962
1515100346.7920573
1515100348.3299763
1515100348.3303525
1515100349.9729908
1515100349.9730167
1515100351.610206
1515100351.6102455
1515100353.1957006
1515100353.1957803
1515100354.7565296
1515100354.7565608
1515100356.0798335
1515100356.0798607
1515100357.0650432
1515100357.0650833
1515100358.1382833
1515100358.1383276
1515100359.3033047
1515100359.303412
1515100360.4057984
1515100360.4058251
1515100361.7919092
1515100361.791942
1515100363.1364462
1515100363.1364872
1515100365.000149
1515100365.0001903
1515100366.7498837
1515100366.7499135
1515100368.2173998
1515100368.2174363
1515100369.6539524
1515100369.6539812
1515100370.9145598
1515100370.914588
1515100372.3179986
1515100372.3180373
1515100373.6866002
1515100373.6866362
1515100374.7155602
1515100374.7155979
1515100376.050789
1515100376.0508175
1515100377.550199
1515100377.5502234
1515100378.8809326
1515100378.8809607
1515100380.151345
1515100380.1513724
1515100381.6885626
1515100381.688607
1515100383.60769
1515100383.6077175
1515100385.8506808
1515100385.8507147
1515100387.609252
1515100387.6092827
1515100389.7412295
1515100389.7412703
1515100391.7429333
1515100391.7429698
1515100393.6904993
1515100393.6905391
1515100395.259525
1515100395.25956
1515100397.0503802
1515100397.0504081
1515100398.9421673
1515100398.942198
1515100400.5010316
1515100400.5015788
1515100402.0526257
1515100402.0527096
1515100403.3559244
1515100403.3559575
1515100404.2076612
1515100404.2076912
1515100405.4878182
1515100405.4878483
1515100406.850508
1515100406.8505325
1515100407.995955
1515100407.9959939
1515100408.9779556
1515100408.9779897
1515100410.4870684
1515100410.4871006
1515100412.0072424
1515100412.007275
1515100413.424325
1515100413.42483
1515100414.561813
1515100414.5618463
1515100415.6470118
1515100415.647053
1515100416.8027973
1515100416.8028443
1515100417.9316497
1515100417.9316795
1515100419.1884174
1515100419.1889007
1515100420.3948996
1515100420.3961122
1515100421.7125072
1515100421.7125475
1515100422.8482916
1515100422.848582
1515100424.101873
1515100424.101908
1515100425.5631413
1515100425.5631716
1515100427.3114853
1515100427.3115218
1515100429.0902784
1515100429.090352
1515100430.2920136
1515100430.2920635
1515100431.5502443
1515100431.5506914
1515100432.8492713
1515100432.8493001
1515100434.3040981
1515100434.304134
1515100435.730486
1515100435.7305284
1515100437.418946
1515100437.4189801
1515100438.9578624
1515100438.9578965
1515100440.2824194
1515100440.2824478
1515100441.6036568
1515100441.6036923
1515100442.7172515
1515100442.7172844
1515100443.9814239
1515100443.9814563
1515100445.2060435
1515100445.206076
1515100446.325476
1515100446.3255048
1515100447.7044754
1515100447.7045062
1515100449.0244472
1515100449.0244749
1515100450.3471208
1515100450.34715
1515100451.8774562
1515100451.8774884
1515100453.1678727
1515100453.1679194
1515100454.6872106
1515100454.6875944
1515100456.1111403
1515100456.111177
1515100457.5351372
1515100457.5351667
1515100458.9177635
1515100458.9177916
1515100460.0145924
1515100460.01506
1515100461.3327212
1515100461.3327518
1515100462.532249
1515100462.5322871
1515100463.7388833
1515100463.738917
1515100464.8250575
1515100464.826478
1515100465.6959872
1515100465.696016
1515100466.860046
1515100466.8600948
1515100467.9213247
1515100467.9213634
1515100468.9677906
1515100468.9678202
1515100469.706539
1515100469.7065756
1515100470.9463139
1515100470.9463494
1515100472.1129546
1515100472.11299
1515100473.0754163
1515100473.075454
1515100474.0083873
1515100474.0086899
1515100474.9238071
1515100474.9238436
1515100475.1909497