
1515100333.303753
1515100340.6026218
1515100340.6026576
1515100342.8525922
1515100342.8526294
1515100344.3352418
1515100344.3352783
1515100345.6684573
1515100345.6685176
1515100346.9921308
1515100346.9921715
1515100348.3371437
1515100348.3371713
1515100349.6681664
1515100349.668197
1515100351.3345196
1515100351.3345518
1515100352.980595
1515100352.9806223
1515100354.7315319
1515100354.7316082
1515100356.533752
1515100356.5337865
1515100358.3610446
1515100358.361086
1515100360.2897875
1515100360.2901742
1515100362.3108125
1515100362.3111556
1515100364.2677872
1515100364.2678308
1515100365.97046
1515100365.9704895
1515100367.4600766
1515100367.4601164
1515100368.8623629
1515100368.8624046
1515100370.1689527
1515100370.168983
1515100371.3995752
1515100371.4001274
1515100372.5413828
1515100372.5414217
1515100374.0232112
1515100374.0232432
1515100375.7434397
1515100375.7434914
1515100377.6029408
1515100377.6029663
1515100379.355182
1515100379.3552136
1515100381.0004597
1515100381.0004961
1515100382.6647258
1515100382.6648467
1515100384.206591
1515100384.2066305
1515100385.780038
1515100385.7800872
1515100387.0952835
1515100387.095311
1515100388.418984
1515100388.4193878
1515100389.5488226
1515100389.5498912
1515100390.6461203
1515100390.6461473
1515100391.771385
1515100391.7714193
1515100392.9525878
1515100392.952953
1515100394.162512
1515100394.1625412
1515100395.4115217
1515100395.4118676
1515100396.3958602
1515100396.3959146
1515100397.3859162
1515100397.385961
1515100398.3865561
1515100398.3869498
1515100399.3972938
1515100399.3973238
1515100400.3475142
1515100400.3475442
1515100401.4280899
1515100401.4281347
1515100402.4616733
1515100402.461704
1515100403.5474823
1515100403.5475085
1515100404.6891904
1515100404.690736
1515100405.7543223
1515100405.7543492
1515100407.0372422
1515100407.0375104
1515100408.4172823
1515100408.4173121
1515100409.7860694
1515100409.7865286
1515100411.0007887
1515100411.000816
1515100412.3998487
1515100412.3998785
1515100414.0451353
1515100414.0451663
1515100415.7105017
1515100415.7105408
1515100417.0705647
1515100417.0709786
1515100418.620405
1515100418.6204407
1515100420.004271
1515100420.0043256
1515100421.545507
1515100421.5455365
1515100422.777665
1515100422.7780607
1515100424.1818068
1515100424.1818511
1515100425.4682746
1515100425.4683042
1515100426.7478309
1515100426.748209
1515100428.1388931
1515100428.1389275
1515100429.5573695
1515100429.5577219
1515100430.633459
1515100430.633488
1515100432.173508
1515100432.1735396
1515100433.1425276
1515100433.1425698
1515100433.9512615
1515100433.9513016
1515100434.6235182
1515100434.6238132
1515100435.5817518
1515100435.5817842
1515100436.475041
1515100436.4750671
1515100437.3657491
1515100437.366167
1515100438.5895615
1515100438.5895953
1515100440.9026608
1515100440.902695
1515100442.7847395
1515100442.7847686
1515100444.4999304
1515100444.4999688
1515100446.1550484
1515100446.155077
1515100447.9620574
1515100447.9620886
1515100450.0301702
1515100450.030471
1515100451.9392989
1515100451.9393282
1515100453.5098264
1515100453.5098612
1515100454.964794
1515100454.9648285
1515100456.2746747
1515100456.2747018
1515100457.57323
1515100457.5732534
1515100458.7573068
1515100458.7577152
1515100459.7972825
1515100459.7973087
1515100461.0192394
1515100461.0192814
1515100462.0607889
1515100462.0608273
1515100463.160192
1515100463.1602206
1515100464.1085987
1515100464.1086226
1515100465.3936372
1515100465.393961
1515100466.626381
1515100466.6264057
1515100467.7442446
1515100467.7442837
1515100468.4306917
1515100468.4307258
1515100469.367287
1515100469.3676684
1515100470.4649785
1515100470.4653683
1515100471.1866324
1515100471.1866667
1515100471.8134832
1515100471.8135087
1515100472.7207198
1515100472.7207503
1515100473.297605
1515100473.2977085
1515100473.983353
1515100473.9833863
1515100474.738158
1515100474.7381983
1515100475.0766788
1515100475.0767093
1515100475.614377
1515100475.6144109
1515100476.204367
1515100476.2044113
1515100476.7058873
1515100476.7061815
1515100477.2125218
1515100477.2125664
1515100477.452122