
1515100333.301991
1515100339.5181363
1515100339.518168
1515100340.7888052
1515100340.7888372
1515100341.917014
1515100341.9170425
1515100343.9462337
1515100343.9462643
1515100345.8036256
1515100345.8036797
1515100347.799338
1515100347.7993858
1515100349.9682384
1515100349.9682739
1515100351.7172306
1515100351.7172546
1515100353.1222785
1515100353.12232
1515100354.5064769
1515100354.5065143
1515100355.892469
1515100355.8925126
1515100356.8549745
1515100356.856627
1515100357.8896341
1515100357.889692
1515100359.14112
1515100359.1411548
1515100360.1555803
1515100360.1559725
1515100361.1213522
1515100361.121786
1515100362.1266463
1515100362.1266885
1515100363.4428296
1515100363.4433005
1515100365.086491
1515100365.0865278
1515100366.4078097
1515100366.407858
1515100367.6294992
1515100367.6295304
1515100368.827169
1515100368.8274996
1515100370.0396507
1515100370.0397213
1515100371.6490133
1515100371.6493845
1515100372.817188
1515100372.817249
1515100374.113258
1515100374.1132922
1515100375.6932387
1515100375.6932795
1515100377.1317286
1515100377.131764
1515100378.7690573
1515100378.7690928
1515100380.2795224
1515100380.279555
1515100381.7328007
1515100381.7328289
1515100383.264319
1515100383.264347
1515100384.6736193
1515100384.6736474
1515100386.1503808
1515100386.1504111
1515100387.8585408
1515100387.8585818
1515100391.0141332
1515100391.0141604
1515100393.0207367
1515100393.0210173
1515100394.6176167
1515100394.6176465
1515100396.107638
1515100396.10799
1515100397.4713266
1515100397.4713585
1515100398.7888944
1515100398.7889273
1515100400.0524547
1515100400.052488
1515100401.593408
1515100401.593535
1515100403.409655
1515100403.4096837
1515100404.8708544
1515100404.8708842
1515100406.1500864
1515100406.1501145
1515100407.3569098
1515100407.3574607
1515100408.5486777
1515100408.5487008
1515100409.905259
1515100409.9052958
1515100411.0971382
1515100411.0971692
1515100412.3561823
1515100412.35791
1515100413.6057892
1515100413.60624
1515100415.342194
1515100415.3422258
1515100416.4945107
1515100416.4948263
1515100417.478642
1515100417.4790728
1515100418.5148387
1515100418.5148673
1515100419.5032
1515100419.5035796
1515100420.4742122
1515100420.4742405
1515100421.7206323
1515100421.7206829
1515100422.960517
1515100422.9606178
1515100424.3195667
1515100424.3195984
1515100425.5956533
1515100425.595948
1515100426.8216026
1515100426.821643
1515100428.1449935
1515100428.145324
1515100429.4816177
1515100429.4816585
1515100430.6583028
1515100430.6583343
1515100431.8452044
1515100431.8452446
1515100433.1247094
1515100433.12474
1515100434.5956783
1515100434.5961359
1515100436.3935544
1515100436.3935876
1515100437.9342856
1515100437.934738
1515100439.4858103
1515100439.4858332
1515100441.3149755
1515100441.3150089
1515100442.4815352
1515100442.4815736
1515100443.7974708
1515100443.7975078
1515100445.0992825
1515100445.0993168
1515100446.2851207
1515100446.2852325
1515100447.6832159
1515100447.683249
1515100448.8302155
1515100448.8302622
1515100449.9459183
1515100449.946792
1515100451.2833996
1515100451.2834353
1515100452.6063676
1515100452.6064014
1515100453.977308
1515100453.9773488
1515100455.7074506
1515100455.7074816
1515100457.3727481
1515100457.3727787
1515100458.8884199
1515100458.8884478