
1515100333.3000267
1515100340.2890651
1515100340.289113
1515100342.8918586
1515100342.891918
1515100344.7999802
1515100344.8000247
1515100346.5319948
1515100346.5320492
1515100347.6811671
1515100347.6812084
1515100348.815596
1515100348.815622
1515100350.1386728
1515100350.139018
1515100351.3940222
1515100351.3940506
1515100352.4879212
1515100352.4879568
1515100353.4879017
1515100353.4879417
1515100354.7466323
1515100354.746666
1515100355.953134
1515100355.9538243
1515100356.8309739
1515100356.8310118
1515100357.8332212
1515100357.833252
1515100358.945462
1515100358.9454918
1515100360.0898242
1515100360.0901623
1515100361.066474
1515100361.0665097
1515100362.1264484
1515100362.12651
1515100363.5964508
1515100363.5968366
1515100364.8168046
1515100364.8168356
1515100366.789403
1515100366.7894428
1515100367.9577405
1515100367.9577792
1515100369.1344395
1515100369.1348133
1515100370.5511642
1515100370.551222
1515100372.567555
1515100372.5678747
1515100374.2948182
1515100374.2948482
1515100375.759999
1515100375.7600348
1515100376.8533301
1515100376.8533604
1515100378.0537007
1515100378.054151
1515100378.766505
1515100380.2052305
1515100380.2053533
1515100381.4558356
1515100381.4559073
1515100382.6978421
1515100382.6978862
1515100383.7621791
1515100383.7627795
1515100384.8587632
1515100384.858796
1515100386.083119
1515100386.0831604
1515100387.3524098
1515100387.3528812
1515100388.5700824
1515100388.5701075
1515100389.640981
1515100389.6413908
1515100390.714227
1515100390.714257
1515100391.8210535
1515100391.8210824
1515100392.9948218
1515100392.9948523
1515100394.1005716
1515100394.1006038
1515100395.332363
1515100395.3329306
1515100396.409323
1515100396.4093528
1515100397.3986416
1515100397.3986762
1515100398.525238
1515100398.525269
1515100399.9695773
1515100399.969614
1515100401.4668818
1515100401.4669168
1515100403.0542328
1515100403.0542653
1515100404.1735513
1515100404.1735826
1515100405.432514
1515100405.4329174
1515100406.9295852
1515100406.9296138
1515100408.3939328
1515100408.3939645
1515100409.8414958
1515100409.841531
1515100411.5930827
1515100411.5931108
1515100413.2792325
1515100413.2793481
1515100414.879476
1515100414.8795063
1515100416.4470487
1515100416.4470892
1515100417.8256657
1515100417.8256989
1515100419.29805
1515100419.2981634
1515100420.672083
1515100420.6721232
1515100421.9481666
1515100421.9481976
1515100423.0911837
1515100423.0912106
1515100424.3685853
1515100424.3686821
1515100425.6714058
1515100425.6716669
1515100426.8066761
1515100426.8067088
1515100428.0948465
1515100428.0948699
1515100429.310658
1515100429.3106937
1515100430.0897126
1515100430.0898333
1515100432.2066748
1515100432.2067094
1515100433.325587
1515100433.3256137
1515100434.5983708
1515100434.598397
1515100436.4616253
1515100436.4616652
1515100437.799818
1515100437.799848
1515100439.2117593
1515100439.2117987
1515100440.9299526
1515100440.9299853
1515100443.0211585
1515100443.0211887
1515100444.6221468
1515100444.622177
1515100446.056216
1515100446.0562603
1515100447.5071726
1515100447.5072083
1515100448.9561846
1515100448.9562216
1515100450.3109822
1515100450.3110108
1515100451.6195695
1515100451.6195982
1515100452.8183336
1515100452.8187509
1515100454.242754
1515100454.24279
1515100455.6290178
1515100455.6290479
1515100457.046705
1515100457.0467381
1515100458.1981776
1515100458.1982238
1515100459.5702336
1515100459.5702667
1515100460.695488
1515100460.6955228
1515100461.692092
1515100461.6921194
1515100462.8854043
1515100462.8854468
1515100463.9323566
1515100463.932385
1515100465.0626574
1515100465.0630534
1515100465.9288747
1515100465.9289107
1515100466.928539
1515100466.928584
1515100467.4771307