
1515100333.2809386
1515100339.9607465
1515100339.9607794
1515100341.7310798
1515100341.7311118
1515100343.0631313
1515100343.0631602
1515100344.2574897
1515100344.2578251
1515100345.385818
1515100345.3858566
1515100346.482545
1515100346.4825745
1515100347.598396
1515100347.598433
1515100348.6522768
1515100348.6523247
1515100350.7584264
1515100350.7584617
1515100352.9088924
1515100352.908925
1515100354.553341
1515100354.553368
1515100356.4877336
1515100356.4877863
1515100358.262159
1515100358.262201
1515100360.0555193
1515100360.0555532
1515100361.59057
1515100361.591357
1515100363.0121922
1515100363.012232
1515100364.7981138
1515100364.7981484
1515100366.3417556
1515100366.341794
1515100368.304713
1515100368.3047426
1515100370.1431012
1515100370.1431487
1515100371.6759453
1515100371.6759748
1515100372.9074337
1515100372.907462
1515100374.2553723
1515100374.255464
1515100375.610568
1515100375.6106186
1515100376.7552192
1515100376.755257
1515100378.4486465
1515100378.4486794
1515100380.1361248
1515100380.1361594
1515100381.6958323
1515100381.695879
1515100383.1316278
1515100383.1316562
1515100384.326238
1515100384.3262663
1515100385.609491
1515100385.6095293
1515100387.0528507
1515100387.0528855
1515100388.3939676
1515100388.3940022
1515100389.6990118
1515100389.6990423
1515100391.091869
1515100391.0919409
1515100392.3104842
1515100392.3106089
1515100393.8132343
1515100393.8132596
1515100395.4564767
1515100395.456506
1515100396.8249755
1515100396.825518
1515100398.2130723
1515100398.2131393
1515100399.664466
1515100399.6644955
1515100401.2953398
1515100401.2953694
1515100402.466038
1515100402.4660673
1515100403.606628
1515100403.6066663
1515100404.7753336
1515100404.775724
1515100405.7413821
1515100405.7414205
1515100407.0182168
1515100407.0182707
1515100408.2815847
1515100408.2816343
1515100409.245927
1515100409.2459693
1515100410.313662
1515100410.3136966
1515100411.562034
1515100411.5620675
1515100412.6779768
1515100412.6780376
1515100414.0035608
1515100414.0035927
1515100415.370024
1515100415.3700538
1515100416.571846
1515100416.5722024
1515100417.8044312
1515100417.8044958
1515100419.21653
1515100419.2165618
1515100420.8847058
1515100420.8847382
1515100422.5929625
1515100422.5929947
1515100424.1440148
1515100424.1440625
1515100425.5988753
1515100425.5989063
1515100426.888531
1515100426.888559
1515100428.1847827
1515100428.184818
1515100429.6373694
1515100429.637428
1515100430.6578102
1515100430.6578982
1515100431.7804828
1515100431.7805152
1515100432.805286
1515100432.8053315
1515100433.9742155
1515100433.9742482
1515100434.9048781
1515100434.9049954
1515100436.0503464
1515100436.0508807
1515100437.2283578
1515100437.2287498
1515100438.5218256
1515100438.5218556
1515100439.6509154
1515100439.6509562
1515100440.7779973
1515100440.778027
1515100442.100601
1515100442.1006386
1515100443.5917337
1515100443.5929484
1515100444.9917274
1515100444.9917645
1515100446.4599376
1515100446.459967
1515100448.1465304
1515100448.1468928
1515100449.7865825
1515100449.786615
1515100451.2993734
1515100451.2994041
1515100452.618649
1515100452.6186934
1515100453.831392
1515100453.8314388
1515100455.1807342
1515100455.1807666
1515100456.4796903
1515100456.4797318
1515100457.5628924
1515100457.5629208
1515100458.5849302
1515100458.5849824
1515100459.7953818
1515100459.7954195
1515100461.240002
1515100461.2400508
1515100462.5738678
1515100462.5738978
1515100463.8947597
1515100463.894808
1515100465.0949395
1515100465.0952826
1515100466.0621247
1515100466.062158
1515100467.023116
1515100467.023151
1515100467.9449368
1515100467.9449759
1515100468.8507996
1515100468.850834
1515100469.5217943
1515100469.5218263
1515100470.6010294
1515100470.601059
1515100471.51531
1515100471.5153625
1515100472.2736068
1515100472.2736454
1515100472.984952
1515100472.984989
1515100473.9640765
1515100473.964113