
1515100333.290516
1515100338.920168
1515100338.9202113
1515100339.6052663
1515100339.6052911
1515100340.3917778
1515100340.3918095
1515100341.4074116
1515100341.4086163
1515100342.2779162
1515100342.277965
1515100343.225406
1515100343.2254975
1515100344.510807
1515100344.510832
1515100345.5998106
1515100345.5998468
1515100346.7859457
1515100346.7859857
1515100347.8955197
1515100347.8955574
1515100348.7745786
1515100348.775001
1515100349.9396784
1515100349.9397233
1515100350.810348
1515100350.8103864
1515100351.7282646
1515100351.7283165
1515100352.9922497
1515100352.9922776
1515100354.6073494
1515100354.6073968
1515100355.9800951
1515100355.9801219
1515100356.9085097
1515100356.9085414
1515100358.003514
1515100358.0035617
1515100359.0844064
1515100359.0844426
1515100360.3664653
1515100360.36681
1515100362.1126795
1515100362.1127138
1515100363.7578905
1515100363.7579181
1515100365.3403704
1515100365.340407
1515100366.6532948
1515100366.6533554
1515100367.89642
1515100367.8964498
1515100369.1174335
1515100369.1174693
1515100370.385463
1515100370.385495
1515100371.9063842
1515100371.9064164
1515100373.2777884
1515100373.2778175
1515100374.5241623
1515100374.5245473
1515100375.8369346
1515100375.8369658
1515100377.221545
1515100377.221631
1515100378.0589564
1515100378.0589907
1515100378.8623796
1515100378.8624103
1515100379.6985998
1515100379.6986353
1515100380.560484
1515100380.560524
1515100381.864556
1515100381.8645844
1515100383.2423675
1515100383.2424955
1515100384.4740326
1515100384.4740791
1515100385.8233714
1515100385.8234084
1515100387.0444987
1515100387.044795
1515100388.0834837
1515100388.0835228
1515100388.9821446
1515100388.9824696
1515100390.2251077
1515100390.225498
1515100391.4285939
1515100391.4286354
1515100392.4208038
1515100392.4212062
1515100393.7735777
1515100393.773602
1515100394.958658
1515100394.9591808
1515100395.9769666
1515100395.9772844
1515100397.0866368
1515100397.0866673
1515100398.1102753
1515100398.1103075
1515100399.0618198
1515100399.0622077
1515100399.9008918
1515100399.900934
1515100400.82421
1515100400.824693
1515100401.8380039
1515100401.8380382
1515100402.78772
1515100402.787754
1515100403.71024
1515100403.7102704
1515100404.9695284
1515100404.9698231
1515100406.500185
1515100406.5003006
1515100407.7209299
1515100407.7209752
1515100409.4346652
1515100409.4346948
1515100411.1574664
1515100411.157492
1515100412.695964
1515100412.6959977
1515100414.0046895
1515100414.0063322
1515100415.3998792
1515100415.3999262
1515100416.5557702
1515100416.5557978
1515100417.523057
1515100417.523088
1515100418.586035
1515100418.586063
1515100419.861532
1515100419.8615692
1515100421.2599285
1515100421.259967
1515100422.5505073
1515100422.5505457
1515100424.0052435
1515100424.0052788
1515100425.3652177
1515100425.3652518
1515100426.687854
1515100426.687925
1515100428.1599395
1515100428.159967
1515100429.866219
1515100429.8665762
1515100431.435206
1515100431.4355237
1515100433.1028788
1515100433.1029072
1515100435.1778154
1515100435.178336
1515100437.106631
1515100437.1066682
1515100438.771583
1515100438.7716188
1515100440.769059
1515100440.7690964
1515100442.335798
1515100442.3358293
1515100443.9981072
1515100443.998143
1515100445.681714
1515100445.6817641
1515100447.3105464
1515100447.3105795
1515100449.1037138
1515100449.10375
1515100450.8091292
1515100450.8091707
1515100452.3154116
1515100452.315503
1515100453.4889555
1515100453.48899
1515100454.7827244
1515100454.7827532
1515100456.040697
1515100456.0410414
1515100457.3326514
1515100457.3326843
1515100458.4101892
1515100458.4105558
1515100459.5177946
1515100459.5178208
1515100460.6218948
1515100460.6219501
1515100461.5969713
1515100461.5973203
1515100462.6733823
1515100462.6734135
1515100463.788855
1515100463.7892466
1515100464.7772446
1515100464.7772799
1515100465.5799048
1515100465.5799363
1515100466.7085676
1515100466.7086132
1515100467.6994631
1515100467.6998684
1515100468.2683194
1515100468.2683625
1515100469.238878
1515100469.2389097
1515100470.1066468
1515100470.1066763
1515100470.4768195