
1515100333.3072724
1515100340.644774
1515100340.6448064
1515100342.404327
1515100342.4043603
1515100344.078069
1515100344.0781012
1515100345.560046
1515100345.5600955
1515100347.1919844
1515100347.1928113
1515100348.8248622
1515100348.8248894
1515100350.3572476
1515100350.359288
1515100351.6854043
1515100351.6854324
1515100352.9613268
1515100352.9613585
1515100354.506766
1515100354.5068161
1515100356.5043821
1515100356.5044215
1515100358.100672
1515100358.1007006
1515100359.4642253
1515100359.464269
1515100360.7343366
1515100360.7343662
1515100362.0517905
1515100362.051821
1515100363.4490907
1515100363.4491408
1515100364.673145
1515100364.6731741
1515100365.8223495
1515100365.8223875
1515100367.1797812
1515100367.179821
1515100368.9224768
1515100368.9225066
1515100370.7369695
1515100370.7370002
1515100372.2339363
1515100372.2340534
1515100373.4409478
1515100373.4409845
1515100374.4773612
1515100374.4777145
1515100375.9263246
1515100375.9263566
1515100377.7295647
1515100377.7303283
1515100379.6153138
1515100379.615344
1515100381.0846565
1515100381.0846853
1515100382.5187624
1515100382.5187957
1515100383.9737413
1515100383.9737747
1515100385.4795547
1515100385.4795969
1515100386.801011
1515100386.8010461
1515100388.2441518
1515100388.2441895
1515100389.8164196
1515100389.8164556
1515100391.2619712
1515100391.2620363
1515100392.5208187
1515100392.5214765
1515100393.9466403
1515100393.9466796
1515100395.581107
1515100395.5818176
1515100397.1312695
1515100397.1313002
1515100398.6925633
1515100398.6926084
1515100400.5503447
1515100400.5503795
1515100402.163609
1515100402.163642
1515100403.5327413
1515100403.532773
1515100404.685289
1515100404.6853235
1515100405.7492335
1515100405.7492676
1515100407.0504441
1515100407.0504725
1515100408.3757825
1515100408.3760972
1515100409.492936
1515100409.4929614
1515100410.617375
1515100410.6174061
1515100411.658799
1515100411.6588295
1515100412.770036
1515100412.7700632
1515100413.8714912
1515100413.8719049
1515100415.1143594
1515100415.114398
1515100416.3885605
1515100416.3886554
1515100417.4767804
1515100417.4768188
1515100418.6511002
1515100418.6511285
1515100420.0440993
1515100420.045249
1515100421.475953
1515100421.4760017
1515100422.7287705
1515100422.7290645
1515100424.2861195
1515100424.2861533
1515100425.7245543
1515100425.724681
1515100427.0029147
1515100427.002954
1515100428.255091
1515100428.2551677
1515100429.8018725
1515100429.801905
1515100431.1852367
1515100431.1857543
1515100432.7111413
1515100432.7111766
1515100434.5615227
1515100434.5615573
1515100436.6124837
1515100436.6129153
1515100438.4456027
1515100438.4456491
1515100439.7266135
1515100439.726646
1515100440.9529874
1515100440.953018
1515100442.1991556
1515100442.1995535
1515100443.6851063
1515100443.6851358
1515100445.0380173
1515100445.0380514
1515100446.1820366
1515100446.1820624
1515100447.344212
1515100447.3445814
1515100448.3775601
1515100448.377596
1515100449.3719597
1515100449.3720515
1515100450.4942164
1515100450.4942448
1515100451.960573
1515100451.960608
1515100453.187489
1515100453.1875138
1515100454.6526418
1515100454.652678
1515100455.9192955
1515100455.9196572
1515100457.5025537
1515100457.5025854
1515100458.865354
1515100458.8653858
1515100460.1039581
1515100460.1039872
1515100461.3196168
1515100461.319652
1515100462.4302392
1515100462.4302828
1515100463.4647872
1515100463.4648182
1515100464.3848429
1515100464.3849475
1515100465.3965228
1515100465.3965526
1515100466.6221683
1515100466.622196
1515100467.0846925