
1515100333.2811654
1515100339.7997162
1515100339.7997603
1515100341.2881503
1515100341.2886522
1515100342.6828492
1515100342.6828947
1515100343.8789682
1515100343.8790143
1515100345.2876651
1515100345.2880325
1515100346.842852
1515100346.8429244
1515100348.7127564
1515100348.7127929
1515100350.3492436
1515100350.349697
1515100352.6199875
1515100352.6200457
1515100354.2230177
1515100354.2230692
1515100355.9776468
1515100355.9776824
1515100357.5420868
1515100357.5421157
1515100359.2932425
1515100359.2932782
1515100360.6889915
1515100360.6890385
1515100361.9941711
1515100361.9958231
1515100363.2389145
1515100363.2389512
1515100364.3913746
1515100364.3914087
1515100365.5714717
1515100365.5718148
1515100366.7700355
1515100366.770063
1515100368.0254881
1515100368.0255234
1515100369.154576
1515100369.1546
1515100370.2790515
1515100370.279087
1515100371.3678448
1515100371.3681948
1515100372.4428399
1515100372.442878
1515100373.7184308
1515100373.718884
1515100374.6142952
1515100374.6146014
1515100375.646646
1515100375.6466758
1515100376.6003656
1515100376.6004035
1515100378.0326383
1515100378.0326762
1515100379.565885
1515100379.5663261
1515100380.2890923
1515100381.8196216
1515100381.820565
1515100383.1668525
1515100383.166882
1515100384.37157
1515100384.3716028
1515100385.672729
1515100385.6727726
1515100386.7445476
1515100386.7445812
1515100388.3466575
1515100388.3467028
1515100390.0503726
1515100390.0503998
1515100391.7417347
1515100391.7417755
1515100393.2478178
1515100393.2478557
1515100395.2880054
1515100395.2889545
1515100397.225705
1515100397.22574
1515100399.058969
1515100399.0589979
1515100400.6008418
1515100400.60088
1515100401.7257092
1515100401.7257512
1515100402.6677465
1515100402.6683156
1515100403.5924826
1515100403.5925117
1515100404.556574
1515100404.5568955
1515100405.5713582
1515100405.5713866
1515100407.0040424
1515100407.004091
1515100408.534999
1515100408.5350266
1515100410.1524484
1515100410.1524856
1515100411.4670687
1515100411.4671078
1515100412.6433723
1515100412.6434083
1515100414.031181
1515100414.0318284
1515100415.4872065
1515100415.487238
1515100416.8919687
1515100416.8920004
1515100418.5842333
1515100418.584267
1515100420.036563
1515100420.0365946
1515100421.5913913
1515100421.5914211
1515100423.215082
1515100423.2151208
1515100424.8791187
1515100424.8791525
1515100426.5857205
1515100426.5864708
1515100428.1577954
1515100428.157823
1515100429.6957138
1515100429.695753
1515100430.944268
1515100430.944298
1515100432.5656195
1515100432.5656536
1515100434.157279
1515100434.1573045
1515100435.4416444
1515100435.4416814
1515100437.0210958
1515100437.0211258
1515100438.191331
1515100438.1919806
1515100439.7247112
1515100439.7247407
1515100441.5778468
1515100441.5778785
1515100443.412468
1515100443.4124932
1515100445.1258821
1515100445.1259148
1515100446.5118668
1515100446.5119257
1515100447.8856857
1515100447.8857186
1515100449.084673
1515100449.084701
1515100450.194285
1515100450.1946259
1515100451.5973184
1515100451.5973556
1515100453.1405363
1515100453.140567
1515100454.8259857
1515100454.8260272
1515100456.1581414
1515100456.1593485
1515100457.9850867
1515100457.9851105
1515100459.8579302
1515100459.8580377
1515100461.5489175
1515100461.5489528
1515100462.97785
1515100462.9778907
1515100464.13221
1515100464.1322465
1515100465.4231172
1515100465.42342
1515100466.8070128
1515100466.8070602
1515100467.9566908
1515100467.9567177
1515100469.1720626
1515100469.1720963
1515100470.2877855
1515100470.2879071
1515100471.2432497
1515100471.243712
1515100472.158798
1515100472.1588311
1515100472.9313664
1515100472.9314127
1515100473.9336507
1515100473.9340796
1515100474.6659043
1515100474.6659398
1515100475.0740569
1515100475.0740929
1515100475.6264958
1515100475.6265244
1515100476.2405438
1515100476.2405815
1515100476.8126316
1515100476.812668
1515100477.3287237
1515100477.328752
1515100477.6608508
1515100477.6608882
1515100477.9848895
1515100477.9849224
1515100478.3540957
1515100478.354133