
1515100333.3073199
1515100339.5793157
1515100339.5793455
1515100340.9503503
1515100340.9503818
1515100342.3089573
1515100342.308985
1515100343.7515671
1515100343.751603
1515100345.1373591
1515100345.1373987
1515100346.7403648
1515100346.7403977
1515100348.429631
1515100348.4307687
1515100350.1354213
1515100350.13581
1515100351.6671026
1515100351.667138
1515100352.9534066
1515100352.953446
1515100354.3303916
1515100354.3304343
1515100355.6494474
1515100355.6494808
1515100357.1815279
1515100357.1815698
1515100358.8616583
1515100358.861689
1515100360.3465495
1515100360.3466613
1515100361.9816532
1515100361.9819903
1515100363.5286174
1515100363.5286486
1515100365.2058122
1515100365.205945
1515100366.7441301
1515100366.7441764
1515100368.2371619
1515100368.2372997
1515100369.6410635
1515100369.6411
1515100371.1349075
1515100371.134943
1515100372.3034704
1515100372.3038568
1515100373.1506863
1515100373.1507266
1515100374.1354783
1515100374.1358328
1515100375.1621218
1515100375.162159
1515100375.9964676
1515100375.9965029
1515100376.8938417
1515100376.8938813
1515100377.8014727
1515100377.801762
1515100378.7439816
1515100378.7440443
1515100379.75003
1515100379.7503507
1515100380.5014799
1515100380.501786
1515100381.492764
1515100381.4928114
1515100382.415504
1515100382.415538
1515100383.3139338
1515100383.3142922
1515100384.2074285
1515100384.207452
1515100385.0152738
1515100385.0166247
1515100385.5457582
1515100386.3210196
1515100386.3213124
1515100387.2073574
1515100387.207423
1515100388.191231
1515100388.191293
1515100388.9576545
1515100388.9576828
1515100389.897349
1515100389.8976839
1515100390.7996924
1515100390.800063
1515100391.8160703
1515100391.8161094
1515100392.7769578
1515100392.7770686
1515100393.7788668
1515100393.7788935
1515100394.7394352
1515100394.7394795
1515100395.6850646
1515100395.6853812
1515100396.9144893
1515100396.9148703
1515100398.047705
1515100398.0477777
1515100399.139653
1515100399.1396885
1515100400.3235593
1515100400.3235986
1515100401.6190631
1515100401.6191096
1515100403.4140205
1515100403.4140556
1515100405.008963
1515100405.0090075
1515100406.6759367
1515100406.675981
1515100409.2941716
1515100409.294231
1515100411.127721
1515100411.1277525
1515100412.5255306
1515100412.5255816
1515100413.9682944
1515100413.9683335
1515100416.1521194
1515100416.152172
1515100417.9079092
1515100417.9079468
1515100419.5245855
1515100419.524618
1515100420.8224638
1515100420.8225207
1515100422.3564966
1515100422.3565311
1515100423.63691
1515100423.6369495
1515100425.0085757
1515100425.008603
1515100426.4279602
1515100426.4279943
1515100427.6987443
1515100427.6999674
1515100429.011755
1515100429.011794
1515100430.84392
1515100430.8439744
1515100432.5113363
1515100432.5113692
1515100434.2300925
1515100434.2301404
1515100435.7655356
1515100435.7659369
1515100437.388494
1515100437.3885252
1515100438.9837203
1515100438.9837692
1515100440.6641412
1515100440.6641765
1515100442.1778784
1515100442.1779158
1515100443.672406
1515100443.6724465
1515100445.107163
1515100445.10719
1515100446.4088879
1515100446.4094434
1515100447.8671792
1515100447.8672073
1515100449.3146973
1515100449.3147783
1515100450.8495975
1515100450.849637
1515100452.547097
1515100452.5471342
1515100454.07225
1515100454.0723178
1515100455.7320614
1515100455.7320888
1515100457.6921043
1515100457.6921408
1515100459.342116
1515100459.3421662
1515100460.549598
1515100460.5496302
1515100461.4741092
1515100461.4741619
1515100462.605708
1515100462.6057358
1515100463.1943557