
1515100333.2796433
1515100338.9413297
1515100338.941376
1515100339.727309
1515100339.7273552
1515100340.3904474
1515100340.3904874
1515100341.508671
1515100341.5087054
1515100342.4556828
1515100342.4557285
1515100343.2796643
1515100343.2802098
1515100344.5694463
1515100344.5694811
1515100345.7527
1515100345.7527475
1515100347.0431995
1515100347.043232
1515100348.3932762
1515100348.3935788
1515100349.9536135
1515100349.9536426
1515100351.142069
1515100351.1421134
1515100352.0295465
1515100352.02963
1515100353.01737
1515100353.017393
1515100354.0231586
1515100354.0236561
1515100354.9117248
1515100354.9117754
1515100356.2294776
1515100356.229603
1515100357.5096796
1515100357.50972
1515100358.979125
1515100358.9791508
1515100360.4519157
1515100360.4523528
1515100361.9282472
1515100361.9283018
1515100363.3648508
1515100363.3648868
1515100364.9010735
1515100364.9011114
1515100366.106067
1515100366.1064215
1515100367.3607683
1515100367.3607981
1515100368.7962549
1515100368.7963178
1515100370.3816214
1515100370.3816528
1515100372.247423
1515100372.2474713
1515100374.2202508
1515100374.2202895
1515100375.9183807
1515100375.9184096
1515100377.535265
1515100377.535309
1515100378.9684496
1515100378.9684782
1515100380.318329
1515100380.3184085
1515100381.8245015
1515100381.824536
1515100383.5012412
1515100383.5012984
1515100385.2338576
1515100385.2339025
1515100386.9850843
1515100386.985152
1515100388.5546677
1515100388.5549965
1515100390.1818264
1515100390.1818883
1515100391.8975203
1515100391.897551
1515100393.7611213
1515100393.7611523
1515100395.4212837
1515100395.421362
1515100396.8158445
1515100396.8159246
1515100398.253848
1515100398.2538874
1515100399.742692
1515100399.7427216
1515100401.2851167
1515100401.2851508
1515100403.2854102
1515100403.2854488
1515100404.7745316
1515100404.7746325
1515100406.0545874
1515100406.0546203
1515100407.313796
1515100407.3138294
1515100408.6965964
1515100408.6966307
1515100410.4155345
1515100410.415569
1515100412.0283654
1515100412.0283928
1515100413.5586925
1515100413.5587213
1515100415.107543
1515100415.1075678
1515100416.4431007
1515100416.4432125
1515100417.8382165
1515100417.8382473
1515100419.2591393
1515100419.259168
1515100420.3963878
1515100420.3964171
1515100421.525846
1515100421.5282264
1515100422.7997403
1515100422.800118
1515100424.3032103
1515100424.303245
1515100426.5257664
1515100426.525796
1515100428.1724179
1515100428.1724455
1515100429.8529212
1515100429.8532019
1515100431.4766877
1515100431.476766
1515100432.8989742
1515100432.899008
1515100434.4699497
1515100434.469986
1515100435.9132333
1515100435.9132662
1515100437.331864
1515100437.3319163
1515100438.972071
1515100438.9721003
1515100440.5729632
1515100440.5736263
1515100442.2016478
1515100442.2016757
1515100443.7531464
1515100443.7531786
1515100445.403424
1515100445.4034903
1515100447.1826816
1515100447.1833074
1515100448.8114505
1515100448.8114934
1515100450.429742
1515100450.429779
1515100452.4103928
1515100452.410421
1515100454.02231
1515100454.0223365
1515100455.667971
1515100455.668023
1515100457.4766574
1515100457.4767444
1515100459.0703187
1515100459.0703545
1515100460.2461627
1515100460.246195
1515100462.1690204
1515100462.1690705
1515100463.5854065
1515100463.5858228
1515100464.882065
1515100464.8820937
1515100466.2668831
1515100466.2669218
1515100467.3609707
1515100467.3610127
1515100468.1149325
1515100468.1150684
1515100469.3195994
1515100469.3196332
1515100470.404219
1515100470.4042497
1515100471.1265686
1515100471.126617
1515100471.812154
1515100471.8121889
1515100472.7470436
1515100472.7470837
1515100473.4043365
1515100473.404378
1515100473.7969506