
1515100333.2896419
1515100339.8452208
1515100339.8452601
1515100341.8204358
1515100341.8204722
1515100343.1498604
1515100343.149909
1515100344.9171379
1515100344.9177306
1515100346.6559236
1515100346.6559541
1515100348.353082
1515100348.35311
1515100349.8714852
1515100349.8715246
1515100351.0539792
1515100351.0540106
1515100352.2790396
1515100352.2790737
1515100353.6511297
1515100353.6514714
1515100354.9829736
1515100354.9830163
1515100356.28717
1515100356.2871974
1515100357.3872313
1515100357.3872645
1515100358.7103403
1515100358.7103777
1515100360.0884814
1515100360.0885296
1515100361.2614598
1515100361.2614973
1515100362.2676528
1515100362.2689302
1515100363.4898942
1515100363.4899256
1515100364.8505032
1515100364.8510005
1515100366.1097553
1515100366.1097798
1515100367.6417687
1515100367.6418002
1515100369.335302
1515100369.3353398
1515100370.7031593
1515100370.703208
1515100371.867441
1515100371.8674695
1515100372.8121996
1515100372.8127232
1515100373.4566884
1515100374.4883404
1515100374.488816
1515100375.7758045
1515100375.7758415
1515100377.6735952
1515100377.6736236
1515100379.482134
1515100379.4821653
1515100381.1539714
1515100381.154006
1515100382.7020466
1515100382.7020848
1515100384.234176
1515100384.2342126
1515100385.8304186
1515100385.830457
1515100387.1797483
1515100387.1797762
1515100388.629011
1515100388.6290462
1515100389.9141092
1515100389.9144688
1515100391.3076177
1515100391.3076513
1515100392.7394946
1515100392.7395265
1515100394.241663
1515100394.241704
1515100395.9852765
1515100395.9853115
1515100397.709477
1515100397.7095208
1515100399.6169467
1515100399.616981
1515100401.8522508
1515100401.85229
1515100404.1647117
1515100404.1647487
1515100405.7980807
1515100405.7983725
1515100407.2480204
1515100407.248115
1515100408.5437512
1515100408.5437832
1515100409.9350345
1515100409.9350617
1515100411.3386843
1515100411.3387146
1515100412.5465844
1515100412.5466163
1515100413.931508
1515100413.9315429
1515100415.751949
1515100415.7532794
1515100417.7789063
1515100417.7789443
1515100419.6597126
1515100419.6600583
1515100421.276282
1515100421.276671
1515100422.755715
1515100422.7560987
1515100424.230373
1515100424.230407
1515100425.6464381
1515100425.6464665
1515100427.115366
1515100427.1155043
1515100428.3669467
1515100428.367328
1515100429.8760464
1515100429.8760724
1515100431.389675
1515100431.3897035
1515100433.2671897
1515100433.2672923
1515100434.734435
1515100434.7356348
1515100436.3386989
1515100436.3387434
1515100437.818121
1515100437.8181517
1515100439.378655
1515100439.3786948
1515100441.0907328
1515100441.0912075
1515100442.338765
1515100442.3387923
1515100443.9054246
1515100443.9054525
1515100445.9898233
1515100445.9898624
1515100447.7368078
1515100447.7368417
1515100449.2970142
1515100449.2970936
1515100450.7316377
1515100450.7316785
1515100452.1994796
1515100452.1995208
1515100453.6881628
1515100453.6882029
1515100455.3579743
1515100455.3580801
1515100456.7165132
1515100456.7165518
1515100457.9155333
1515100457.9155586
1515100459.4915068
1515100459.4915328
1515100460.8068526
1515100460.8068848
1515100461.8690796
1515100461.8691075
1515100463.0469847
1515100463.0470243
1515100464.0956094
1515100464.0956476
1515100465.3698869
1515100465.370205
1515100466.4923532
1515100466.492395
1515100467.3583179
1515100467.3583548
1515100468.0394657
1515100468.0400767
1515100469.1117814
1515100469.112201
1515100469.9162138
1515100469.9162571
1515100470.8175406
1515100470.8175786
1515100471.740618
1515100471.74065
1515100472.7581198
1515100472.758184
1515100473.5980995
1515100473.598528
1515100474.1671813
1515100474.16727
1515100474.8679287
1515100474.867968
1515100475.349608
1515100475.3496463
1515100475.7431397
1515100475.7431922
1515100476.1174524