
1515100333.3037586
1515100340.0871341
1515100340.0871763
1515100341.9380987
1515100341.938129
1515100344.5064523
1515100344.5064802
1515100346.4795434
1515100346.4795828
1515100348.6328268
1515100348.6328697
1515100350.4634337
1515100350.4634643
1515100351.8937535
1515100351.8937979
1515100353.1699154
1515100353.1700115
1515100354.739183
1515100354.7392125
1515100356.2105756
1515100356.210671
1515100357.6820774
1515100357.68211
1515100359.1238718
1515100359.1239288
1515100360.3037813
1515100360.3038216
1515100361.7298636
1515100361.7302594
1515100362.8795295
1515100362.879559
1515100364.384099
1515100364.384132
1515100365.9050093
1515100365.9050493
1515100367.599384
1515100367.5994155
1515100369.4884753
1515100369.4885058
1515100371.181096
1515100371.1811337
1515100372.5890644
1515100372.5890944
1515100374.0552654
1515100374.055294
1515100375.3271768
1515100375.3275213
1515100376.4435015
1515100376.4435356
1515100377.2226248
1515100378.9106748
1515100378.9107013
1515100381.3163657
1515100381.3164127
1515100382.5564866
1515100382.5565298
1515100383.8382127
1515100383.8382533
1515100385.3396714
1515100385.3397036
1515100386.9026031
1515100386.9026356
1515100388.3304155
1515100388.3304539
1515100390.6103463
1515100390.6103756
1515100391.9493053
1515100391.9494011
1515100393.5154338
1515100393.5154724
1515100395.0147839
1515100395.0148232
1515100396.8620467
1515100396.8620813
1515100399.026297
1515100399.0263338
1515100400.9239144
1515100400.9239507
1515100403.0901496
1515100403.0901768
1515100404.4866722
1515100404.4872136
1515100405.7395568
1515100405.7395887
1515100407.0724978
1515100407.07253
1515100408.3946447
1515100408.3946717
1515100410.5457387
1515100410.5457697
1515100411.9450076
1515100411.9450443
1515100413.3115501
1515100413.3116407
1515100414.8513632
1515100414.851402
1515100416.2609367
1515100416.2609642
1515100417.930383
1515100417.9304118
1515100419.4842618
1515100419.4842918
1515100421.0107038
1515100421.0107327
1515100422.2496696
1515100422.2500925
1515100423.3793652
1515100423.3794036
1515100424.9302402
1515100424.930277
1515100426.5003517
1515100426.50038
1515100428.3255138
1515100428.325592
1515100430.0648744
1515100430.0649023
1515100431.8775296
1515100431.8775616
1515100433.300717
1515100433.3007493
1515100434.725403
1515100434.725494
1515100436.4549668
1515100436.4549985
1515100438.1335444
1515100438.1339104
1515100439.474502
1515100439.4745307
1515100440.9505591
1515100440.9505959
1515100442.2030458
1515100442.2030702
1515100443.5188458
1515100443.5188737
1515100445.0517678
1515100445.051796
1515100446.296028
1515100446.2960703
1515100447.7592344
1515100447.7592597
1515100449.2416863
1515100449.2417245
1515100450.6068943
1515100450.6069353
1515100451.8967144
1515100451.8967454
1515100453.0599136
1515100453.0603092
1515100454.313923
1515100454.3139527
1515100455.6199775
1515100455.6207988
1515100456.7687964
1515100456.7688339
1515100457.7752066
1515100457.775246
1515100458.9962091
1515100458.996526
1515100460.036725
1515100460.0367527
1515100461.375656
1515100461.375794
1515100462.5913618
1515100462.5913913
1515100463.8523643
1515100463.852399
1515100464.9124017
1515100464.912735
1515100466.010503
1515100466.0105398
1515100466.995012
1515100466.9950535
1515100467.8869576
1515100467.8873007
1515100469.0194895
1515100469.0195224
1515100469.9807072
1515100469.9807358
1515100470.9563956
1515100470.9564314
1515100471.7877982
1515100471.7878325
1515100472.7996821
1515100472.7997239
1515100473.7800877
1515100473.7804246
1515100474.435111
1515100474.4354827
1515100475.0165892
1515100475.0166242
1515100475.6958323
1515100475.6958659
1515100476.2789826
1515100476.2790115
1515100476.8811603
1515100476.8811896
1515100477.4560604
1515100477.456095
1515100477.9049392
1515100477.9049716
1515100478.2789605
1515100478.2789986
1515100478.5844283
1515100478.5844655
1515100478.8981028
1515100478.8981278
1515100479.2674804
1515100479.267513
1515100479.6236281
1515100479.6236594