
1515100333.2873178
1515100339.4916956
1515100339.4917417
1515100340.1653254
1515100340.165355
1515100341.0288575
1515100341.0288906
1515100341.6543396
1515100341.6543787
1515100342.4492757
1515100342.449309
1515100343.2066996
1515100343.2076063
1515100344.226242
1515100344.2263544
1515100345.3117185
1515100345.3118074
1515100346.4102702
1515100346.4103034
1515100347.535123
1515100347.535156
1515100348.814098
1515100348.8141406
1515100350.2203257
1515100350.2203581
1515100351.6577752
1515100351.6578166
1515100353.005143
1515100353.0051718
1515100354.6604106
1515100354.6607585
1515100356.2905731
1515100356.29068
1515100357.8964224
1515100357.8964484
1515100359.3434913
1515100359.343838
1515100360.4982889
1515100360.4986384
1515100361.8549042
1515100361.854935
1515100363.1594963
1515100363.1595392
1515100364.4636407
1515100364.463683
1515100365.6611805
1515100365.6617522
1515100366.849165
1515100366.849196
1515100368.06372
1515100368.06376
1515100369.2175086
1515100369.217819
1515100370.7817657
1515100370.781793
1515100371.4604304
1515100372.670826
1515100372.670857
1515100374.8542554
1515100374.8543
1515100376.9020994
1515100376.9021437
1515100378.6104655
1515100378.6108959
1515100380.1374207
1515100380.1374462
1515100381.9151924
1515100381.9170914
1515100383.553971
1515100383.5540044
1515100385.3098176
1515100385.3098629
1515100387.0623403
1515100387.0623665
1515100388.576467
1515100388.5764992
1515100390.0367956
1515100390.0368578
1515100391.8430853
1515100391.8431153
1515100393.7856348
1515100393.7856624
1515100395.726651
1515100395.7266784
1515100397.7783391
1515100397.7783906
1515100400.1329107
1515100400.133399
1515100402.022726
1515100402.0227604
1515100403.8354309
1515100403.8354657
1515100405.491986
1515100405.492338
1515100407.0121732
1515100407.0122104
1515100408.5529594
1515100408.553003
1515100410.2794967
1515100410.2795296
1515100411.8877354
1515100411.8877742
1515100413.3860443
1515100413.3861248
1515100414.5597243
1515100414.5597591
1515100415.720425
1515100415.7204595
1515100417.007566
1515100417.007609
1515100418.5784392
1515100418.578468
1515100420.033315
1515100420.033344
1515100421.403521
1515100421.4035518
1515100422.5332444
1515100422.5341992
1515100423.8546197
1515100423.854654
1515100425.1140072
1515100425.1140409
1515100426.5542977
1515100426.554321
1515100428.0298698
1515100428.0299015
1515100429.572712
1515100429.5727468
1515100430.9343967
1515100430.9344363
1515100432.5710711
1515100432.5711017
1515100434.1966019
1515100434.196632
1515100435.9932737
1515100435.9937387
1515100437.247824
1515100437.2478597
1515100438.341807
1515100438.3418381
1515100439.281592
1515100439.2816873
1515100441.83395
1515100441.8339837
1515100443.3807144
1515100443.380746
1515100444.8237002
1515100444.823742
1515100446.39832
1515100446.3983638
1515100447.9243894
1515100447.9246757
1515100449.3519537
1515100449.3519866
1515100450.7038648
1515100450.7042527
1515100451.9727993
1515100451.9728286
1515100453.312193
1515100453.3122866
1515100454.7861202
1515100454.7861526
1515100456.2411711
1515100456.2412002
1515100457.9009423
1515100457.9009728
1515100459.4471064
1515100459.44714
1515100460.7972672
1515100460.7972968
1515100461.9052362
1515100461.9052646
1515100463.098887
1515100463.098918
1515100464.1452668
1515100464.1452944
1515100465.332327
1515100465.3326488
1515100466.5719407
1515100466.5719726
1515100467.5460944
1515100467.5461278
1515100468.1712341
1515100468.1713371
1515100469.1686368
1515100469.168665
1515100470.0279858
1515100470.0280197
1515100470.7616565
1515100470.7620232
1515100471.624659
1515100471.6247036
1515100472.6381907
1515100472.6382236
1515100473.157134
1515100473.157172
1515100473.9937444
1515100473.9937744
1515100474.8560128
1515100474.856066
1515100475.533747
1515100475.5337858
1515100476.2360907
1515100476.2361352
1515100476.8652768
1515100476.865315
1515100477.479864
1515100477.4799213
1515100477.8781228
1515100477.8785124
1515100478.0280676