
1515061453.4333396
1515061454.470975
1515061454.4710152
1515061454.4714193
1515061454.4715245
1515061454.81753
1515061454.8176265
1515061455.4785562
1515061455.478643
1515061455.974138
1515061455.9742312
1515061456.5963256
1515061456.5964334
1515061457.9172473
1515061457.9172769
1515061458.5221
1515061458.5221276
1515061459.0562654
1515061459.0563009
1515061459.4571798
1515061459.4572167
1515061459.9906523
1515061459.9906864
1515061460.6380198
1515061460.6380482
1515061461.28356
1515061461.2836034
1515061461.894155
1515061461.8941886
1515061462.635947
1515061462.6359851
1515061463.2901335
1515061463.2901642
1515061464.0414803
1515061464.0415292
1515061464.7595468
1515061464.759577
1515061465.32494
1515061465.3249793
1515061465.857815
1515061465.8578444
1515061466.304111
1515061466.304161
1515061466.78372
1515061466.783756
1515061467.3237545
1515061467.323788
1515061468.0057707
1515061468.0058
1515061468.7054298
1515061468.705477
1515061469.5105646
1515061469.5106406
1515061470.171324
1515061470.1713567
1515061470.7632737
1515061470.76331
1515061471.369422
1515061471.3694587
1515061471.9456725
1515061471.945701
1515061472.4140322
1515061472.4140873
1515061472.8030226
1515061472.8033245
1515061473.4273531
1515061473.4277585
1515061474.192742
1515061474.192774
1515061474.8312411
1515061474.831282
1515061475.4962134
1515061475.496242
1515061476.250544
1515061476.2505784
1515061476.9583821
1515061476.9584105
1515061477.6371298
1515061477.6371672
1515061478.4108105
1515061478.4108436
1515061479.0487127
1515061479.0492313
1515061479.6332788
1515061479.6333215
1515061480.361322
1515061480.3613577
1515061481.160108
1515061481.1601346
1515061481.8353474
1515061481.835388
1515061482.4725263
1515061482.472559
1515061483.2713346
1515061483.2713728
1515061483.913833
1515061483.9138641
1515061484.5814865
1515061484.58159
1515061485.3020198
1515061485.302045
1515061485.755585
1515061485.7556283
1515061486.3025904
1515061486.3026183
1515061486.897825
1515061486.8978775
1515061487.4479306
1515061487.447959
1515061488.084753
1515061488.0847895
1515061488.7662284
1515061488.766259
1515061489.4170523
1515061489.4170964
1515061490.282757
1515061490.2827852
1515061490.89143
1515061490.891727
1515061491.538275
1515061491.5382996
1515061492.1045403
1515061492.1045775
1515061492.5032506
1515061492.5032785
1515061493.1403477
1515061493.140388
1515061493.727785
1515061493.7278202
1515061494.2546773
1515061494.2547164
1515061494.6081688
1515061494.608204
1515061495.2848864
1515061495.284982
1515061495.9705098
1515061495.9705472
1515061496.3939817
1515061496.3940403
1515061496.7544835
1515061496.7545078
1515061497.3864949
1515061497.3865361
1515061498.0574224
1515061498.0574498
1515061498.51027
1515061498.510319
1515061498.8604434
1515061498.8604774
1515061499.4702742
1515061499.4703112
1515061500.1947486
1515061500.1947803
1515061500.8194258
1515061500.8194687
1515061501.3666816
1515061501.3667095
1515061501.7850814
1515061501.7851217
1515061502.474731
1515061502.4747653
1515061503.072131
1515061503.072164
1515061503.7313657
1515061503.7314045
1515061504.2386105
1515061504.2386482
1515061504.5913184
1515061504.5913494
1515061505.3034432
1515061505.3034809
1515061505.9402192
1515061505.9402523
1515061506.483923
1515061506.483971
1515061506.8798068
1515061506.879844
1515061507.3517385
1515061507.3517756
1515061507.8961499
1515061507.8961809
1515061508.4411993
1515061508.4412594
1515061508.9667833
1515061508.966825
1515061509.3110557
1515061509.3111002
1515061509.6464133
1515061509.646439