
1515061453.4118152
1515061454.2367346
1515061454.2367735
1515061454.7073016
1515061454.7073355
1515061455.103362
1515061455.1076093
1515061455.4172666
1515061455.4173055
1515061455.8359394
1515061455.8359702
1515061456.222406
1515061456.2224329
1515061456.611867
1515061456.611974
1515061457.4554143
1515061457.4554853
1515061458.0204358
1515061458.0204632
1515061458.6564968
1515061458.6565278
1515061459.3231268
1515061459.323168
1515061459.855069
1515061459.8551066
1515061460.2206855
1515061460.2207315
1515061460.687453
1515061460.687478
1515061461.3730206
1515061461.3730488
1515061462.1016645
1515061462.1017175
1515061462.7124205
1515061462.7124467
1515061463.3410268
1515061463.341055
1515061464.0607963
1515061464.060822
1515061464.7073307
1515061464.707364
1515061465.2836297
1515061465.2836585
1515061466.0871403
1515061466.087169
1515061466.6623213
1515061466.6623547
1515061467.1052723
1515061467.1053185
1515061467.4821396
1515061467.4821723
1515061467.9711099
1515061467.9711428
1515061468.4785697
1515061468.4786074
1515061468.8565273
1515061468.8565686
1515061469.4905763
1515061469.4906464
1515061470.0354798
1515061470.0355077
1515061470.4681027
1515061470.4681325
1515061470.8067405
1515061470.806775
1515061471.3468463
1515061471.3468745
1515061471.7724743
1515061471.7725022
1515061472.18226
1515061472.1822872
1515061472.6538439
1515061472.6542037
1515061473.0508785
1515061473.0509884
1515061473.4359095
1515061473.4359448
1515061474.1667182
1515061474.1667554
1515061474.6747792
1515061474.6748168
1515061475.0042925
1515061475.004332
1515061475.4688888
1515061475.4689238
1515061476.2501085
1515061476.2501323
1515061476.8896916
1515061476.8897252
1515061477.424693
1515061477.4247327
1515061477.8369715
1515061477.8369994
1515061478.4023886
1515061478.402417
1515061478.831278
1515061478.8313146
1515061479.27772
1515061479.2777474
1515061479.737194
1515061479.7372189
1515061480.336041
1515061480.3360677
1515061481.1383886
1515061481.1384284
1515061481.7876816
1515061481.7877178
1515061482.335016
1515061482.3350434
1515061482.697372
1515061482.6973996
1515061483.2886508
1515061483.2886853
1515061483.9210975
1515061483.9211211
1515061484.562476
1515061484.562554
1515061485.2645242
1515061485.2645555
1515061485.7285917
1515061485.7286296
1515061486.2432508
1515061486.243283
1515061486.7676563
1515061486.767688
1515061487.3054378
1515061487.3054647
1515061487.9721158
1515061487.972163
1515061488.368988
1515061488.3690193
1515061488.832017
1515061488.8320417
1515061489.4446275
1515061489.4446611
1515061490.1989079
1515061490.1989515
1515061490.7895997
1515061490.7896304
1515061491.1428084
1515061491.1428459
1515061491.6531432
1515061491.65317
1515061492.3543904
1515061492.3544242
1515061493.1267512
1515061493.1267803
1515061493.8066137
1515061493.8066406
1515061494.4212604
1515061494.4213104
1515061494.9387574
1515061494.9387975
1515061495.335424
1515061495.3354487
1515061496.0113645
1515061496.0113888
1515061496.6484396
1515061496.6485245
1515061497.2020612
1515061497.2021194
1515061497.5929058
1515061497.5929377
1515061498.090782
1515061498.0908136
1515061498.7626057
1515061498.7626312
1515061499.3930683
1515061499.393109
1515061499.8882182
1515061499.8882446
1515061500.2526007
1515061500.2526274
1515061500.93181
1515061500.9318385
1515061501.6013649
1515061501.6014032
1515061502.2847962
1515061502.2848234
1515061503.0824573
1515061503.0824852
1515061503.8129785
1515061503.8130093
1515061504.4859
1515061504.4859405
1515061505.1923528
1515061505.19239
1515061505.742798
1515061505.742838
1515061506.129908
1515061506.1299517
1515061506.6686976
1515061506.6687403
1515061507.2998354
1515061507.299858
1515061507.9069705
1515061507.9070005
1515061508.5163121
1515061508.5163553
1515061509.0409102
1515061509.0409513
1515061509.5803835
1515061509.5804133
1515061510.0103784
1515061510.0104084
1515061510.5045915
1515061510.50462
1515061510.9634933
1515061510.9640212
1515061511.3052554
1515061511.3052845
1515061511.5992582
1515061511.5992918
1515061511.9653676
1515061511.9654021
1515061512.3000016
1515061512.300051
1515061512.6051052
1515061512.6051369