
1515061453.4202106
1515061454.2678297
1515061454.2678592
1515061454.7736475
1515061454.7736766
1515061455.3384948
1515061455.3385267
1515061456.028186
1515061456.0282297
1515061456.4886496
1515061456.4886796
1515061456.781136
1515061456.7811587
1515061458.0122864
1515061458.0123267
1515061458.64079
1515061458.6408296
1515061459.3283665
1515061459.3283923
1515061459.9207518
1515061459.9207802
1515061460.246525
1515061460.246553
1515061460.7133007
1515061460.713341
1515061461.4252741
1515061461.4253037
1515061462.0917583
1515061462.0917852
1515061462.6787684
1515061462.6787958
1515061463.3219845
1515061463.3220212
1515061464.0389087
1515061464.0389311
1515061464.7312949
1515061464.731326
1515061465.3341925
1515061465.3342216
1515061465.8894427
1515061465.8894813
1515061466.4486344
1515061466.4486632
1515061466.780383
1515061466.7804108
1515061467.339297
1515061467.339331
1515061467.8407953
1515061467.8408332
1515061468.1496806
1515061468.1497037
1515061468.7654736
1515061468.7655177
1515061469.4084892
1515061469.4085238
1515061470.1006517
1515061470.1006851
1515061470.79802
1515061470.7980483
1515061471.5118766
1515061471.5119357
1515061472.1168027
1515061472.1168318
1515061472.6964633
1515061472.696505
1515061473.3773756
1515061473.37741
1515061474.1127896
1515061474.1128447
1515061474.5914195
1515061474.591448
1515061474.9397993
1515061474.9398382
1515061475.5045352
1515061475.5056334
1515061476.2613535
1515061476.2613833
1515061476.9965787
1515061476.9966042
1515061477.655006
1515061477.6550598
1515061478.3955562
1515061478.3956563
1515061478.9569907
1515061478.957413
1515061479.5467136
1515061479.5467455
1515061480.1655722
1515061480.165617
1515061480.501157
1515061480.501185
1515061481.1670537
1515061481.1670766
1515061481.8046088
1515061481.8046467
1515061482.3057892
1515061482.305828
1515061482.6738975
1515061482.6739464
1515061483.288615
1515061483.2886398
1515061483.8846955
1515061483.8847234
1515061484.4685116
1515061484.4685502
1515061484.9389257
1515061484.939208
1515061485.4345078
1515061485.4345415
1515061485.8119442
1515061485.8119838
1515061486.2955797
1515061486.2956235
1515061486.8142955
1515061486.8143237
1515061487.2914357
1515061487.2914631
1515061487.870496
1515061487.870529
1515061488.2544305
1515061488.2544706
1515061488.801766
1515061488.801792
1515061489.4459019
1515061489.4459307
1515061490.1824765
1515061490.1825168
1515061490.6282027
1515061490.6282482
1515061491.006181
1515061491.0062082
1515061491.6133444
1515061491.6133685
1515061492.3112261
1515061492.3112562
1515061493.1186256
1515061493.1186643
1515061493.7720046
1515061493.7720332
1515061494.4650652
1515061494.4651427
1515061495.275198
1515061495.2752273
1515061496.0426762
1515061496.0427134
1515061496.7357757
1515061496.7361405
1515061497.4461274
1515061497.4461553
1515061498.091848
1515061498.0918777
1515061498.716374
1515061498.7164292
1515061499.1882725
1515061499.1883156
1515061499.5273855
1515061499.5274568
1515061500.1820593
1515061500.1820846
1515061500.7346847
1515061500.734728
1515061501.0621934
1515061501.0622268
1515061501.6412556
1515061501.6412804
1515061502.2719634
1515061502.271993
1515061502.8014169
1515061502.8015323
1515061503.201464
1515061503.2014966
1515061503.8624377
1515061503.8624623
1515061504.5612495
1515061504.5613282
1515061505.2794209
1515061505.2794614
1515061505.8985553
1515061505.899044