
1515061453.4326632
1515061454.2379267
1515061454.2379646
1515061454.7842164
1515061454.7842445
1515061455.311594
1515061455.3116286
1515061455.796138
1515061455.7961774
1515061456.1274843
1515061456.127512
1515061456.6245985
1515061456.6246867
1515061457.4572191
1515061457.4572656
1515061458.1006937
1515061458.1007385
1515061458.598226
1515061458.5982826
1515061459.1402714
1515061459.140317
1515061459.5090508
1515061459.5090814
1515061460.0238407
1515061460.0239031
1515061460.6625028
1515061460.6625292
1515061461.3353841
1515061461.3354099
1515061461.9597309
1515061461.959759
1515061462.5383596
1515061462.5384002
1515061462.9063706
1515061462.9064066
1515061463.3242404
1515061463.3242698
1515061464.0302465
1515061464.0302696
1515061464.6771712
1515061464.6772099
1515061465.198129
1515061465.1981564
1515061465.5909462
1515061465.5909832
1515061466.0628908
1515061466.0629194
1515061466.719452
1515061466.7195065
1515061467.3111384
1515061467.311177
1515061467.7975373
1515061467.7978823
1515061468.147485
1515061468.147514
1515061468.7493382
1515061468.7493773
1515061469.3617628
1515061469.3617904
1515061469.518513
1515061470.125081
1515061470.125109
1515061470.6510093
1515061470.6510413
1515061470.9902163
1515061470.990248
1515061471.439708
1515061471.4397469
1515061471.88845
1515061471.8884776
1515061472.328203
1515061472.328234
1515061472.748945
1515061472.7489722
1515061473.3396022
1515061473.3400311
1515061474.0035348
1515061474.0035858
1515061474.3043368
1515061474.3043664
1515061474.8475273
1515061474.8475525
1515061475.3882003
1515061475.3882496
1515061475.681807
1515061475.6819048
1515061476.2747648
1515061476.2747867
1515061476.8644702
1515061476.8645024
1515061477.2368743
1515061477.236916
1515061477.6498368
1515061477.6498613
1515061478.2314286
1515061478.231456
1515061478.6687722
1515061478.6688008
1515061479.1578352
1515061479.1578825
1515061479.7031112
1515061479.7031426
1515061480.337891
1515061480.3379152
1515061481.1089685
1515061481.1089973
1515061481.5959027
1515061481.5959423
1515061481.9590406
1515061481.9590733
1515061482.5269315
1515061482.5269594
1515061483.2353811
1515061483.2354114
1515061483.8534758
1515061483.8535275
1515061484.4556782
1515061484.4557211
1515061484.9868202
1515061484.9868557
1515061485.580641
1515061485.5806687
1515061486.1419892
1515061486.1420255
1515061486.683711
1515061486.6837363
1515061487.190075
1515061487.190112
1515061487.745974
1515061487.7460098
1515061488.1514928
1515061488.1515307
1515061488.7520394
1515061488.7520702
1515061489.2589324
1515061489.2593517
1515061489.6093316
1515061489.6093607
1515061490.2574356
1515061490.2574794
1515061490.8698192
1515061490.8701236
1515061491.5590117
1515061491.5590398
1515061492.3392186
1515061492.339241
1515061493.1560845
1515061493.156118
1515061493.8183093
1515061493.8183372
1515061494.4830406
1515061494.4830668
1515061495.155105
1515061495.1551335
1515061495.506745
1515061495.5067985
1515061496.0279844
1515061496.0280159
1515061496.5924401
1515061496.5924685
1515061496.9239347
1515061496.923964
1515061497.3993995
1515061497.399435
1515061497.889778
1515061497.8898044
1515061498.2667344
1515061498.2667673
1515061498.7966623
1515061498.7967231
1515061499.4409902
1515061499.4410253
1515061500.1658256
1515061500.1658597
1515061500.7650235
1515061500.7650552
1515061501.1373467
1515061501.1373851
1515061501.619582
1515061501.6196191
1515061502.204361
1515061502.2043896
1515061502.694366
1515061502.6944036
1515061503.120126
1515061503.12015
1515061503.8224106
1515061503.8224347
1515061504.5142858
1515061504.5143116
1515061505.2425697
1515061505.2425976
1515061505.7886138
1515061505.7886593
1515061506.1496372
1515061506.1496656
1515061506.6724126
1515061506.6724403
1515061507.2114477
1515061507.211485
1515061507.7566326
1515061507.756665
1515061508.0555646
1515061508.055593
1515061508.3169484