
1515061453.4004714
1515061454.8468575
1515061454.8468976
1515061454.8472586
1515061454.8473506
1515061455.4602797
1515061455.4604206
1515061455.9761937
1515061455.9763403
1515061456.4124591
1515061456.4125495
1515061457.1273181
1515061457.1274269
1515061457.9659631
1515061457.9659915
1515061458.521883
1515061458.5219235
1515061459.1619236
1515061459.1619515
1515061459.578882
1515061459.5789351
1515061460.0498335
1515061460.04987
1515061460.6416543
1515061460.641695
1515061461.3366954
1515061461.33673
1515061462.0012918
1515061462.001337
1515061462.604068
1515061462.604098
1515061463.2669837
1515061463.2670274
1515061464.0508106
1515061464.0508373
1515061464.7626734
1515061464.7627087
1515061465.4857929
1515061465.4858212
1515061465.9748511
1515061465.9749029
1515061466.6006603
1515061466.60069
1515061467.102045
1515061467.1021
1515061467.5016046
1515061467.5016315
1515061468.0655022
1515061468.0655386
1515061468.7744436
1515061468.7744715
1515061469.4693856
1515061469.4694827
1515061470.142013
1515061470.1420436
1515061470.7639868
1515061470.7640254
1515061471.445912
1515061471.4459367
1515061471.9970667
1515061471.9971175
1515061472.501614
1515061472.5017025
1515061472.851619
1515061472.8516586
1515061473.431036
1515061473.4310582
1515061474.2009404
1515061474.2009768
1515061474.8841786
1515061474.8842268
1515061475.516861
1515061475.516958
1515061476.269315
1515061476.2693439
1515061476.8844864
1515061476.884525
1515061477.471235
1515061477.471268
1515061477.854162
1515061477.8542023
1515061478.3655195
1515061478.3655515
1515061478.8515332
1515061478.8520057
1515061479.2864897
1515061479.2865133
1515061479.7220626
1515061479.7221005
1515061480.46898
1515061480.4690049
1515061481.160869
1515061481.160912
1515061481.709474
1515061481.709508
1515061482.0234952
1515061482.0235395
1515061482.5437367
1515061482.543761
1515061483.1530628
1515061483.153112
1515061483.601746
1515061483.6017756
1515061483.9777474
1515061483.9777849
1515061484.5519536
1515061484.552035
1515061485.0730264
1515061485.0730746
1515061485.613547
1515061485.6135695
1515061486.1573424
1515061486.1573756
1515061486.6657455
1515061486.6657836
1515061487.127425
1515061487.1274695
1515061487.563183
1515061487.5632625
1515061488.07146
1515061488.0714989
1515061488.7575045
1515061488.7575297
1515061489.4246523
1515061489.4246943
1515061490.0163026
1515061490.016377
1515061490.351899
1515061490.3519373
1515061490.9488924
1515061490.9489179
1515061491.5821316
1515061491.5821702
1515061492.3138146
1515061492.313839
1515061493.087087
1515061493.0871265
1515061493.7051115
1515061493.7051396
1515061494.106148
1515061494.1061928
1515061494.5226276
1515061494.5226507
1515061495.261008
1515061495.2610488
1515061495.8316603
1515061495.8316967
1515061496.1780486
1515061496.178089
1515061496.7236934
1515061496.723721
1515061497.3402617
1515061497.3403
1515061497.8763785
1515061497.876406
1515061498.223961
1515061498.2240002
1515061498.7596192
1515061498.7596505
1515061499.4331124
1515061499.433149
1515061500.2099392
1515061500.2099667
1515061500.888757
1515061500.888803
1515061501.5542629
1515061501.5542965
1515061502.1007683
1515061502.1008112
1515061502.523431
1515061502.5234578
1515061503.0935338
1515061503.093567
1515061503.810794
1515061503.8108253
1515061504.4497461
1515061504.4498188
1515061505.096747
1515061505.0967867
1515061505.4520292
1515061505.4520855
1515061505.997288
1515061505.9973152
1515061506.5400932
1515061506.5401576
1515061506.988558
1515061506.9885871
1515061507.5047038
1515061507.504756
1515061507.9589117
1515061507.9589403
1515061508.5257828
1515061508.5258193
1515061509.0645127
1515061509.064541
1515061509.551613
1515061509.5516605
1515061509.974815
1515061509.9748526
1515061510.409074
1515061510.4091356
1515061510.764474
1515061510.7649875
1515061511.127084
1515061511.1271224
1515061511.4754605
1515061511.4754977
1515061511.8390286
1515061511.839073
1515061512.192291
1515061512.1923199