
1515061453.4077911
1515061454.225319
1515061454.2253525
1515061454.787553
1515061454.7875776
1515061455.369583
1515061455.3696074
1515061455.8439484
1515061455.8439739
1515061456.1667573
1515061456.1667962
1515061456.6073434
1515061456.6074374
1515061457.5631206
1515061457.5631666
1515061458.0127652
1515061458.0127885
1515061458.580158
1515061458.580186
1515061459.2054672
1515061459.2054968
1515061459.6335478
1515061459.6335793
1515061460.0596106
1515061460.0596497
1515061460.6506484
1515061460.6506767
1515061461.4089048
1515061461.408932
1515061461.8839011
1515061461.8839319
1515061462.314373
1515061462.3144126
1515061462.7174017
1515061462.7174306
1515061463.312838
1515061463.312871
1515061464.0447526
1515061464.0447748
1515061464.7644522
1515061464.764492
1515061465.3895144
1515061465.3895395
1515061466.0273845
1515061466.02742
1515061466.7258341
1515061466.7258613
1515061467.3781002
1515061467.3781395
1515061468.036729
1515061468.0367522
1515061468.7683299
1515061468.7683537
1515061469.490323
1515061469.490405
1515061470.1483064
1515061470.1483555
1515061470.7413595
1515061470.7413921
1515061471.4073353
1515061471.407365
1515061471.9912145
1515061471.9912431
1515061472.495983
1515061472.496093
1515061472.8446517
1515061472.84468
1515061473.4390337
1515061473.4390585
1515061474.1872442
1515061474.187277
1515061474.8201673
1515061474.8202078
1515061475.5543177
1515061475.5543458
1515061476.2990682
1515061476.2990937
1515061476.9890993
1515061476.9891279
1515061477.6182761
1515061477.6183233
1515061478.4025712
1515061478.402597
1515061478.9607043
1515061478.9607325
1515061479.4498332
1515061479.4498723
1515061479.8490033
1515061479.8490546
1515061480.4305482
1515061480.4305809
1515061481.1686528
1515061481.1686752
1515061481.8663998
1515061481.866427
1515061482.5159225
1515061482.5159602
1515061483.2575142
1515061483.2575438
1515061483.910622
1515061483.910683
1515061484.5919285
1515061484.5919514
1515061485.2404675
1515061485.2405064
1515061485.7604089
1515061485.7604496
1515061486.3327937
1515061486.3328214
1515061486.9023693
1515061486.902395
1515061487.475854
1515061487.4759073
1515061488.1185038
1515061488.1188636
1515061488.7933843
1515061488.7934117
1515061489.4680629
1515061489.468107
1515061490.2679222
1515061490.2679594
1515061490.9621506
1515061490.9621792
1515061491.6138508
1515061491.6138787
1515061492.3473089
1515061492.3473325
1515061493.1468344
1515061493.1468716
1515061493.7907379
1515061493.7907684
1515061494.4773662
1515061494.4773922
1515061495.2875838
1515061495.287657
1515061495.9891455
1515061495.9891863
1515061496.5206885
1515061496.5207734
1515061496.8844106
1515061496.8844419
1515061497.4987574
1515061497.4987938
1515061498.1014004
1515061498.1014338
1515061498.6507595
1515061498.6507936
1515061499.032563
1515061499.032594
1515061499.5127444
1515061499.5127726
1515061500.213219
1515061500.213254
1515061500.8585172
1515061500.8585496
1515061501.447986
1515061501.4480088
1515061501.9307153
1515061501.9307473
1515061502.4804308
1515061502.480478
1515061503.0149145
1515061503.0149422
1515061503.537326
1515061503.5373633
1515061503.8676546
1515061503.8676841
1515061504.5170815
1515061504.5171134
1515061505.2588096
1515061505.2588413
1515061505.8688238
1515061505.8689194
1515061506.3099623
1515061506.3100002
1515061506.7281413
1515061506.728186
1515061507.4063923
1515061507.4064212
1515061507.966656
1515061507.9666805
1515061508.5592358
1515061508.5593107
1515061509.069813
1515061509.0698464
1515061509.6127238
1515061509.6127574
1515061510.0547981
1515061510.0548284
1515061510.5239027
1515061510.5239384
1515061510.9902434
1515061510.9902925
1515061511.3837073
1515061511.3837407
1515061511.6899107
1515061511.6899416
1515061512.020187
1515061512.0202184
1515061512.3125658
1515061512.3126009