
1515061453.4201045
1515061454.2586982
1515061454.2587585
1515061454.8056657
1515061454.805693
1515061455.3909416
1515061455.3909676
1515061455.997002
1515061455.9970434
1515061456.5653813
1515061456.56541
1515061456.9880948
1515061456.9881237
1515061457.5082083
1515061457.5082457
1515061458.1462724
1515061458.1463132
1515061458.6698315
1515061458.669862
1515061459.3013222
1515061459.301352
1515061459.7942884
1515061459.7943234
1515061460.1117396
1515061460.1117775
1515061460.6649911
1515061460.6650162
1515061461.3214216
1515061461.3214493
1515061461.8876474
1515061461.8876703
1515061462.5987675
1515061462.5988069
1515061463.27606
1515061463.2760878
1515061464.0247655
1515061464.0247948
1515061464.736953
1515061464.736976
1515061465.3879411
1515061465.387994
1515061466.0756545
1515061466.0756783
1515061466.74009
1515061466.7401178
1515061467.365988
1515061467.3660207
1515061468.0437348
1515061468.0437667
1515061468.7417722
1515061468.7418015
1515061469.4392967
1515061469.4393253
1515061470.1005476
1515061470.1005766
1515061470.700097
1515061470.700138
1515061471.267694
1515061471.2677236
1515061471.7442813
1515061471.7443287
1515061472.2599666
1515061472.2600045
1515061472.7329133
1515061472.732948
1515061473.4085965
1515061473.40862
1515061474.2026782
1515061474.2027187
1515061474.8092113
1515061474.8092513
1515061475.2664318
1515061475.2664688
1515061475.6136966
1515061475.6140769
1515061476.2638178
1515061476.2638412
1515061476.7853048
1515061476.7853355
1515061477.1227808
1515061477.1228251
1515061477.6273477
1515061477.6273708
1515061478.1834714
1515061478.1834958
1515061478.6009111
1515061478.6009388
1515061479.0895028
1515061479.0895417
1515061479.5719602
1515061479.5719936
1515061479.9393208
1515061479.9393954
1515061480.35827
1515061480.3583024
1515061480.9985232
1515061480.9985712
1515061481.3616557
1515061481.3616922
1515061481.8664725
1515061481.8664947
1515061482.4820247
1515061482.4820523
1515061483.1341171
1515061483.1341612
1515061483.5469582
1515061483.5469954
1515061483.9661424
1515061483.9661734
1515061484.515437
1515061484.5155234
1515061484.9897542
1515061484.989795
1515061485.545799
1515061485.5458276
1515061486.0021718
1515061486.0022097
1515061486.3899496
1515061486.3899775
1515061486.879837
1515061486.8798757
1515061487.3418925
1515061487.3419192
1515061487.8982568
1515061487.8982887
1515061488.263293
1515061488.263316
1515061488.8020482
1515061488.802073
1515061489.3811707
1515061489.3815196
1515061489.9791994
1515061489.97923
1515061490.360424
1515061490.3604639
1515061490.9286137
1515061490.9286423
1515061491.541707
1515061491.5417342
1515061492.2317998
1515061492.231837
1515061492.5933738
1515061492.5934026
1515061493.1415071
1515061493.141529
1515061493.750097
1515061493.7501254
1515061494.3205264
1515061494.3205564
1515061494.6189258
1515061494.6192646
1515061495.3170013
1515061495.3170247
1515061496.0538483
1515061496.0544856
1515061496.7346425
1515061496.734665
1515061497.3850374
1515061497.385064
1515061498.1047087
1515061498.1047313
1515061498.7457874
1515061498.7458243
1515061499.3609526
1515061499.360985
1515061499.9845219
1515061499.984924
1515061500.3005557
1515061500.3005831
1515061500.939511
1515061500.9395516
1515061501.6306653
1515061501.6306942
1515061502.2966533
1515061502.2966824
1515061503.0521765
1515061503.0522044
1515061503.7165952
1515061503.7166238
1515061504.1225376
1515061504.1225708
1515061504.5736992
1515061504.5737224
1515061505.3346653
1515061505.3346896
1515061505.9220426
1515061505.922071
1515061506.5806394
1515061506.5806649
1515061507.2345307
1515061507.2345583
1515061507.5455718