
1515061453.404659
1515061458.0246089
1515061458.0246356
1515061458.6663086
1515061458.6663318
1515061459.4315162
1515061459.4315574
1515061460.0178127
1515061460.0178576
1515061460.720319
1515061460.720343
1515061461.2769246
1515061461.2769625
1515061461.7452176
1515061461.7452457
1515061462.1118627
1515061462.111906
1515061462.6058547
1515061462.605888
1515061463.1494663
1515061463.149495
1515061463.5949118
1515061463.5949554
1515061464.2324278
1515061464.2324662
1515061464.7009802
1515061464.7010124
1515061465.1671288
1515061465.167177
1515061465.542722
1515061465.5427501
1515061465.9952788
1515061465.9953196
1515061466.587525
1515061466.5878024
1515061466.9952338
1515061466.9952672
1515061467.398018
1515061467.398058
1515061467.9905787
1515061467.9906068
1515061468.586313
1515061468.5863576
1515061468.8235526
1515061469.4768963
1515061469.4769766
1515061470.0542214
1515061470.0542622
1515061470.7067719
1515061470.7068098
1515061471.28748
1515061471.2875059
1515061471.690422
1515061471.690457
1515061472.1729283
1515061472.1729736
1515061472.7225952
1515061472.7226272
1515061473.3624756
1515061473.36252
1515061474.114569
1515061474.114601
1515061474.638945
1515061474.638975
1515061475.0187435
1515061475.0187786
1515061475.5212667
1515061475.5213401
1515061476.2479737
1515061476.2480037
1515061476.9164717
1515061476.9165
1515061477.4852238
1515061477.4852636
1515061478.016429
1515061478.016463
1515061478.478755
1515061478.4791827
1515061479.0383675
1515061479.0384026
1515061479.554933
1515061479.5549717
1515061480.0821116
1515061480.0821462
1515061480.4648159
1515061480.4648538
1515061481.1611345
1515061481.1611578
1515061481.827201
1515061481.8272424
1515061482.4004495
1515061482.4004776
1515061482.8271348
1515061482.8271708
1515061483.2753844
1515061483.2754176
1515061483.84745
1515061483.8474927
1515061484.3266819
1515061484.3267088
1515061484.679857
1515061484.6802597
1515061485.108663
1515061485.1086907
1515061485.6127214
1515061485.612759
1515061486.1321154
1515061486.1321511
1515061486.6356194
1515061486.6356473
1515061487.0592847
1515061487.059317
1515061487.56067
1515061487.5607755
1515061488.106117
1515061488.1061428
1515061488.7695904
1515061488.7696152
1515061489.334468
1515061489.334496
1515061489.8567114
1515061489.8567429
1515061490.2924702
1515061490.2924957
1515061490.889068
1515061490.8890996
1515061491.4658856
1515061491.465925
1515061491.869351
1515061491.8693871
1515061492.334416
1515061492.3344438
1515061493.052283
1515061493.0523374
1515061493.579205
1515061493.5792904
1515061493.9700267
1515061493.970064
1515061494.5196788
1515061494.5197039
1515061495.2523725
1515061495.2524037
1515061495.7951272
1515061495.7951682
1515061496.139528
1515061496.1395612
1515061496.687104
1515061496.6871316
1515061497.2982233
1515061497.2982547
1515061497.8020976
1515061497.8021264
1515061498.2303352
1515061498.2303777
1515061498.782268
1515061498.7822962
1515061499.4254453
1515061499.425473
1515061500.2063386
1515061500.2063634
1515061500.936226
1515061500.936251
1515061501.6244056
1515061501.6244297
1515061502.3118746
1515061502.3119166
1515061503.0930908
1515061503.0931184
1515061503.8400664
1515061503.8400948
1515061504.551652
1515061504.5516875
1515061505.332446
1515061505.3328645
1515061505.9398024
1515061505.9398472
1515061506.6359398
1515061506.6359806
1515061507.271663
1515061507.2716901
1515061507.9169738
1515061507.9170113
1515061508.52587
1515061508.5258954
1515061509.0989869
1515061509.0993195
1515061509.6275806
1515061509.6276085