
1515061453.3981555
1515061458.0640063
1515061458.0640364
1515061458.6280951
1515061458.6281319
1515061459.2334518
1515061459.2334797
1515061459.6476054
1515061459.6476293
1515061460.0639415
1515061460.0639658
1515061460.6406536
1515061460.6406875
1515061461.255298
1515061461.255333
1515061461.632091
1515061461.6321223
1515061462.0686128
1515061462.0686452
1515061462.6372447
1515061462.6372676
1515061463.175246
1515061463.1752717
1515061463.649377
1515061463.649677
1515061464.0898402
1515061464.0898685
1515061464.8946157
1515061464.8946545
1515061465.3674324
1515061465.3674595
1515061465.9454637
1515061465.9455028
1515061466.6346078
1515061466.634635
1515061467.2923806
1515061467.2924113
1515061467.74741
1515061467.7474396
1515061468.1273298
1515061468.127367
1515061468.659469
1515061468.6595092
1515061469.0294595
1515061469.029499
1515061469.5104704
1515061469.5105467
1515061470.1593459
1515061470.1593733
1515061470.7996724
1515061470.7996988
1515061471.557779
1515061471.5578084
1515061472.0485396
1515061472.0485718
1515061472.7079659
1515061472.7079937
1515061473.399939
1515061473.399967
1515061474.1383154
1515061474.1383467
1515061474.772571
1515061474.7726014
1515061475.2434468
1515061475.2434838
1515061475.6115265
1515061475.6115537
1515061476.2032766
1515061476.203308
1515061476.6030307
1515061476.6030614
1515061477.0363028
1515061477.0363421
1515061477.5683758
1515061477.5684063
1515061478.1752563
1515061478.1752791
1515061478.625873
1515061478.6259024
1515061479.1138332
1515061479.1138706
1515061479.6611876
1515061479.6612206
1515061480.3223877
1515061480.3224175
1515061481.155501
1515061481.1555352
1515061481.8416228
1515061481.8416467
1515061482.536593
1515061482.5366178
1515061483.2206151
1515061483.2206447
1515061483.825941
1515061483.8259726
1515061484.2098198
1515061484.2098722
1515061484.5911922
1515061484.5912197
1515061485.0765638
1515061485.0765939
1515061485.617034
1515061485.6170576
1515061486.1493556
1515061486.1493802
1515061486.624813
1515061486.6248457
1515061486.9929616
1515061486.9929929
1515061487.490243
1515061487.4902663
1515061488.0766373
1515061488.0766673
1515061488.6945045
1515061488.6945388
1515061488.9972098
1515061488.9993885
1515061489.4606574
1515061489.4606833
1515061490.257022
1515061490.2570512
1515061490.9208477
1515061490.9208806
1515061491.5360963
1515061491.5361304
1515061492.2711093
1515061492.271141
1515061493.0345669
1515061493.0345967
1515061493.5333056
1515061493.5333903
1515061493.8941498
1515061493.8941789
1515061494.5173466
1515061494.5173717
1515061495.3069859
1515061495.3070152
1515061495.9760182
1515061495.9760523
1515061496.6477456
1515061496.6477754
1515061497.3432105
1515061497.343236
1515061498.0712883
1515061498.0713167
1515061498.602062
1515061498.6020906
1515061498.9397054
1515061498.9397426
1515061499.6124492
1515061499.61254
1515061500.0910585
1515061500.0910864
1515061500.4402373
1515061500.440277
1515061500.9145408
1515061500.914569
1515061501.3984048
1515061501.3984363
1515061501.7841449
1515061501.7841768
1515061502.3109534
1515061502.3109775
1515061502.820188
1515061502.820211
1515061503.17079
1515061503.170818
1515061503.820015
1515061503.8200495
1515061504.5041637
1515061504.504192
1515061505.2053387
1515061505.20537
1515061505.6530647
1515061505.6531463
1515061506.0675611
1515061506.0675886
1515061506.5780172
1515061506.5780454
1515061507.0378885
1515061507.0379164
1515061507.5406315
1515061507.5406663
1515061507.9791012
1515061507.979129
1515061508.5224397
1515061508.522466
1515061509.034835
1515061509.0348704
1515061509.5339222
1515061509.533952
1515061509.9421742
1515061509.942205
1515061510.3702033
1515061510.3706453
1515061510.7478616
1515061510.7479067
1515061511.1239743
1515061511.124014
1515061511.4890652
1515061511.4891036
1515061511.8545763
1515061511.8546119
1515061512.2156312
1515061512.2156682
1515061512.5475218
1515061512.5475554
1515061512.8284132
1515061512.8284404
1515061513.1579096
1515061513.1579382
1515061513.4666505
1515061513.4666827
1515061513.7803993
1515061513.7804298
1515061514.0870395
1515061514.0870702
1515061514.4008496
1515061514.4008799
1515061514.567177