
1515061453.4229412
1515061454.1455112
1515061454.1455448
1515061454.549269
1515061454.5492966
1515061454.8845901
1515061454.8846197
1515061455.4006965
1515061455.400741
1515061455.9297822
1515061455.9298108
1515061456.4577157
1515061456.457752
1515061456.762046
1515061456.762075
1515061457.9788518
1515061457.9788866
1515061458.6223805
1515061458.6224144
1515061459.2625027
1515061459.2625313
1515061459.7985797
1515061459.7986076
1515061460.6802745
1515061460.6803021
1515061461.3390093
1515061461.339035
1515061461.803678
1515061461.8037155
1515061462.1709137
1515061462.170946
1515061462.6441402
1515061462.644169
1515061463.1521473
1515061463.1521857
1515061463.5792584
1515061463.5796244
1515061464.0874414
1515061464.0874674
1515061464.6799986
1515061464.680022
1515061465.1995645
1515061465.1995893
1515061465.6949728
1515061465.695012
1515061466.0871508
1515061466.0871775
1515061466.6658611
1515061466.6658845
1515061467.1832633
1515061467.1832986
1515061467.5285783
1515061467.5286202
1515061468.023398
1515061468.0234253
1515061468.7650206
1515061468.7650528
1515061469.4340909
1515061469.43412
1515061470.0202687
1515061470.0203066
1515061470.53621
1515061470.5362375
1515061470.921971
1515061470.922015
1515061471.5964127
1515061471.5964658
1515061472.1012292
1515061472.1012762
1515061472.69113
1515061472.6911614
1515061473.2506645
1515061473.2509878
1515061473.5918365
1515061473.591865
1515061474.1891086
1515061474.1891336
1515061474.7635827
1515061474.763615
1515061475.1901684
1515061475.190209
1515061475.5716834
1515061475.571711
1515061476.1949089
1515061476.1949394
1515061476.362928
1515061476.9956727
1515061476.9956958
1515061477.5259278
1515061477.5259647
1515061478.170482
1515061478.1705105
1515061478.68279
1515061478.6828182
1515061479.1581516
1515061479.1581743
1515061479.7081468
1515061479.7081816
1515061480.329154
1515061480.3291852
1515061481.0605414
1515061481.0605729
1515061481.4985864
1515061481.4986644
1515061481.9228415
1515061481.9228725
1515061482.513329
1515061482.5133874
1515061483.1236272
1515061483.123656
1515061483.485417
1515061483.4855046
1515061484.043047
1515061484.0430908
1515061484.6451788
1515061484.6452143
1515061485.2820559
1515061485.2820833
1515061485.8105216
1515061485.8105495
1515061486.331822
1515061486.331855
1515061486.8655446
1515061486.865572
1515061487.4014564
1515061487.4014847
1515061488.0121346
1515061488.012162
1515061488.556511
1515061488.557693
1515061488.8956535
1515061488.895683
1515061489.5201232
1515061489.520494
1515061490.2321496
1515061490.232177
1515061490.8893328
1515061490.88936
1515061491.5994158
1515061491.599443
1515061492.3486316
1515061492.3486547
1515061493.1639528
1515061493.1639762
1515061493.831621
1515061493.8316453
1515061494.5046306
1515061494.5046592
1515061495.2969272
1515061495.2969544
1515061496.0466928
1515061496.046716
1515061496.6991959
1515061496.6992192
1515061497.3787954
1515061497.3788216
1515061498.0174112
1515061498.017441
1515061498.4928029
1515061498.492841
1515061498.8726804
1515061498.8727236
1515061499.4465392
1515061499.4465687
1515061500.2007499
1515061500.200776
1515061500.9040134
1515061500.9040558
1515061501.4434123
1515061501.4434557
1515061501.9105637
1515061501.9105928
1515061502.4503562
1515061502.4503858
1515061503.0690966
1515061503.069124
1515061503.7542062
1515061503.7542346
1515061504.3982127
1515061504.3982553
1515061504.7571146
1515061504.7571528
1515061505.3119354
1515061505.3119586
1515061505.8713925
1515061505.8717418
1515061506.2420938
1515061506.2421265
1515061506.6975238
1515061506.6975513
1515061507.2990458
1515061507.2990737
1515061507.888394
1515061507.8884418
1515061508.4594498
1515061508.4594915
1515061509.045272
1515061509.0452967
1515061509.584857
1515061509.584884
1515061510.0109985
1515061510.011024
1515061510.5010514
1515061510.5010822
1515061510.908194
1515061510.9082446