
1515062666.3880007
1515062667.4986944
1515062667.4987242
1515062667.4987342
1515062667.4987423
1515062667.4987512
1515062667.498759
1515062667.4987671
1515062667.8839452
1515062667.8839731
1515062667.8839827
1515062667.8839905
1515062667.8839982
1515062667.884006
1515062667.884014
1515062668.323721
1515062668.323767
1515062668.3237846
1515062668.3237987
1515062668.3238118
1515062668.3238246
1515062668.3238375
1515062668.7643895
1515062668.764425
1515062668.7644386
1515062668.7644513
1515062668.7644653
1515062668.7644782
1515062668.7644901
1515062669.1507719
1515062669.1508086
1515062669.1508188
1515062669.150827
1515062669.1508348
1515062669.1508424
1515062669.15085
1515062669.736893
1515062669.7369182
1515062669.736928
1515062669.736936
1515062669.736944
1515062669.7369516
1515062669.7369595
1515062670.3314936
1515062670.3315506
1515062670.332975
1515062670.3330157
1515062670.3330524
1515062670.3330684
1515062670.3330836
1515062670.8141446
1515062670.8141732
1515062670.814183
1515062670.8141916
1515062670.8142
1515062670.8142085
1515062670.8142169
1515062671.3400295
1515062671.3400657
1515062671.3400803
1515062671.3400912
1515062671.3401012
1515062671.3401115
1515062671.3401213
1515062671.9793985
1515062671.9794228
1515062671.9794323
1515062671.9794405
1515062671.979448
1515062671.979456
1515062671.9794638
1515062672.7813976
1515062672.7814217
1515062672.7814329
1515062672.781441
1515062672.781449
1515062672.781457
1515062672.781465
1515062673.8436508
1515062673.8436801
1515062673.84369
1515062673.843698
1515062673.843706
1515062673.8437138
1515062673.8437216
1515062675.0765176
1515062675.0765579
1515062675.0765681
1515062675.0765762
1515062675.076585
1515062675.0765927
1515062675.0766006
1515062675.929703
1515062675.9297385
1515062675.9297552
1515062675.9297698
1515062675.9297838
1515062675.9297974
1515062675.929811
1515062676.7791421
1515062676.779176
1515062676.7791896
1515062676.779202
1515062676.7792141
1515062676.7792263
1515062676.7792385
1515062677.6559327
1515062677.6559613
1515062677.6563468
1515062677.6563709
1515062677.65638
1515062677.6563878
1515062677.6563957
1515062678.333335
1515062678.3333626
1515062678.3333724
1515062678.3333807
1515062678.3333886
1515062678.3333964
1515062678.3334043
1515062678.9653227
1515062678.96535
1515062678.9653594
1515062678.9653676
1515062678.9653754
1515062678.9653857
1515062678.9653935
1515062679.5888135
1515062679.5888417
1515062679.5888507
1515062679.588859
1515062679.5888672
1515062679.5888753
1515062679.588883
1515062680.0928218
1515062680.0928488
1515062680.09286
1515062680.0928698
1515062680.092879
1515062680.9829097
1515062680.9829373
1515062680.982947
1515062680.9829552
1515062680.9829633
1515062680.982971
1515062680.982979
1515062681.9639673
1515062681.9639924
1515062681.9640017
1515062681.9640107
1515062681.9640186
1515062681.9640262
1515062681.9640338
1515062682.9356196
1515062682.9356468
1515062682.935656
1515062682.9356642
1515062682.935672
1515062682.9356797
1515062682.9356873
1515062683.727952
1515062683.72798
1515062683.7279894
1515062683.7279978
1515062683.7280054
1515062683.7280133
1515062683.728021
1515062684.4418504
1515062684.4418807
1515062684.4418907
1515062684.4418988
1515062684.4419067
1515062684.4419143
1515062684.4419343
1515062685.0860007
1515062685.0863042
1515062685.0863209
1515062685.0863392
1515062685.086348
1515062685.086356
1515062685.0863638
1515062685.688863
1515062685.6888883
1515062685.6888978
1515062685.688906
1515062685.6889138
1515062685.6889215
1515062685.688929
1515062686.2432103
1515062686.2432382
1515062686.243248
1515062686.243256
1515062686.243264
1515062686.243272
1515062686.2432797
1515062686.3279133
1515062686.3279421
1515062686.3279521