
1515062666.4225938
1515062667.5416265
1515062667.5416555
1515062667.5416656
1515062667.5416737
1515062667.5416827
1515062667.5416906
1515062667.5416985
1515062668.2059176
1515062668.2059474
1515062668.2059577
1515062668.205966
1515062668.2059746
1515062668.2059827
1515062668.2059908
1515062668.9238634
1515062668.9239085
1515062668.9239209
1515062668.923929
1515062668.9239368
1515062668.9239447
1515062668.9239523
1515062669.6525443
1515062669.6526153
1515062669.652665
1515062669.652711
1515062669.6527565
1515062669.6528013
1515062669.652851
1515062670.463262
1515062670.463294
1515062670.4633076
1515062670.46332
1515062670.4633312
1515062670.4633424
1515062670.4633539
1515062671.0863616
1515062671.0863879
1515062671.0863972
1515062671.0864053
1515062671.0864131
1515062671.0864208
1515062671.0864286
1515062671.9574573
1515062671.9574852
1515062671.9574974
1515062671.9575076
1515062671.9575183
1515062671.9575279
1515062671.9575377
1515062672.758989
1515062672.7590148
1515062672.759024
1515062672.7590318
1515062672.7590396
1515062672.7590475
1515062672.7590551
1515062673.6559873
1515062673.656016
1515062673.6560278
1515062673.6561148
1515062673.6561658
1515062673.6561759
1515062673.6561837
1515062674.6259265
1515062674.6259604
1515062674.6259763
1515062674.62599
1515062674.626003
1515062674.6260157
1515062674.6260285
1515062675.3862062
1515062675.3862388
1515062675.3862493
1515062675.3862574
1515062675.386265
1515062675.3862727
1515062675.3862803
1515062676.0799332
1515062676.079962
1515062676.0799718
1515062676.07998
1515062676.0799878
1515062676.0799954
1515062676.0800033
1515062676.736076
1515062676.7361035
1515062676.736113
1515062676.736121
1515062676.7361293
1515062676.7361372
1515062676.736145
1515062677.4150627
1515062677.4150903
1515062677.4150999
1515062677.415108
1515062677.4151158
1515062677.4151237
1515062677.4151316
1515062678.2717576
1515062678.2717848
1515062678.271794
1515062678.2718022
1515062678.27181
1515062678.2718177
1515062678.2718253
1515062679.032065
1515062679.0320997
1515062679.03211
1515062679.0321186
1515062679.0321264
1515062679.0321343
1515062679.0321422
1515062679.7276857
1515062679.7277157
1515062679.7277257
1515062679.7277339
1515062679.7277417
1515062679.7277496
1515062679.7277575
1515062680.4438455
1515062680.4438748
1515062680.4439037
1515062680.4439132
1515062680.443921
1515062680.443929
1515062680.4439366
1515062681.0718727
1515062681.0719204
1515062681.0719314
1515062681.0719397
1515062681.0719476
1515062681.0719554
1515062681.071963
1515062681.8121636
1515062681.8121903
1515062681.8121996
1515062681.812208
1515062681.8122158
1515062681.8122237
1515062681.8122315
1515062682.3570771
1515062682.357107
1515062682.3571172
1515062682.3571258
1515062682.3571339
1515062682.357142
1515062682.3571503
1515062682.9732325
1515062682.973261
1515062682.9732718
1515062682.9732807
1515062682.9732893
1515062682.9732976
1515062682.9733062
1515062683.6053202
1515062683.6053503
1515062683.60536
1515062683.6053686
1515062683.6053765
1515062683.6053843
1515062683.6053922
1515062684.1568072
1515062684.156841
1515062684.1568527
1515062684.1568637
1515062684.1568718
1515062684.1568797
1515062684.1583922
1515062684.6882594
1515062684.6883352
1515062684.6883862
1515062684.688434
1515062684.6884801
1515062684.6885278
1515062684.6885731
1515062685.210353
1515062685.2103808
1515062685.2103903
1515062685.2103984
1515062685.2104063
1515062685.2104142
1515062685.2104218
1515062685.7171648
1515062685.7171912
1515062685.7172008
1515062685.7172084
1515062685.7172163
1515062685.7172236
1515062685.7172313
1515062686.1708474
1515062686.17088
1515062686.1708925
1515062686.170903
1515062686.170913
1515062686.1709228
1515062686.1709325
1515062686.308632
1515062686.3086555
1515062686.308665
1515062686.6384983
1515062686.638529
1515062686.6385427
1515062686.6385531
1515062686.638563
1515062686.6385725
1515062686.6385822
1515062686.9312484
1515062686.9312868
1515062686.9313002
1515062686.931312
1515062686.9313233
1515062686.9313345
1515062686.9313457
1515062686.9754362