
1515062666.402315
1515062667.753255
1515062667.7532928
1515062667.7533054
1515062667.7533162
1515062667.753327
1515062667.753337
1515062667.7533464
1515062668.554486
1515062668.554516
1515062668.5545254
1515062668.5545342
1515062668.5545418
1515062668.5545497
1515062668.5545573
1515062669.2818427
1515062669.2818768
1515062669.2818887
1515062669.2818968
1515062669.2819047
1515062669.2819123
1515062669.2819202
1515062670.1636693
1515062670.1636963
1515062670.1637068
1515062670.1637156
1515062670.1637256
1515062670.1637342
1515062670.1637425
1515062670.765569
1515062670.7656019
1515062670.7656143
1515062670.7656248
1515062670.7656348
1515062670.7656446
1515062670.7656543
1515062671.6979887
1515062671.698064
1515062671.698116
1515062671.6981642
1515062671.6982105
1515062671.6982563
1515062671.6983023
1515062672.6793673
1515062672.6794457
1515062672.6795204
1515062672.6795714
1515062672.679621
1515062672.679667
1515062672.6797128
1515062673.7207725
1515062673.7207978
1515062673.720807
1515062673.7208152
1515062673.7208233
1515062673.7208312
1515062673.7208388
1515062674.671956
1515062674.6719868
1515062674.6719992
1515062674.6720076
1515062674.6720157
1515062674.6720235
1515062674.6720312
1515062675.4674208
1515062675.4674537
1515062675.467463
1515062675.4674714
1515062675.4674792
1515062675.467487
1515062675.467495
1515062676.193676
1515062676.1937084
1515062676.1937237
1515062676.1937346
1515062676.1937451
1515062676.1937556
1515062676.193766
1515062676.8192933
1515062676.819382
1515062676.819446
1515062676.819505
1515062676.819562
1515062676.8196182
1515062676.820733
1515062677.7265446
1515062677.7266254
1515062677.7266412
1515062677.7266538
1515062677.7266674
1515062677.7266796
1515062677.7266912
1515062678.1051006
1515062678.1060636
1515062678.106079
1515062678.1067982
1515062678.106817
1515062678.106826
1515062678.1068337
1515062678.466577
1515062678.466604
1515062678.466614
1515062678.466622
1515062678.46663
1515062678.4666376
1515062678.4666457
1515062678.8920991
1515062678.8921218
1515062678.8921313
1515062678.8921394
1515062678.8921473
1515062678.892155
1515062678.8921628
1515062679.2545831
1515062679.2546153
1515062679.2546248
1515062679.254633
1515062679.254641
1515062679.2546487
1515062679.2546568
1515062679.7204175
1515062679.7204447
1515062679.7204545
1515062679.7204628
1515062679.720471
1515062679.7204788
1515062679.7204866
1515062680.5718083
1515062680.5718336
1515062680.571843
1515062680.5718508
1515062680.571859
1515062680.5718665
1515062680.5718741
1515062681.221407
1515062681.2214425
1515062681.2214527
1515062681.2214608
1515062681.221469
1515062681.2214766
1515062681.2214844
1515062682.0274925
1515062682.0275195
1515062682.0275292
1515062682.027537
1515062682.027545
1515062682.0275526
1515062682.0275605
1515062682.8250895
1515062682.8251128
1515062682.8255458
1515062682.8267138
1515062682.8267322
1515062682.826741
1515062682.826749
1515062683.1816611
1515062683.1816978
1515062683.181708
1515062683.1817162
1515062684.0036538
1515062684.0036845
1515062684.0036945
1515062684.003703
1515062684.003711
1515062684.0037189
1515062684.0037267
1515062684.5592566
1515062684.5592835
1515062684.559293
1515062684.5593014
1515062684.5593095
1515062684.5593174
1515062684.5593252
1515062684.7199225
1515062684.7199605