
1515062666.3983455
1515062667.5920413
1515062667.5920708
1515062667.5920808
1515062667.592089
1515062667.5920982
1515062667.592106
1515062667.5921137
1515062668.3669376
1515062668.3669662
1515062668.366976
1515062668.3669844
1515062668.3669925
1515062668.3670003
1515062668.3670082
1515062668.9910245
1515062668.9910522
1515062668.9910634
1515062668.9910715
1515062668.991079
1515062668.9910867
1515062668.9910946
1515062669.6848807
1515062669.6849568
1515062669.6850064
1515062669.6862514
1515062669.6863124
1515062669.6863592
1515062669.6864038
1515062670.4173725
1515062670.417395
1515062670.4174044
1515062670.4174123
1515062670.4174201
1515062670.4174278
1515062670.4174356
1515062671.23573
1515062671.2357564
1515062671.2357664
1515062671.2357745
1515062671.2357826
1515062671.2357905
1515062671.2357984
1515062671.6431122
1515062671.6431978
1515062671.6432552
1515062671.6433089
1515062671.6433623
1515062671.6446533
1515062671.6447256
1515062672.0654993
1515062672.0655284
1515062672.065538
1515062672.0655465
1515062672.0655544
1515062672.0655622
1515062672.0655699
1515062672.4997203
1515062672.4997518
1515062672.4997659
1515062672.499776
1515062672.4997854
1515062672.4997947
1515062672.499804
1515062672.942042
1515062672.9420726
1515062672.9420831
1515062672.942092
1515062672.9421005
1515062672.942109
1515062672.9421175
1515062673.3191051
1515062673.3191414
1515062673.3191562
1515062673.3191686
1515062673.3191807
1515062673.3191931
1515062673.3192053
1515062673.6951427
1515062673.6951704
1515062673.69518
1515062673.6951883
1515062673.695196
1515062673.6952035
1515062673.6952112
1515062674.0764947
1515062674.0765238
1515062674.0765333
1515062674.0765414
1515062674.0765502
1515062674.076558
1515062674.076566
1515062674.5444486
1515062674.5444765
1515062674.544486
1515062674.544494
1515062674.5445015
1515062674.5445094
1515062674.5445173
1515062674.9973216
1515062674.997352
1515062674.997363
1515062674.9973726
1515062674.9973822
1515062674.9973915
1515062674.9974005
1515062675.4063618
1515062675.4063876
1515062675.4063973
1515062675.4064326
1515062675.4064457
1515062675.406454
1515062675.4064622
1515062675.859582
1515062675.859606
1515062675.8596153
1515062675.8596237
1515062675.8596315
1515062676.7523823
1515062676.752507
1515062676.7525957
1515062676.7526784
1515062676.7527597
1515062676.75284
1515062676.7529197
1515062677.8239827
1515062677.8240407
1515062677.824058
1515062677.8240676
1515062677.8240764
1515062677.824085
1515062677.8240938
1515062678.796171
1515062678.7961957
1515062678.796207
1515062678.796217
1515062678.7962263
1515062678.7962358
1515062678.796245
1515062679.6559465
1515062679.6559722
1515062679.655981
1515062679.6559892
1515062679.655997
1515062679.6560047
1515062679.6560125
1515062680.365672
1515062680.3657026
1515062680.365714
1515062680.3657246
1515062680.365734
1515062680.3657434
1515062680.3657527
1515062681.252118
1515062681.2521431
1515062681.2521534
1515062681.2521613
1515062681.2521691
1515062681.2521765
1515062681.2521842
1515062682.0167553
1515062682.0167816
1515062682.0167906
1515062682.0167987
1515062682.0168064
1515062682.016814
1515062682.0168216
1515062682.9456995
1515062682.9457242
1515062682.9457335
1515062682.9457414
1515062682.9457493
1515062682.9457572
1515062682.9457648
1515062683.8764684
1515062683.8764954
1515062683.8767781
1515062683.8767955
1515062683.8768044
1515062683.8768127
1515062683.8768206
1515062684.789696
1515062684.7897222
1515062684.789732
1515062684.78974
1515062684.7897477
1515062684.7897553
1515062684.789763
1515062685.107562
1515062685.1075838
1515062685.1075933