
1515062666.3914263
1515062667.2427506
1515062667.2427847
1515062667.242796
1515062667.2428057
1515062667.2428164
1515062667.2428255
1515062667.2428343
1515062667.6928082
1515062667.6928372
1515062667.6928465
1515062667.6928546
1515062667.6928623
1515062667.6928701
1515062667.692878
1515062668.4673061
1515062668.467348
1515062668.4673607
1515062668.4673696
1515062668.4673774
1515062668.4673853
1515062668.467393
1515062668.903419
1515062668.9034548
1515062668.9034944
1515062668.903508
1515062668.9040987
1515062668.9041166
1515062668.9041293
1515062669.2606893
1515062669.2607286
1515062669.2607388
1515062669.260747
1515062669.2607548
1515062669.2607625
1515062669.2607703
1515062669.7556665
1515062669.7556942
1515062669.7557065
1515062669.7557175
1515062669.7557278
1515062669.7557385
1515062669.7557485
1515062670.3254762
1515062670.3255064
1515062670.3255162
1515062670.3255243
1515062670.325533
1515062670.3255408
1515062670.3255486
1515062670.983722
1515062670.9837549
1515062670.9837656
1515062670.983775
1515062670.9837835
1515062670.983792
1515062670.9838004
1515062671.9452426
1515062671.945278
1515062671.945292
1515062671.9453037
1515062671.945315
1515062671.945326
1515062671.945337
1515062672.86637
1515062672.866651
1515062672.8666675
1515062672.866677
1515062672.8666854
1515062672.8666935
1515062672.8667016
1515062673.6745465
1515062673.6745744
1515062673.6745863
1515062673.6745949
1515062673.674603
1515062673.6746109
1515062673.6746185
1515062674.5629401
1515062674.5629702
1515062674.5629804
1515062674.5629892
1515062674.5629976
1515062674.5630057
1515062674.5630138
1515062675.3144777
1515062675.3145096
1515062675.314522
1515062675.3145325
1515062675.3145456
1515062675.314556
1515062675.3145704
1515062676.2507179
1515062676.250745
1515062676.2507546
1515062676.250763
1515062676.2507708
1515062676.2507787
1515062676.2507865
1515062677.167105
1515062677.167139
1515062677.16715
1515062677.1671588
1515062677.1671674
1515062677.167176
1515062677.1671846
1515062678.343095
1515062678.3431227
1515062678.3431325
1515062678.3431408
1515062678.3431487
1515062678.3431566
1515062678.3431642
1515062679.228845
1515062679.2288673
1515062679.2288768
1515062679.2288852
1515062679.228893
1515062679.2289007
1515062679.2289088
1515062680.052607
1515062680.0526354
1515062680.0526485
1515062680.05266
1515062680.0526707
1515062680.0526812
1515062680.0526917
1515062680.9475389
1515062680.9475746
1515062680.9475887
1515062680.947601
1515062680.9476135
1515062680.9476256
1515062680.947638
1515062681.9265778
1515062681.9266102
1515062681.9266226
1515062681.9266334
1515062681.926644
1515062681.9266574
1515062681.926668
1515062682.8106952
1515062682.8197026
1515062682.819725
1515062682.8197343
1515062682.819743
1515062682.819751
1515062682.8197587
1515062683.5580935
1515062683.5581234
1515062683.5581334
1515062683.5581417
1515062683.5581498
1515062683.5581574
1515062683.558165
1515062684.4283223
1515062684.428365
1515062684.4283772
1515062684.4283872
1515062684.4283967
1515062684.4284062
1515062684.4284155
1515062685.1750834
1515062685.175117
1515062685.17513
1515062685.1751409
1515062685.1751516
1515062685.175162
1515062685.1751726
1515062685.7920277
1515062685.7920554
1515062685.7920702
1515062685.792079
1515062685.7920868
1515062685.792098
1515062685.7921062
1515062686.3064559
1515062686.3064783
1515062686.3064876
1515062686.3064957
1515062686.3065033
1515062686.3065112
1515062686.306519
1515062686.6749456
1515062686.6749675
1515062686.6749778
1515062686.6749868
1515062686.6749954
1515062686.6750038
1515062686.675012
1515062686.9798326
1515062686.9798577
1515062686.9798694
1515062686.9798791
1515062686.9799106
1515062686.9799204
1515062686.97993
1515062687.2792046
1515062687.2792342
1515062687.2792444
1515062687.2792532
1515062687.2792618
1515062687.279272
1515062687.2792807
1515062687.4605517
1515062687.4605918
1515062687.460607
1515062687.46062
1515062687.4606318
1515062687.6315143
1515062687.6315467
1515062687.6315572
1515062687.6315663
1515062687.631575