
1515062666.4148717
1515062667.6130822
1515062667.613113
1515062667.6131227
1515062667.6131308
1515062667.6131399
1515062667.6131477
1515062667.6131554
1515062668.3447688
1515062668.3448
1515062668.3448098
1515062668.344818
1515062668.344826
1515062668.3448336
1515062668.3448412
1515062669.0922139
1515062669.0922394
1515062669.09225
1515062669.092258
1515062669.0922656
1515062669.0922732
1515062669.0922806
1515062670.1852033
1515062670.185231
1515062670.1852417
1515062670.1852515
1515062670.1852622
1515062670.1852713
1515062670.18528
1515062671.130293
1515062671.1303203
1515062671.1303303
1515062671.130338
1515062671.1303456
1515062671.130353
1515062671.1303606
1515062671.65814
1515062671.6582265
1515062671.6582854
1515062671.658339
1515062671.6583898
1515062671.658441
1515062671.6584907
1515062672.0759294
1515062672.0759587
1515062672.0759695
1515062672.0759785
1515062672.0759892
1515062672.075998
1515062672.0760067
1515062672.5164673
1515062672.51649
1515062672.5164995
1515062672.5165076
1515062672.5165155
1515062672.5165231
1515062672.5165308
1515062673.12236
1515062673.1223917
1515062673.1224027
1515062673.1224108
1515062673.1224186
1515062673.1224263
1515062673.1224341
1515062674.2292187
1515062674.2292566
1515062674.2292666
1515062674.229275
1515062674.229283
1515062674.2292907
1515062674.2292984
1515062675.182302
1515062675.1823323
1515062675.182345
1515062675.1823545
1515062675.182364
1515062675.182373
1515062675.1823823
1515062676.0098546
1515062676.010215
1515062676.010236
1515062676.0102484
1515062676.0102599
1515062676.0102708
1515062676.0102816
1515062676.8060906
1515062676.8061714
1515062676.8062236
1515062676.8062716
1515062676.8063197
1515062676.8063657
1515062676.8064117
1515062677.5732048
1515062677.5732415
1515062677.5732508
1515062677.573259
1515062677.573267
1515062677.5732749
1515062677.5732825
1515062678.5202312
1515062678.5202596
1515062678.520269
1515062678.5202768
1515062678.5202847
1515062678.5202923
1515062678.5202997
1515062679.5091465
1515062679.5091803
1515062679.50919
1515062679.5091984
1515062679.5092063
1515062679.5092142
1515062679.509222
1515062680.3963168
1515062680.396349
1515062680.3963585
1515062680.3963668
1515062680.3963747
1515062680.3963823
1515062680.39639
1515062681.055241
1515062681.0552714
1515062681.055281
1515062681.0552893
1515062681.0552971
1515062681.055305
1515062681.0553126
1515062681.9931724
1515062681.993265
1515062681.993399
1515062681.9934592
1515062681.993508
1515062681.9935546
1515062681.9936004
1515062682.7509089
1515062682.7509358
1515062682.7509453
1515062682.7509534
1515062682.7509608
1515062682.7509687
1515062682.750976
1515062683.3042262
1515062683.3042572
1515062683.3042686
1515062683.304278
1515062683.3042877
1515062683.3042967
1515062683.3043058
1515062683.7820592
1515062683.7820997
1515062683.7821136
1515062683.7821252
1515062683.7821362
1515062684.3753855
1515062684.3754153
1515062684.3754249
1515062684.375433
1515062684.3754408
1515062684.3754485
1515062684.375456
1515062684.914041
1515062684.9140744
1515062684.9140866
1515062684.9140975
1515062684.9141076
1515062684.9141176
1515062684.9141273
1515062685.4751778
1515062685.475206
1515062685.4752154
1515062685.4752235
1515062685.4752316
1515062685.4752393
1515062685.4752471
1515062685.6386383
1515062685.6386707