
1515062666.3825247
1515062667.6942344
1515062667.6942613
1515062667.6942718
1515062667.6942801
1515062667.6942894
1515062667.6942978
1515062667.6943064
1515062668.6434753
1515062668.6435018
1515062668.6435113
1515062668.6435192
1515062668.6435268
1515062668.6435344
1515062668.6435423
1515062669.3249934
1515062669.325029
1515062669.3250422
1515062669.3250506
1515062669.3250585
1515062669.3250663
1515062669.3250742
1515062670.2783787
1515062670.2784047
1515062670.2784145
1515062670.2784224
1515062670.2784314
1515062670.2784393
1515062670.2784467
1515062670.933885
1515062670.9339135
1515062670.9339232
1515062670.9339314
1515062670.9339395
1515062670.9339468
1515062670.9339547
1515062671.836462
1515062671.8364904
1515062671.8364997
1515062671.8365078
1515062671.8365154
1515062671.836523
1515062671.8365307
1515062672.7911072
1515062672.791132
1515062672.791141
1515062672.791149
1515062672.7911582
1515062672.791166
1515062672.7911737
1515062673.7146115
1515062673.714639
1515062673.7146485
1515062673.7146568
1515062673.714665
1515062673.7146726
1515062673.7146804
1515062674.4251337
1515062674.4251657
1515062674.4251788
1515062674.425188
1515062674.4251971
1515062674.425206
1515062674.4252148
1515062675.1449547
1515062675.1449945
1515062675.1450083
1515062675.1450195
1515062675.1450417
1515062675.1450524
1515062675.1450627
1515062675.8620925
1515062675.86212
1515062675.8621302
1515062675.8621385
1515062675.8621461
1515062675.862154
1515062675.8621619
1515062676.708252
1515062676.708284
1515062676.7082934
1515062676.708302
1515062676.70831
1515062676.7083178
1515062676.7083256
1515062677.5229478
1515062677.5229776
1515062677.5229874
1515062677.522995
1515062677.5230038
1515062677.5230117
1515062677.5230193
1515062678.3441184
1515062678.3441455
1515062678.344156
1515062678.3441646
1515062678.344173
1515062678.3441813
1515062678.3441894
1515062679.0692687
1515062679.069296
1515062679.0693054
1515062679.0693133
1515062679.0693214
1515062679.069329
1515062679.069337
1515062679.9093647
1515062679.909393
1515062679.9094024
1515062679.9094102
1515062679.909418
1515062679.909426
1515062679.9094336
1515062680.7508347
1515062680.7508616
1515062680.7508721
1515062680.7508807
1515062680.750889
1515062680.7508972
1515062680.7509055
1515062681.3311307
1515062681.3311703
1515062681.3311806
1515062681.331189
1515062681.3311968
1515062681.3312047
1515062682.0269141
1515062682.0269415
1515062682.0269513
1515062682.0269592
1515062682.026967
1515062682.0269747
1515062682.0269823
1515062682.9270043
1515062682.927041
1515062682.9270532
1515062682.9270635
1515062682.9270737
1515062682.9270835
1515062682.9270933
1515062683.8821063
1515062683.8840117
1515062683.8840306
1515062683.8840437
1515062683.884056
1515062683.8840683
1515062683.8840802
1515062684.6215913
1515062684.6216202
1515062684.621632
1515062684.6216407
1515062684.6216486
1515062684.6216564
1515062684.6216643
1515062685.2354803
1515062685.2355206
1515062685.2355382
1515062685.235554
1515062685.2355692
1515062685.2355845
1515062685.2355993
1515062685.7697296
1515062685.76977
1515062685.7697875
1515062685.7698033
1515062685.7698185
1515062685.7698333
1515062685.769848
1515062686.2686229
1515062686.2686515
1515062686.268661
1515062686.2686694
1515062686.2686777
1515062686.2686858
1515062686.268695
1515062686.6511135
1515062686.6511405
1515062686.6511502
1515062686.6511583
1515062686.651166
1515062686.6511738
1515062686.6511815
1515062686.9679477
1515062686.9679825
1515062686.9679952
1515062686.9680064
1515062686.9680169
1515062686.9680274
1515062686.9680376
1515062687.295836
1515062687.2958608
1515062687.2958717
1515062687.2959003
1515062687.295913
1515062687.2959216
1515062687.2959301
1515062687.5277894
1515062687.527829
1515062687.5278716
1515062687.527918
1515062687.5279348
1515062687.5279498
1515062687.5279667
1515062687.6753404
1515062687.6754305
1515062687.6754913
1515062687.6755478