
1515062666.4066622
1515062667.6090436
1515062667.609105
1515062667.609116
1515062667.6091242
1515062667.6091337
1515062667.6091416
1515062667.6091497
1515062668.6210573
1515062668.6210957
1515062668.6211157
1515062668.6211336
1515062668.6211505
1515062668.621167
1515062668.621184
1515062669.3559341
1515062669.355982
1515062669.3560188
1515062669.3560276
1515062669.3560357
1515062669.3560433
1515062669.3560512
1515062670.3452435
1515062670.3452642
1515062670.345274
1515062670.345282
1515062670.345291
1515062670.3452988
1515062670.3453066
1515062671.376835
1515062671.3768625
1515062671.376874
1515062671.3768837
1515062671.3768933
1515062671.3769026
1515062671.376912
1515062671.818113
1515062671.8185344
1515062671.818554
1515062671.8185647
1515062671.8185742
1515062671.8185833
1515062671.8185923
1515062672.2865145
1515062672.2865624
1515062672.286584
1515062672.286603
1515062672.286623
1515062672.2866416
1515062672.2866602
1515062672.7356865
1515062672.7357674
1515062672.7358177
1515062672.7358646
1515062672.7359338
1515062672.735983
1515062672.736028
1515062673.161762
1515062673.1617887
1515062673.1617992
1515062673.1618075
1515062673.1618154
1515062673.1618233
1515062673.1618314
1515062673.5202935
1515062673.520326
1515062673.5203388
1515062673.5203502
1515062673.5203612
1515062673.5203717
1515062673.520382
1515062673.8693683
1515062673.8694007
1515062673.8694134
1515062673.869422
1515062673.86943
1515062673.8694377
1515062673.8694458
1515062674.3929904
1515062674.3930178
1515062674.3930383
1515062674.3930469
1515062674.3930547
1515062674.3930626
1515062674.3930702
1515062674.7918382
1515062674.7918663
1515062674.7918754
1515062674.7919025
1515062674.7919137
1515062674.7919216
1515062674.7919295
1515062675.2484522
1515062675.2484784
1515062675.248488
1515062675.2484963
1515062675.2485042
1515062675.248512
1515062675.24852
1515062675.777733
1515062675.7778108
1515062675.7778623
1515062675.7779102
1515062675.7780173
1515062675.778088
1515062675.778143
1515062676.591827
1515062676.5918567
1515062676.5918674
1515062676.5918765
1515062676.5919042
1515062676.5919137
1515062676.5919223
1515062677.0302153
1515062677.0305731
1515062677.0305922
1515062677.030603
1515062677.0306127
1515062677.0306218
1515062677.0306308
1515062677.599064
1515062677.599089
1515062677.5990982
1515062677.5991068
1515062677.5991147
1515062677.5991225
1515062677.5991302
1515062678.2508824
1515062678.2509122
1515062678.250922
1515062678.2509303
1515062678.2509384
1515062678.2509463
1515062678.250954
1515062678.396174
1515062679.2168078
1515062679.2168345
1515062679.2168438
1515062679.216852
1515062679.21686
1515062679.2168677
1515062679.2168753
1515062679.9210033
1515062679.9210436
1515062679.921054
1515062679.9210627
1515062679.9210708
1515062679.9210787
1515062679.9210865
1515062680.9066784
1515062680.9067059
1515062680.9067159
1515062680.906724
1515062680.9067318
1515062680.9067397
1515062680.9067476
1515062681.930615
1515062681.9306378
1515062681.9306476
1515062681.930656
1515062681.9306638
1515062681.9306717
1515062681.9306796
1515062682.6311657
1515062682.6311939
1515062682.6312032
1515062682.6312118
1515062682.6312196
1515062682.6312275
1515062682.6312354
1515062683.1222537
1515062683.1222866
1515062683.1222966
1515062683.1223056
1515062683.1223176
1515062683.1223266
1515062683.122335
1515062683.6266875
1515062683.6267142
1515062683.6267238
1515062683.6267319
1515062683.62674
1515062683.6267478
1515062683.6267557
1515062684.149036
1515062684.149074
1515062684.1490865
1515062684.149097
1515062684.1491067
1515062684.1491165
1515062684.149126
1515062684.6527662
1515062684.6527894
1515062684.6527991
1515062684.652807
1515062684.652815
1515062684.6528227
1515062684.6528304
1515062684.797353
1515062684.7974226