
1515062666.3989513
1515062667.6411233
1515062667.6411526
1515062667.6411626
1515062667.641171
1515062667.6411803
1515062667.6411881
1515062667.641196
1515062668.4961584
1515062668.49619
1515062668.4962013
1515062668.4962113
1515062668.496221
1515062668.4962304
1515062668.49624
1515062669.3939488
1515062669.3939857
1515062669.3940008
1515062669.3940132
1515062669.394025
1515062669.3940365
1515062669.3940482
1515062670.2442389
1515062670.2442665
1515062670.244304
1515062670.2443135
1515062670.2443223
1515062670.2443302
1515062670.244338
1515062670.8701296
1515062670.8701568
1515062670.870166
1515062670.8701742
1515062670.8701823
1515062670.8701901
1515062670.8701982
1515062671.7641006
1515062671.7641332
1515062671.7641456
1515062671.7641559
1515062671.7641659
1515062671.7641761
1515062671.764186
1515062672.7703474
1515062672.7706296
1515062672.7706454
1515062672.7706544
1515062672.770664
1515062672.7706718
1515062672.7706797
1515062673.8473616
1515062673.8473854
1515062673.8473957
1515062673.8474047
1515062673.8474133
1515062673.8474214
1515062673.8474298
1515062674.7881565
1515062674.7881844
1515062674.7881963
1515062674.7882047
1515062674.788213
1515062674.7882211
1515062674.7882292
1515062675.7530088
1515062675.7531166
1515062675.753178
1515062675.7532334
1515062675.7532885
1515062675.7533422
1515062675.753395
1515062676.7143555
1515062676.7143824
1515062676.714393
1515062676.7144008
1515062676.7144089
1515062676.714417
1515062676.7144272
1515062677.594385
1515062677.5944157
1515062677.594426
1515062677.5944343
1515062677.5944424
1515062677.5944502
1515062677.594458
1515062678.570448
1515062678.5704794
1515062678.5704894
1515062678.5704978
1515062678.5705068
1515062678.5705147
1515062678.5705225
1515062679.5692031
1515062679.5692358
1515062679.5692456
1515062679.569254
1515062679.5692623
1515062679.5692701
1515062679.569278
1515062680.4532735
1515062680.4532971
1515062680.4533072
1515062680.453315
1515062680.4533231
1515062680.4533308
1515062680.4533389
1515062681.4649827
1515062681.4650161
1515062681.4650404
1515062681.4650521
1515062681.4650626
1515062681.4650726
1515062681.465083
1515062682.0948133
1515062682.094835
1515062682.0948448
1515062682.094853
1515062682.0948608
1515062682.0948684
1515062682.0948763
1515062682.8929656
1515062682.892992
1515062682.8930016
1515062682.89301
1515062682.8930178
1515062682.8930337
1515062682.8930428
1515062683.224213
1515062683.2242472
1515062683.224261
1515062683.9191291
1515062683.9191709
1515062683.9191854
1515062683.9191973
1515062683.919208
1515062683.919219
1515062683.9192295
1515062684.5319393
1515062684.5319684
1515062684.5319781
1515062684.5319865
1515062684.5319943
1515062684.5320022
1515062684.53201
1515062685.0675385
1515062685.0675654
1515062685.0675757
1515062685.0675845
1515062685.067593
1515062685.0676043
1515062685.0676131
1515062685.6165922
1515062685.6166198
1515062685.6166308
1515062685.6166403
1515062685.6166532
1515062685.6166627
1515062685.6166718
1515062686.017554
1515062686.0175996
1515062686.0176165
1515062686.0176313
1515062686.0176451
1515062686.0176587
1515062686.0176725
1515062686.419963
1515062686.4200022
1515062686.4200194
1515062686.420034
1515062686.420048
1515062686.4200616
1515062686.4200788
1515062686.7004385
1515062686.700464
1515062686.7004745
1515062686.7004828
1515062686.7004907
1515062686.7004986
1515062686.7005062
1515062686.9928968
1515062686.992923
1515062686.992935
1515062686.9929452
1515062686.9929557
1515062686.992966
1515062686.9929764
1515062687.295766
1515062687.2957928
1515062687.2958024
1515062687.2958107
1515062687.2958188
1515062687.295827
1515062687.295835
1515062687.5118015
1515062687.51183
1515062687.5118403
1515062687.511849
1515062687.511857
1515062687.511865
1515062687.5118728
1515062687.7144377
1515062687.7144701
1515062687.7144814
1515062687.714491
1515062687.7145
1515062687.7145092
1515062687.7145178
1515062687.9099448
1515062687.9100628
1515062687.9101474
1515062687.9102237
1515062687.9102976
1515062687.9106872
1515062687.9107878
1515062688.0934165
1515062688.0934455
1515062688.093455
1515062688.0934634
1515062688.0934715
1515062688.0934796
1515062688.0934877
1515062688.281646
1515062688.2816772
1515062688.2816885
1515062688.2816973
1515062688.2817063
1515062688.281715
1515062688.2817235
1515062688.3120666