
1515062666.4080572
1515062667.8520188
1515062667.8520536
1515062667.852064
1515062667.8520725
1515062667.852082
1515062667.8520901
1515062667.8520985
1515062668.8482945
1515062668.848327
1515062668.848337
1515062668.848345
1515062668.8483527
1515062668.8483603
1515062668.8483682
1515062669.9507735
1515062669.9511356
1515062669.9511566
1515062669.9511693
1515062669.95118
1515062669.9511907
1515062669.9512012
1515062670.2791576
1515062670.279179
1515062670.2791884
1515062670.2791965
1515062670.2792058
1515062670.2792137
1515062670.2792215
1515062670.6474547
1515062670.6474895
1515062670.6475008
1515062670.6475098
1515062670.6475186
1515062670.6475275
1515062670.647536
1515062671.011972
1515062671.0119996
1515062671.0120094
1515062671.012018
1515062671.0120258
1515062671.012034
1515062671.0120418
1515062671.4490876
1515062671.4491158
1515062671.4491255
1515062671.4491339
1515062671.4491425
1515062671.4491503
1515062671.4491582
1515062671.8760035
1515062671.8760319
1515062671.8760417
1515062671.8760498
1515062671.8760576
1515062671.8760655
1515062671.8760731
1515062672.3217413
1515062672.3218303
1515062672.3218513
1515062672.3218672
1515062672.3218827
1515062672.3218977
1515062672.3219132
1515062672.7057717
1515062672.7058492
1515062672.7059066
1515062672.7059562
1515062672.7060037
1515062672.7060509
1515062672.7060971
1515062673.086699
1515062673.086732
1515062673.0867476
1515062673.0867603
1515062673.086773
1515062673.086813
1515062673.0868258
1515062673.5808692
1515062673.5808985
1515062673.5809083
1515062673.5809166
1515062673.5809245
1515062673.5809324
1515062673.5809402
1515062674.2975097
1515062674.29754
1515062674.2975497
1515062674.297558
1515062674.2975671
1515062674.297575
1515062674.2975829
1515062675.0286543
1515062675.0286922
1515062675.0287058
1515062675.0287182
1515062675.0287304
1515062675.0287428
1515062675.0287547
1515062675.7989798
1515062675.7990127
1515062675.7990227
1515062675.7990308
1515062675.7990386
1515062675.7990465
1515062675.7990544
1515062676.8927767
1515062676.8928664
1515062676.8929195
1515062676.8929691
1515062676.893016
1515062676.8930776
1515062676.893124
1515062677.522848
1515062677.5228786
1515062677.5228894
1515062677.5228975
1515062677.5229056
1515062677.5229135
1515062677.522921
1515062678.2269595
1515062678.2269928
1515062678.2270057
1515062678.2270172
1515062678.2270277
1515062678.227038
1515062678.2270484
1515062678.883065
1515062678.883092
1515062678.8831015
1515062678.8831096
1515062678.8831177
1515062678.8831258
1515062678.883134
1515062679.627062
1515062679.627092
1515062679.6271021
1515062679.6271112
1515062679.627119
1515062679.6271274
1515062679.627135
1515062680.3475268
1515062680.3475592
1515062680.3475688
1515062680.3475769
1515062680.347585
1515062680.3475926
1515062680.3476005
1515062680.8847117
1515062680.8847456
1515062680.8847554
1515062680.8847637
1515062680.8847718
1515062680.8847795
1515062680.8847873
1515062681.6983325
1515062681.6983633
1515062681.698374
1515062681.698383
1515062681.6983922
1515062681.6984012
1515062681.6984103
1515062682.294823
1515062682.2948618
1515062682.2948763
1515062682.2948892
1515062682.2949016
1515062682.2949138
1515062682.2949257
1515062682.9316318
1515062682.9316595
1515062682.9316707
1515062682.931681
1515062682.9316905
1515062682.9317029
1515062682.9317126
1515062683.7319567
1515062683.7319884
1515062683.732002
1515062683.7320156
1515062683.7320282
1515062683.7320404
1515062683.7320526
1515062684.3791318
1515062684.3791623
1515062684.3791747
1515062684.379185
1515062684.379195
1515062684.3792045
1515062684.3792145
1515062685.0172012
1515062685.0172322
1515062685.0172467
1515062685.0172594
1515062685.0172713
1515062685.017283
1515062685.017295
1515062685.6398032
1515062685.6398253
1515062685.6398351
1515062685.6398432
1515062685.639851
1515062685.63986
1515062685.639868
1515062686.0737028
1515062686.0737302
1515062686.0737398
1515062686.0737479
1515062686.0737555
1515062686.0737631
1515062686.073771
1515062686.2108085
1515062686.2108648