
1515062666.384136
1515062667.5117486
1515062667.511795
1515062667.5118117
1515062667.511825
1515062667.5118392
1515062667.511852
1515062667.5118647
1515062668.2579722
1515062668.2580016
1515062668.2580116
1515062668.2580197
1515062668.2580276
1515062668.2580354
1515062668.258043
1515062669.0253172
1515062669.0253675
1515062669.0253797
1515062669.025387
1515062669.025394
1515062669.0254006
1515062669.0254076
1515062669.6880937
1515062669.6882036
1515062669.6882606
1515062669.6883085
1515062669.6883566
1515062669.6884017
1515062669.6884463
1515062670.4012508
1515062670.4012766
1515062670.4012864
1515062670.4012945
1515062670.401303
1515062670.401311
1515062670.4013188
1515062671.0531366
1515062671.0531662
1515062671.053176
1515062671.0531847
1515062671.0531926
1515062671.0539196
1515062671.0539343
1515062671.864838
1515062671.8648763
1515062671.864887
1515062671.8648956
1515062671.8649058
1515062671.8649142
1515062671.8649223
1515062672.7704349
1515062672.770532
1515062672.7706058
1515062672.770676
1515062672.7707438
1515062672.7708118
1515062672.770911
1515062673.621143
1515062673.621171
1515062673.6211834
1515062673.621192
1515062673.6212
1515062673.6212084
1515062673.6212165
1515062673.985895
1515062673.9859314
1515062673.9859457
1515062673.9859586
1515062673.985971
1515062673.9859834
1515062673.9859955
1515062674.5165412
1515062674.5165768
1515062674.5165906
1515062674.5166016
1515062674.5166123
1515062674.5166223
1515062674.5166323
1515062674.9140675
1515062674.9140964
1515062674.9141068
1515062674.9141152
1515062674.9141235
1515062674.9141319
1515062674.9141397
1515062675.303146
1515062675.303176
1515062675.3031855
1515062675.3031943
1515062675.3032038
1515062675.3032122
1515062675.30322
1515062675.7222662
1515062675.7222955
1515062675.7223055
1515062675.7223141
1515062675.722322
1515062675.72233
1515062675.722338
1515062676.2087152
1515062676.2087474
1515062676.2087584
1515062676.2087677
1515062676.208777
1515062676.2087858
1515062676.2087948
1515062676.5712385
1515062676.5712724
1515062676.5712821
1515062676.5712907
1515062676.5712986
1515062676.5713067
1515062676.5713146
1515062676.9222045
1515062676.922342
1515062676.9223986
1515062676.922448
1515062676.9224946
1515062676.9225404
1515062676.9225864
1515062677.3268898
1515062677.326915
1515062677.3269248
1515062677.3269331
1515062677.326941
1515062677.326949
1515062677.3269567
1515062677.7553153
1515062677.7553473
1515062677.755357
1515062677.7553651
1515062677.7553735
1515062677.7553813
1515062677.7553895
1515062678.1349976
1515062678.1350224
1515062678.1350322
1515062678.1350408
1515062678.1350489
1515062678.1353824
1515062678.135397
1515062678.5742793
1515062678.5743086
1515062678.574319
1515062678.5743272
1515062678.5743356
1515062678.5743437
1515062678.5743518
1515062679.0766604
1515062679.0766895
1515062679.0766993
1515062679.0767078
1515062679.076716
1515062679.076724
1515062679.0767314
1515062679.5296538
1515062679.5296814
1515062679.5296912
1515062679.5296993
1515062679.5297077
1515062679.5297155
1515062679.5297236
1515062679.7826374
1515062679.7826648
1515062679.7826746
1515062679.7826831
1515062680.2039645
1515062680.2039986
1515062680.2040086
1515062680.204017
1515062680.2040248
1515062680.204033
1515062680.2040405
1515062680.5873399
1515062680.5873682
1515062680.5873783
1515062680.5873864
1515062680.587394
1515062680.5874019
1515062680.5874095
1515062681.1567805
1515062681.1568074
1515062681.1568174
1515062681.156826
1515062681.156834
1515062681.156842
1515062681.1568496
1515062681.9094284
1515062681.909463
1515062681.9094732
1515062681.9094822
1515062681.9094906
1515062681.9094994
1515062681.9095078
1515062682.5774577
1515062682.5796928
1515062682.579711
1515062682.5797207
1515062682.5797293
1515062682.5797377
1515062682.5797455
1515062683.0620055
1515062683.0620341
1515062683.0620437
1515062683.062052
1515062683.06206
1515062683.062068
1515062683.0620759
1515062683.6361513
1515062683.636175
1515062683.6361847
1515062683.636193
1515062683.636201
1515062683.6362088
1515062683.6362166
1515062683.7467308