
1515062666.382839
1515062667.6128354
1515062667.6128604
1515062667.6128702
1515062667.6128783
1515062667.6128867
1515062667.6128945
1515062667.6129022
1515062668.2888768
1515062668.2889104
1515062668.2889242
1515062668.2889366
1515062668.2889488
1515062668.288961
1515062668.288973
1515062669.1878533
1515062669.1879125
1515062669.1879327
1515062669.1879478
1515062669.187962
1515062669.1879761
1515062669.1879902
1515062669.5955403
1515062669.5955653
1515062669.595575
1515062669.5955832
1515062669.5955923
1515062669.5956
1515062669.595608
1515062670.340201
1515062670.341153
1515062670.3411672
1515062670.341176
1515062670.3411841
1515062670.3411918
1515062670.3411996
1515062671.1025183
1515062671.1025462
1515062671.102556
1515062671.1025646
1515062671.1025724
1515062671.1025803
1515062671.1025922
1515062672.198552
1515062672.1985815
1515062672.198593
1515062672.198602
1515062672.1986122
1515062672.1986213
1515062672.19863
1515062673.0678558
1515062673.0679052
1515062673.067917
1515062673.0679255
1515062673.0679333
1515062673.0679407
1515062673.0679486
1515062673.9538403
1515062673.9539232
1515062673.9539535
1515062673.9539669
1515062673.9539788
1515062673.9539905
1515062673.9540024
1515062675.0514886
1515062675.0515122
1515062675.0515225
1515062675.051531
1515062675.0515392
1515062675.0515473
1515062675.0515554
1515062675.9112487
1515062675.9112778
1515062675.9112906
1515062675.911301
1515062675.9113104
1515062675.91132
1515062675.9113295
1515062676.8171403
1515062676.8171682
1515062676.8171778
1515062676.8171859
1515062676.8171935
1515062676.8172014
1515062676.817209
1515062677.7759476
1515062677.7759764
1515062677.775986
1515062677.7759943
1515062677.7760036
1515062677.7760115
1515062677.7760193
1515062678.7871933
1515062678.7875373
1515062678.7875543
1515062678.787564
1515062678.7875724
1515062678.7875805
1515062678.7875886
1515062679.6281545
1515062679.6281848
1515062679.6281948
1515062679.6282032
1515062679.6282113
1515062679.6282191
1515062679.628227
1515062680.4333754
1515062680.4334066
1515062680.4334183
1515062680.4334283
1515062680.4334378
1515062680.4334474
1515062680.4334567
1515062681.1423185
1515062681.1423504
1515062681.1423624
1515062681.142372
1515062681.1424217
1515062681.1424322
1515062681.14244
1515062682.0359511
1515062682.035976
1515062682.0359857
1515062682.0359943
1515062682.0360022
1515062682.0360103
1515062682.036018
1515062682.9162104
1515062682.9162877
1515062682.9163396
1515062682.916387
1515062682.9164343
1515062682.9164805
1515062682.9165263
1515062683.8157182
1515062683.81575
1515062683.8157609
1515062683.8157704
1515062683.8157794
1515062683.8157885
1515062683.8157976
1515062684.492585
1515062684.4926138
1515062684.492624
1515062684.4926322
1515062684.4926403
1515062684.4926481
1515062684.492656
1515062684.8018882
1515062684.801945
1515062684.8019645
1515062685.3924844
1515062685.3925138
1515062685.392523
1515062685.392531
1515062685.3925388
1515062685.3925464
1515062685.3925543
1515062685.8726926
1515062685.8727233
1515062685.8727357
1515062685.8727465
1515062685.8727572
1515062685.8727677
1515062685.872778
1515062686.3053894
1515062686.3054302
1515062686.3054497
1515062686.3054674
1515062686.3054843
1515062686.3055012
1515062686.3055177
1515062686.3604734