
1515062666.4235663
1515062667.6500561
1515062667.6500819
1515062667.650092
1515062667.6501005
1515062667.650109
1515062667.6501172
1515062667.6501253
1515062668.1159568
1515062668.1159866
1515062668.1159966
1515062668.116005
1515062668.1160128
1515062668.1160207
1515062668.1160288
1515062668.5705101
1515062668.5705616
1515062668.5705833
1515062668.5705981
1515062668.5706108
1515062668.570623
1515062668.570635
1515062669.0836096
1515062669.0836408
1515062669.08365
1515062669.0836585
1515062669.0836673
1515062669.083675
1515062669.0836825
1515062669.780563
1515062669.7808926
1515062669.7809083
1515062669.7809176
1515062669.780926
1515062669.7809336
1515062669.7809415
1515062670.4612
1515062670.4612265
1515062670.4612365
1515062670.4612446
1515062670.4612525
1515062670.46126
1515062670.4612677
1515062671.255996
1515062671.25602
1515062671.2560294
1515062671.2560377
1515062671.2560472
1515062671.2560554
1515062671.256063
1515062672.1850288
1515062672.1850624
1515062672.1850746
1515062672.1850846
1515062672.185094
1515062672.185104
1515062672.1851137
1515062673.091006
1515062673.0910294
1515062673.09104
1515062673.091048
1515062673.0910559
1515062673.0910637
1515062673.0910714
1515062674.1526573
1515062674.1527286
1515062674.1527398
1515062674.1527483
1515062674.1527562
1515062674.1527643
1515062674.1527724
1515062675.0500078
1515062675.0500355
1515062675.050046
1515062675.0500546
1515062675.0500624
1515062675.0500703
1515062675.050078
1515062675.821189
1515062675.8212152
1515062675.8212254
1515062675.8212335
1515062675.8212416
1515062675.8212492
1515062675.8212569
1515062676.7504272
1515062676.750464
1515062676.750478
1515062676.7504904
1515062676.750504
1515062676.7505162
1515062676.7505283
1515062677.3172538
1515062677.3172817
1515062677.3172913
1515062677.3172996
1515062677.3173075
1515062677.3173156
1515062677.3173234
1515062677.9862878
1515062677.9863148
1515062677.9863243
1515062677.9863322
1515062677.98634
1515062677.9863477
1515062677.9863553
1515062678.6074088
1515062678.6074374
1515062678.6074467
1515062678.607455
1515062678.6074626
1515062678.6074703
1515062678.607478
1515062679.2892337
1515062679.2892597
1515062679.2892692
1515062679.2892776
1515062679.2892857
1515062679.2892933
1515062679.2893012
1515062679.8800209
1515062679.880057
1515062679.8800685
1515062679.8800786
1515062679.8800879
1515062679.8800972
1515062679.8801064
1515062680.4892623
1515062680.489289
1515062680.4892988
1515062680.4893072
1515062680.489315
1515062680.4893227
1515062680.4893305
1515062681.1929626
1515062681.1929939
1515062681.1930053
1515062681.193015
1515062681.1930358
1515062681.1930468
1515062681.193056
1515062681.9422476
1515062681.9422731
1515062681.942283
1515062681.9422913
1515062681.9422991
1515062681.942307
1515062681.9423146
1515062682.6456342
1515062682.6456711
1515062682.6456847
1515062682.6456969
1515062682.6457078
1515062682.645719
1515062682.64573
1515062683.5154982
1515062683.5155287
1515062683.51554
1515062683.51555
1515062683.5155592
1515062683.5155685
1515062683.515578
1515062684.0898461
1515062684.089881
1515062684.0899289
1515062684.0899408
1515062684.0899503
1515062684.0899596
1515062684.089969
1515062684.6451302
1515062684.6451578
1515062684.6451674
1515062684.6451755
1515062684.6451833
1515062684.6451933
1515062684.6452014
1515062685.2191653
1515062685.2194412
1515062685.219457
1515062685.2194662
1515062685.2194746
1515062685.2194824
1515062685.2194905
1515062685.743813
1515062685.7438383
1515062685.7438483
1515062685.7438562
1515062685.743864
1515062685.7438717
1515062685.7438793
1515062686.225168
1515062686.2251935
1515062686.2252033
1515062686.2252114
1515062686.2252192
1515062686.2252333
1515062686.2252407
1515062686.2747395
1515062686.6086786
1515062686.608711
1515062686.6087236
1515062686.6087344
1515062686.6087463
1515062686.6087568
1515062686.608767
1515062686.8303604
1515062686.8303864
1515062686.8303964
1515062686.8304043
1515062686.8304121
1515062686.8304198
1515062686.8304274
1515062687.0420992
1515062687.0421338
1515062687.0421505
1515062687.042165
1515062687.0421789
1515062687.0421925
1515062687.0422058
1515062687.3379261
1515062687.3379633
1515062687.3379765
1515062687.337988
1515062687.3379986
1515062687.338009
1515062687.3380196