
1515062666.3921225
1515062667.7632346
1515062667.7632637
1515062667.7632735
1515062667.7632816
1515062667.7632914
1515062667.7633026
1515062667.7633104
1515062668.616161
1515062668.6161978
1515062668.616212
1515062668.6162243
1515062668.6162364
1515062668.6162486
1515062668.6162608
1515062669.3357487
1515062669.3357716
1515062669.335782
1515062669.3357906
1515062669.3357987
1515062669.3358066
1515062669.3358145
1515062670.3102133
1515062670.3102489
1515062670.3102593
1515062670.3102677
1515062670.3102772
1515062670.310285
1515062670.3102927
1515062671.0667393
1515062671.066763
1515062671.0667727
1515062671.0667808
1515062671.0667887
1515062671.0667968
1515062671.0668044
1515062672.1076722
1515062672.1077008
1515062672.1077142
1515062672.1077242
1515062672.1077323
1515062672.1077797
1515062672.107789
1515062673.0252519
1515062673.0252802
1515062673.02529
1515062673.025298
1515062673.025307
1515062673.0253146
1515062673.0253224
1515062673.9250956
1515062673.9251244
1515062673.925134
1515062673.925142
1515062673.92515
1515062673.925158
1515062673.9251657
1515062674.998856
1515062674.9988823
1515062674.9988947
1515062674.9989045
1515062674.998914
1515062674.9989233
1515062674.9989328
1515062675.8518069
1515062675.851835
1515062675.8518448
1515062675.8518534
1515062675.8518612
1515062675.851869
1515062675.8518767
1515062676.657683
1515062676.6577158
1515062676.6577277
1515062676.657736
1515062676.6577442
1515062676.657752
1515062676.65776
1515062677.369807
1515062677.369839
1515062677.3698485
1515062677.3698568
1515062677.3698645
1515062677.3698723
1515062677.36988
1515062677.9989572
1515062677.9989843
1515062677.9989965
1515062677.9990065
1515062677.9990177
1515062677.9990277
1515062677.9990375
1515062678.630246
1515062678.6302738
1515062678.6302836
1515062678.6302922
1515062678.6303
1515062678.6303082
1515062678.6303158
1515062679.3837826
1515062679.38381
1515062679.3838198
1515062679.383828
1515062679.3838358
1515062679.3838437
1515062679.3838515
1515062680.111598
1515062680.1116302
1515062680.1116395
1515062680.1116478
1515062680.111656
1515062680.1116636
1515062680.1116712
1515062680.8393369
1515062680.8393729
1515062680.8393826
1515062680.8393908
1515062680.8393986
1515062680.8394065
1515062680.8394144
1515062681.5381434
1515062681.5381765
1515062681.5381863
1515062681.538195
1515062681.5382028
1515062681.5382106
1515062681.5382185
1515062682.0902708
1515062682.0903049
1515062682.0903192
1515062682.090331
1515062682.0903425
1515062682.0903537
1515062682.0903647
1515062682.7968252
1515062682.7968597
1515062682.7968721
1515062682.7968826
1515062682.796893
1515062682.7969031
1515062682.7969134
1515062683.3634453
1515062683.3634734
1515062683.3634827
1515062683.3634906
1515062683.3634987
1515062683.3635066
1515062683.3635144
1515062683.957679
1515062683.9577157
1515062683.9577298
1515062683.9577425
1515062683.9577544
1515062683.9577665
1515062683.9577787
1515062684.4880102
1515062684.488038
1515062684.4880478
1515062684.4880564
1515062684.4880643
1515062684.4880722
1515062684.48808
1515062685.007277
1515062685.00759
1515062685.0076087
1515062685.0086887
1515062685.0087078
1515062685.0087178
1515062685.0087266
1515062685.1009786
1515062685.6668909
1515062685.6669219
1515062685.666932
1515062685.6669414
1515062685.6669512
1515062685.66696
1515062685.6669683
1515062686.110008
1515062686.1100538
1515062686.1100867
1515062686.110107
1515062686.1101243
1515062686.1101418
1515062686.1101584
1515062686.1829624