
1515062666.3882158
1515062667.5580492
1515062667.5580819
1515062667.558094
1515062667.5581045
1515062667.558117
1515062667.5581274
1515062667.5581377
1515062668.4982877
1515062668.4983165
1515062668.498328
1515062668.4983377
1515062668.4983473
1515062668.4983568
1515062668.4983664
1515062669.4679587
1515062669.4679937
1515062669.4680061
1515062669.4680145
1515062669.4680223
1515062669.4680305
1515062669.4680383
1515062670.3823419
1515062670.3823726
1515062670.3823867
1515062670.3823986
1515062670.3824117
1515062670.3824236
1515062670.3824348
1515062671.1439018
1515062671.143928
1515062671.1439376
1515062671.143946
1515062671.1439538
1515062671.1439617
1515062671.1439695
1515062672.238668
1515062672.238696
1515062672.238707
1515062672.2387166
1515062672.2387257
1515062672.238735
1515062672.2387438
1515062673.2004914
1515062673.200515
1515062673.200524
1515062673.200532
1515062673.2005415
1515062673.2005494
1515062673.2005572
1515062673.8707795
1515062673.8708014
1515062673.870811
1515062673.8708193
1515062673.8708277
1515062673.8708355
1515062673.8708436
1515062674.6031716
1515062674.603211
1515062674.6032307
1515062674.603245
1515062674.6032588
1515062674.6032724
1515062674.6032863
1515062675.2351627
1515062675.2351935
1515062675.235203
1515062675.2352116
1515062675.2352197
1515062675.2352276
1515062675.2352357
1515062675.8641124
1515062675.864204
1515062675.8642602
1515062675.864308
1515062675.8643544
1515062675.8643997
1515062675.8644447
1515062676.8374908
1515062676.8375187
1515062676.8375282
1515062676.8375368
1515062676.8375447
1515062676.8375525
1515062676.8375604
1515062677.4311152
1515062677.4316857
1515062677.4317
1515062677.4317112
1515062677.4317226
1515062677.4317327
1515062677.4317427
1515062678.1037261
1515062678.10376
1515062678.1037695
1515062678.103778
1515062678.1037858
1515062678.1037939
1515062678.1038017
1515062678.7749283
1515062678.7749765
1515062678.7749958
1515062678.775013
1515062678.77503
1515062678.775046
1515062678.7750623
1515062679.4332511
1515062679.4332833
1515062679.4332933
1515062679.4333017
1515062679.4333098
1515062679.433318
1515062679.433326
1515062680.0514734
1515062680.0515015
1515062680.0515113
1515062680.0515199
1515062680.0515277
1515062680.0515356
1515062680.0515435
1515062680.6400774
1515062680.6401064
1515062680.6401157
1515062680.640124
1515062680.640132
1515062680.6401398
1515062680.6401474
1515062681.2603896
1515062681.2604177
1515062681.2604275
1515062681.260436
1515062681.2604444
1515062681.2604523
1515062681.2604623
1515062681.9937227
1515062681.9937484
1515062681.9937582
1515062681.9937663
1515062681.9937742
1515062681.993782
1515062681.9937897
1515062682.8728232
1515062682.8728507
1515062682.8728604
1515062682.8728685
1515062682.8728764
1515062682.8728843
1515062682.8728921
1515062683.6307313
1515062683.6307552
1515062683.630765
1515062683.6307733
1515062683.6307812
1515062683.630789
1515062683.6307967
1515062684.2891128
1515062684.2891564
1515062684.2891686
1515062684.289178
1515062684.2891872
1515062684.2891963
1515062684.289205
1515062684.8691578
1515062684.869196
1515062684.8692095
1515062684.8692224
1515062684.8692346
1515062684.8692467
1515062684.8692589
1515062685.4236684
1515062685.423714
1515062685.423733
1515062685.423749
1515062685.4237647
1515062685.4237828
1515062685.4237986
1515062685.8361664
1515062685.836198
1515062685.8362083
1515062685.836217
1515062685.8362248
1515062685.836233
1515062685.8362405
1515062686.297055
1515062686.2970915
1515062686.2971017
1515062686.29711
1515062686.297118
1515062686.2971256
1515062686.2971334
1515062686.6730354
1515062686.6730657
1515062686.6730764
1515062686.673086
1515062686.673095
1515062686.673104
1515062686.6731129