
1515081078.0674245
1515081085.8919666
1515081085.8920095
1515081085.8920205
1515081085.892029
1515081085.8920388
1515081085.892047
1515081085.8920553
1515081087.3132899
1515081087.3133183
1515081087.313328
1515081087.3133361
1515081087.3133442
1515081087.313352
1515081087.31336
1515081088.8480506
1515081088.848464
1515081088.8484833
1515081088.8484933
1515081088.8485017
1515081088.8485098
1515081088.8485177
1515081090.3804684
1515081090.3804963
1515081090.380506
1515081090.3805144
1515081090.3805227
1515081090.3805306
1515081090.3805382
1515081092.022907
1515081092.0229428
1515081092.0229573
1515081092.0229697
1515081092.0230024
1515081092.0230153
1515081092.023027
1515081093.8229225
1515081093.8232746
1515081093.8232918
1515081093.8233013
1515081093.8233094
1515081093.8233175
1515081093.8274484
1515081095.592563
1515081095.592602
1515081095.5926168
1515081095.5926294
1515081095.5926425
1515081095.5926545
1515081095.5926664
1515081097.5940871
1515081097.5941112
1515081097.5941207
1515081097.5941288
1515081097.5941367
1515081097.5941446
1515081097.5941525
1515081099.3085961
1515081099.3088675
1515081099.3088841
1515081099.3088932
1515081099.3089015
1515081099.3089097
1515081099.3089175
1515081100.49946
1515081100.4994926
1515081100.499505
1515081100.4995153
1515081100.499525
1515081100.4995344
1515081100.499544
1515081101.869529
1515081101.8696065
1515081101.8696647
1515081101.8697152
1515081101.8697646
1515081101.8698132
1515081101.8698614
1515081103.4050543
1515081103.4050772
1515081103.4050868
1515081103.4050949
1515081103.4051025
1515081103.4051101
1515081103.405118
1515081104.8157582
1515081104.8157883
1515081104.8157983
1515081104.8158062
1515081104.8158145
1515081104.8158221
1515081104.81583
1515081106.7042634
1515081106.7080371
1515081106.7080555
1515081106.7080665
1515081106.7080755
1515081106.7080843
1515081106.708093
1515081108.0546916
1515081108.054718
1515081108.0547276
1515081108.054736
1515081108.0547438
1515081108.0547514
1515081108.0547593
1515081109.4068217
1515081109.4068506
1515081109.4068599
1515081109.4068682
1515081109.4068758
1515081109.4068835
1515081109.4068909
1515081110.813835
1515081110.8418477
1515081110.841859
1515081110.8418674
1515081110.841876
1515081110.8418837
1515081110.8418915
1515081112.2652142
1515081112.2652519
1515081112.2652676
1515081112.2652807
1515081112.265294
1515081112.2653065
1515081112.2653196
1515081113.635818
1515081113.6358554
1515081113.6358693
1515081113.6358802
1515081113.6358907
1515081113.6359012
1515081113.6359117
1515081115.0363944
1515081115.0369618
1515081115.036979
1515081115.0369878
1515081115.0369961
1515081115.037004
1515081115.0370119
1515081116.0732746
1515081116.0733078
1515081116.0733202
1515081116.0733306
1515081116.0733407
1515081116.0733504
1515081116.0733602
1515081117.3004694
1515081117.300499
1515081117.3005087
1515081117.3005173
1515081117.3005252
1515081117.3005328
1515081117.3005404
1515081118.4198492
1515081118.419876
1515081118.4198856
1515081118.4198937
1515081118.4199016
1515081118.4199097
1515081118.4199173
1515081119.7053373
1515081119.705368
1515081119.7053788
1515081119.7053876
1515081119.7053964
1515081119.7054052
1515081119.705414
1515081120.9268162
1515081120.9268434
1515081120.9268532
1515081120.9268615
1515081120.9268692
1515081120.926878
1515081120.9268858
1515081121.9219031
1515081121.9219317
1515081121.921941
1515081121.9219494
1515081121.9219575
1515081121.9219654
1515081121.921973
1515081122.7471871
1515081122.7472305
1515081122.747241
1515081122.7472494
1515081122.7472572
1515081122.747265
1515081122.7472727
1515081123.575791
1515081123.575823
1515081123.5758352
1515081123.5758467
1515081123.5758572
1515081123.575868
1515081123.5758784
1515081124.2070153
1515081124.2070436
1515081124.2070534
1515081124.2070613
1515081124.2070692
1515081124.2070775
1515081124.2070854
1515081124.6926696
1515081124.692714
1515081124.6927254
1515081124.6927347
1515081124.6927435
1515081124.6927521
1515081124.6927607
1515081125.129935
1515081125.1299639
1515081125.129977
1515081125.1299877
1515081125.1299984
1515081125.1300092
1515081125.13002
1515081125.227284
1515081125.2273173