
1515081078.0245833
1515081086.2883043
1515081086.2883344
1515081086.2883444
1515081086.2883525
1515081086.2883618
1515081086.2883697
1515081086.2883773
1515081089.246842
1515081089.2468693
1515081089.2468793
1515081089.2468874
1515081089.2468956
1515081089.2469032
1515081089.246911
1515081091.3643937
1515081091.3644311
1515081091.3644445
1515081091.3644528
1515081091.3644607
1515081091.3644686
1515081091.3644767
1515081093.8285346
1515081093.8285625
1515081093.8285723
1515081093.8285806
1515081093.8285904
1515081093.8285983
1515081093.8286061
1515081095.307456
1515081095.307483
1515081095.3074937
1515081095.3075027
1515081095.3077843
1515081095.3078
1515081095.3078094
1515081097.354498
1515081097.3545256
1515081097.3545356
1515081097.354544
1515081097.3545518
1515081097.3545597
1515081097.3545673
1515081098.849204
1515081098.8492293
1515081098.8492389
1515081098.849247
1515081098.8492568
1515081098.8492646
1515081098.8492725
1515081100.8622067
1515081100.8625195
1515081100.8625355
1515081100.8625445
1515081100.862553
1515081100.8625605
1515081100.8625681
1515081102.0714886
1515081102.0719035
1515081102.071926
1515081102.0719388
1515081102.0719497
1515081102.0719602
1515081102.0719705
1515081102.9250913
1515081102.9251187
1515081102.9251292
1515081102.925138
1515081102.9251466
1515081102.925155
1515081102.9251633
1515081103.7193608
1515081103.7193902
1515081103.719403
1515081103.7194114
1515081103.7194197
1515081103.7194276
1515081103.7194357
1515081104.85644
1515081104.8564656
1515081104.856475
1515081104.8564832
1515081104.856491
1515081104.856499
1515081104.8565068
1515081105.8828864
1515081105.882961
1515081105.8830295
1515081105.8830764
1515081105.8831232
1515081105.8831675
1515081105.883211
1515081107.65279
1515081107.652815
1515081107.6528249
1515081107.6528335
1515081107.6528416
1515081107.65285
1515081107.652858
1515081109.2441542
1515081109.2441828
1515081109.2441924
1515081109.2442005
1515081109.2442083
1515081109.2442162
1515081109.2442238
1515081110.8384886
1515081110.8387597
1515081110.8387752
1515081110.8387845
1515081110.8387926
1515081110.8388002
1515081110.8388078
1515081112.4478798
1515081112.4479065
1515081112.4479177
1515081112.4479265
1515081112.4479353
1515081112.447944
1515081112.4479527
1515081114.0034778
1515081114.0035088
1515081114.0035188
1515081114.0035267
1515081114.0035348
1515081114.0035424
1515081114.00355
1515081115.763442
1515081115.763474
1515081115.7634845
1515081115.763494
1515081115.7635026
1515081115.7635114
1515081115.76352
1515081117.3875175
1515081117.3881335
1515081117.3881516
1515081117.388162
1515081117.3881714
1515081117.3881803
1515081117.388189
1515081118.7914555
1515081118.7917807
1515081118.7917974
1515081118.7918067
1515081118.791815
1515081118.791823
1515081118.791831
1515081120.0484211
1515081120.0484502
1515081120.0484607
1515081120.0484695
1515081120.0484781
1515081120.0484865
1515081120.0484948
1515081121.3867354
1515081121.3867633
1515081121.3867726
1515081121.386781
1515081121.386789
1515081121.3867972
1515081121.386805
1515081122.3478189
1515081122.3478508
1515081122.3478613
1515081122.3478699
1515081122.3478777
1515081122.3478858
1515081122.3478937
1515081123.2562878
1515081123.2563126
1515081123.256322
1515081123.2563305
1515081123.2563388
1515081123.2563474
1515081123.2563553
1515081124.0910285
1515081124.1007752
1515081124.1007943
1515081124.1008039
1515081124.1008122
1515081124.1008205
1515081124.1008286
1515081125.2066283
1515081125.2066567
1515081125.2066665
1515081125.2066748
1515081125.2066977
1515081125.206707
1515081125.206715
1515081125.4994996
1515081125.4995308
1515081125.499541
1515081125.4995499
1515081125.4995582
1515081125.4995663
1515081125.4995744
1515081125.802185
1515081125.802214
1515081125.8022237
1515081125.802232
1515081125.8022397
1515081125.80225
1515081125.8022575
1515081126.1000843
1515081126.1001155
1515081126.1001256
1515081126.1001341
1515081126.100142
1515081126.1001499
1515081126.1001577