
1515081078.0334616
1515081080.2407775
1515081080.2408075
1515081080.2408273
1515081080.240837
1515081080.240846
1515081080.2408538
1515081080.2408614
1515081080.2408798
1515081080.2408893
1515081080.2408972
1515081080.240905
1515081080.240913
1515081080.2409208
1515081080.240929
1515081080.2409434
1515081080.2409518
1515081080.2409601
1515081080.240968
1515081080.2409759
1515081080.2409835
1515081080.240991
1515081080.2410054
1515081080.2410138
1515081080.2410216
1515081080.2410295
1515081080.2410376
1515081080.2410452
1515081080.241053
1515081080.2410672
1515081080.2410753
1515081080.241083
1515081080.2410905
1515081080.2410984
1515081080.2411063
1515081080.2411141
1515081080.2416687
1515081081.9484472
1515081081.948473
1515081081.9484828
1515081081.9484909
1515081081.9484987
1515081081.9485066
1515081081.9485145
1515081081.9485307
1515081081.9485395
1515081081.9485471
1515081081.9485552
1515081081.9485629
1515081081.9485705
1515081081.9485784
1515081081.9485927
1515081081.948601
1515081081.9486089
1515081081.9486165
1515081081.9486241
1515081081.9486318
1515081081.9486396
1515081081.9486532
1515081081.9486618
1515081081.9486694
1515081081.9486775
1515081081.9486854
1515081081.9486933
1515081081.9487011
1515081081.9487145
1515081081.9487226
1515081081.9487302
1515081081.9487379
1515081081.9487457
1515081081.9487534
1515081081.9487612
1515081081.9493115
1515081085.368993
1515081085.3690448
1515081085.3690565
1515081085.3690658
1515081085.3690748
1515081085.3690836
1515081085.3690925
1515081086.0120127
1515081086.0120382
1515081086.012049
1515081086.012058
1515081086.0120664
1515081086.0120752
1515081086.0120835
1515081086.810489
1515081086.8107524
1515081086.81077
1515081086.8107796
1515081086.8107877
1515081086.8107955
1515081086.8108037
1515081087.789896
1515081087.789935
1515081087.7899477
1515081087.7899592
1515081087.7899697
1515081087.7899802
1515081087.7899904
1515081088.5452697
1515081088.545294
1515081088.5453038
1515081088.5453124
1515081088.54532
1515081088.5453277
1515081088.5453377
1515081089.448056
1515081089.448654
1515081089.4486868
1515081089.448704
1515081089.4487536
1515081089.448771
1515081089.4487853
1515081090.3649347
1515081090.3649619
1515081090.364973
1515081090.3649833
1515081090.3649929
1515081090.3650022
1515081090.365012
1515081091.1746192
1515081091.1746502
1515081091.1746612
1515081091.1746702
1515081091.174679
1515081091.1746912
1515081091.1747
1515081091.8441885
1515081091.8442178
1515081091.8442273
1515081091.8442357
1515081091.8442438
1515081091.8442516
1515081091.8442595
1515081092.805268
1515081092.8052957
1515081092.8053057
1515081092.805314
1515081092.8053224
1515081092.8053303
1515081092.8053381
1515081094.2822654
1515081094.2822952
1515081094.282305
1515081094.282313
1515081094.282321
1515081094.2823288
1515081094.2823398
1515081095.3967419
1515081095.397104
1515081095.3971238
1515081095.3971596
1515081095.3971708
1515081095.3971786
1515081095.3971865
1515081096.8965542
1515081096.8971562
1515081096.897175
1515081096.897208
1515081096.897217
1515081096.897225
1515081096.8972328
1515081098.25062
1515081098.2506435
1515081098.2506533
1515081098.2506618
1515081098.25067
1515081098.2506778
1515081098.2506857
1515081099.744954
1515081099.7449787
1515081099.7449882
1515081099.7449996
1515081099.745008
1515081099.7450156
1515081099.7450237
1515081101.2206683
1515081101.2207003
1515081101.2207124
1515081101.220723
1515081101.2207327
1515081101.2207422
1515081101.2207518
1515081102.879351
1515081102.8793833
1515081102.8793945
1515081102.879404
1515081102.8794134
1515081102.8794224
1515081102.8794315
1515081104.535861
1515081104.5358937
1515081104.5359042
1515081104.5359123
1515081104.5359201
1515081104.535928
1515081104.5359359
1515081105.9845908
1515081105.9846182
1515081105.9846282
1515081105.984637
1515081105.9846451
1515081105.984653
1515081105.9846606
1515081107.5468044
1515081107.5468326
1515081107.546842
1515081107.54685
1515081107.5468578
1515081107.5468655
1515081107.546873
1515081109.116635
1515081109.1166594
1515081109.116669
1515081109.1166773
1515081109.1166854
1515081109.1166968
1515081109.116705
1515081110.703244
1515081110.7035472
1515081110.7035637
1515081110.7035732
1515081110.7035816
1515081110.7035894
1515081110.7035973
1515081112.1874208
1515081112.1874435
1515081112.187453
1515081112.1874611
1515081112.187469
1515081112.1874766
1515081112.1874843
1515081113.4323657
1515081113.4323938
1515081113.4324033
1515081113.4324117
1515081113.4324198
1515081113.4324276
1515081113.4324353
1515081114.9733236
1515081114.973628
1515081114.9736447
1515081114.973654
1515081114.9736624
1515081114.9736702
1515081114.9736784
1515081116.5904708
1515081116.5913208
1515081116.591363
1515081116.591389
1515081116.5925028
1515081116.592524
1515081116.5925424
1515081117.6427393
1515081117.6427667
1515081117.642777
1515081117.6427855
1515081117.6427937
1515081117.6428018