
1515081078.0797129
1515081088.4313622
1515081088.431397
1515081088.4314082
1515081088.4314177
1515081088.4314287
1515081088.4314377
1515081088.4314466
1515081090.8532841
1515081090.8533168
1515081090.8533282
1515081090.8533378
1515081090.8533466
1515081090.8533554
1515081090.8533645
1515081092.730479
1515081092.730511
1515081092.730522
1515081092.7305303
1515081092.7305386
1515081092.7305462
1515081092.7305539
1515081094.3866744
1515081094.386702
1515081094.3867123
1515081094.386721
1515081094.38673
1515081094.3867378
1515081094.3867457
1515081096.7466657
1515081096.746702
1515081096.7467122
1515081096.7467203
1515081096.7467284
1515081096.746736
1515081096.746744
1515081098.4182293
1515081098.4182565
1515081098.418266
1515081098.418274
1515081098.418282
1515081098.41829
1515081098.4182973
1515081100.0373676
1515081100.0374026
1515081100.0374126
1515081100.037421
1515081100.0374293
1515081100.0374372
1515081100.037445
1515081101.7999828
1515081101.8000498
1515081101.8000975
1515081101.8001418
1515081101.8057613
1515081101.8066096
1515081101.8066707
1515081103.5840268
1515081103.5840654
1515081103.5840836
1515081103.5840971
1515081103.5841095
1515081103.584122
1515081103.5841346
1515081105.1951969
1515081105.1956186
1515081105.1956396
1515081105.1956518
1515081105.1956625
1515081105.1956732
1515081105.1956832
1515081106.7924366
1515081106.792465
1515081106.7924752
1515081106.7924836
1515081106.7924914
1515081106.7924993
1515081106.792507
1515081108.1286685
1515081108.128701
1515081108.1287107
1515081108.1287193
1515081108.1287274
1515081108.1287353
1515081108.128743
1515081109.508457
1515081109.508484
1515081109.5084934
1515081109.5085018
1515081109.5085113
1515081109.5085192
1515081109.5085268
1515081110.928435
1515081110.9285038
1515081110.9285543
1515081110.928601
1515081110.9286456
1515081110.92869
1515081110.928734
1515081112.6226263
1515081112.6226604
1515081112.6226704
1515081112.6226792
1515081112.6226876
1515081112.6226957
1515081112.6227036
1515081114.2510564
1515081114.2510884
1515081114.2511003
1515081114.2511106
1515081114.2511206
1515081114.2511303
1515081114.2511396
1515081115.7051067
1515081115.7051494
1515081115.7051685
1515081115.7051895
1515081115.7052112
1515081115.705231
1515081115.7053006
1515081116.9357865
1515081116.93683
1515081116.9368935
1515081116.936943
1515081116.9369912
1515081116.937039
1515081116.9370859
1515081118.366891
1515081118.3669202
1515081118.3669305
1515081118.3669388
1515081118.366947
1515081118.3669548
1515081118.366963
1515081119.7571814
1515081119.7572095
1515081119.7572203
1515081119.7572298
1515081119.7572384
1515081119.7572472
1515081119.7572556
1515081120.9987671
1515081120.9987903
1515081120.9988
1515081120.9988084
1515081120.9988165
1515081120.9988241
1515081120.9988322
1515081121.9975195
1515081121.9975493
1515081121.9975586
1515081121.9975672
1515081121.9975748
1515081121.9975827
1515081121.9975903
1515081122.7674856
1515081122.7675097
1515081122.7675197
1515081122.767528
1515081122.767536
1515081122.7675438
1515081122.767552
1515081123.459307
1515081123.4593678
1515081123.4593842
1515081123.459394
1515081123.459403
1515081123.459412
1515081123.459421
1515081124.1251357
1515081124.1251678
1515081124.1251788
1515081124.1251876
1515081124.1251965
1515081124.1252062
1515081124.1252153
1515081124.6029012
1515081124.6029294
1515081124.6029384
1515081124.6029465
1515081124.6029541
1515081124.6029618
1515081124.6029818
1515081124.9462874
1515081124.946688
1515081124.9467072
1515081124.9467185
1515081124.9467285
1515081124.946738
1515081124.9467473
1515081125.271108
1515081125.2711358
1515081125.2711456
1515081125.271154
1515081125.2711618
1515081125.2711697
1515081125.2711775