
1515081078.044533
1515081084.6580865
1515081084.6581206
1515081084.6581326
1515081084.6581426
1515081084.6581533
1515081084.6581626
1515081084.658172
1515081087.8135467
1515081087.8135774
1515081087.8135908
1515081087.813602
1515081087.813613
1515081087.817232
1515081087.8172696
1515081090.3326342
1515081090.3326685
1515081090.332683
1515081090.3326943
1515081090.332705
1515081090.3327155
1515081090.332726
1515081092.3754466
1515081092.3754742
1515081092.3754835
1515081092.375492
1515081092.3755014
1515081092.3755093
1515081092.3755174
1515081093.7522485
1515081093.752282
1515081093.7522929
1515081093.752302
1515081093.7523105
1515081093.752319
1515081093.7523277
1515081094.7006037
1515081094.7006345
1515081094.700646
1515081094.700655
1515081094.700664
1515081094.7006729
1515081094.7006817
1515081096.013716
1515081096.0137398
1515081096.0137503
1515081096.0137594
1515081096.0137687
1515081096.0137775
1515081096.0137858
1515081097.3664021
1515081097.3664258
1515081097.3664353
1515081097.3664436
1515081097.3664515
1515081097.3664594
1515081097.366467
1515081098.7868352
1515081098.7868621
1515081098.7868738
1515081098.7868824
1515081098.7868905
1515081098.7868984
1515081098.7869065
1515081100.3682375
1515081100.370467
1515081100.370483
1515081100.370492
1515081100.3704998
1515081100.370508
1515081100.3705158
1515081101.7737765
1515081101.7746131
1515081101.7746336
1515081101.7750087
1515081101.7750208
1515081101.7750294
1515081101.7750375
1515081103.426819
1515081103.4271803
1515081103.427191
1515081103.4271994
1515081103.4272075
1515081103.4272153
1515081103.4272232
1515081104.8219988
1515081104.8220217
1515081104.8220313
1515081104.8220394
1515081104.8220499
1515081104.8220577
1515081104.8220656
1515081106.7286901
1515081106.7287169
1515081106.7287264
1515081106.7287345
1515081106.7287421
1515081106.72875
1515081106.7287576
1515081108.1536076
1515081108.1536324
1515081108.1536422
1515081108.1536508
1515081108.153659
1515081108.153667
1515081108.153675
1515081109.4324481
1515081109.4324815
1515081109.432492
1515081109.4325008
1515081109.43251
1515081109.4325187
1515081109.4325273
1515081110.9071567
1515081110.9071827
1515081110.9071927
1515081110.907201
1515081110.907209
1515081110.907217
1515081110.907225
1515081112.430702
1515081112.4307342
1515081112.4307442
1515081112.4307523
1515081112.4307601
1515081112.4307683
1515081112.4307761
1515081113.9212756
1515081113.92175
1515081113.9217675
1515081113.921778
1515081113.9217873
1515081113.921796
1515081113.9218051
1515081115.6701205
1515081115.6701434
1515081115.6701531
1515081115.6701615
1515081115.6701696
1515081115.6701772
1515081115.670185
1515081117.037519
1515081117.0375469
1515081117.037558
1515081117.0375671
1515081117.037576
1515081117.0375845
1515081117.0375931
1515081118.3086126
1515081118.308642
1515081118.3086514
1515081118.3086596
1515081118.308668
1515081118.3086755
1515081118.3086834
1515081119.6512253
1515081119.6512527
1515081119.6512632
1515081119.6512716
1515081119.65128
1515081119.6512878
1515081119.6512957
1515081120.9008718
1515081120.9008982
1515081120.9009078
1515081120.9009163
1515081120.9009242
1515081120.9009323
1515081120.9009402
1515081122.079036
1515081122.0790696
1515081122.0790823
1515081122.0790927
1515081122.0791028
1515081122.0791135
1515081122.0791237
1515081123.0684505
1515081123.0685246
1515081123.0685413
1515081123.0685542
1515081123.0685658
1515081123.0685775
1515081123.068589
1515081123.9979289
1515081123.9979563
1515081123.9979658
1515081123.997974
1515081123.997982
1515081123.99799