
1515081078.0634325
1515081085.9359932
1515081085.9360194
1515081085.9360294
1515081085.9360378
1515081085.9360468
1515081085.9360547
1515081085.9360623
1515081087.3270252
1515081087.3271186
1515081087.3271706
1515081087.3272178
1515081087.3272636
1515081087.3273077
1515081087.3273704
1515081089.8310735
1515081089.8311098
1515081089.8311224
1515081089.8311312
1515081089.831139
1515081089.831147
1515081089.831155
1515081092.5149934
1515081092.5150187
1515081092.5150287
1515081092.5150373
1515081092.5150466
1515081092.515055
1515081092.515063
1515081094.4964814
1515081094.4968493
1515081094.4968677
1515081094.4968777
1515081094.4968867
1515081094.4968953
1515081094.4969044
1515081096.3817995
1515081096.3818262
1515081096.3818355
1515081096.3818436
1515081096.3818517
1515081096.3818593
1515081096.381867
1515081098.1183124
1515081098.1183548
1515081098.1183672
1515081098.118377
1515081098.1183887
1515081098.1183977
1515081098.1184068
1515081099.7006266
1515081099.7006578
1515081099.7006686
1515081099.7006774
1515081099.700686
1515081099.7006948
1515081099.7007034
1515081101.1090996
1515081101.1091359
1515081101.1091495
1515081101.1091583
1515081101.1091661
1515081101.1091743
1515081101.109182
1515081102.331104
1515081102.331382
1515081102.331398
1515081102.331407
1515081102.3314152
1515081102.3314233
1515081102.3314312
1515081103.7412088
1515081103.7412446
1515081103.7412567
1515081103.7412658
1515081103.7412739
1515081103.741282
1515081103.7412899
1515081105.219325
1515081105.2193713
1515081105.2193823
1515081105.2193906
1515081105.2193987
1515081105.2194066
1515081105.2194145
1515081106.590649
1515081106.5907202
1515081106.5907326
1515081106.5907435
1515081106.5907705
1515081106.5907881
1515081106.5907967
1515081107.9086246
1515081107.9086518
1515081107.9086616
1515081107.90867
1515081107.908678
1515081107.908686
1515081107.9086938
1515081109.324795
1515081109.3248353
1515081109.3248482
1515081109.3248594
1515081109.3248696
1515081109.3248801
1515081109.3248909
1515081110.97703
1515081110.977054
1515081110.9770634
1515081110.977072
1515081110.9770799
1515081110.9770877
1515081110.9770956
1515081112.664206
1515081112.6642373
1515081112.6642473
1515081112.6642556
1515081112.6642637
1515081112.6642718
1515081112.6642797
1515081114.135943
1515081114.1362724
1515081114.1363401
1515081114.1363914
1515081114.1364372
1515081114.1364818
1515081114.1365259
1515081115.735792
1515081115.7358148
1515081115.7358246
1515081115.7358332
1515081115.7358413
1515081115.7358491
1515081115.735857
1515081118.2434433
1515081118.2434714
1515081118.2434814
1515081118.24349
1515081118.243498
1515081118.2435062
1515081118.243514
1515081119.9803607
1515081119.9803944
1515081119.9804056
1515081119.9804149
1515081119.980424
1515081119.9804327
1515081119.9804418
1515081121.535613
1515081121.5356414
1515081121.5356512
1515081121.5356598
1515081121.535668
1515081121.535676
1515081121.5356839
1515081122.421478
1515081122.421508
1515081122.4215186
1515081122.4215276
1515081122.4215362
1515081122.421545
1515081122.4215539
1515081123.2711606
1515081123.2711833
1515081123.2711933
1515081123.2712016
1515081123.2712095
1515081123.271217
1515081123.271225
1515081124.1050484
1515081124.1050706
1515081124.1050806
1515081124.105089
1515081124.1050968
1515081124.1051059
1515081124.105114
1515081124.6622097
1515081124.6622322
1515081124.662242
1515081124.6622498
1515081124.662258
1515081124.6622658
1515081124.6622736
1515081125.0926237
1515081125.092661
1515081125.0926766
1515081125.09269
1515081125.0927026
1515081125.092715
1515081125.0927274
1515081125.21121
1515081125.2112327