
1515081078.012323
1515081084.9546912
1515081084.9547265
1515081084.9547365
1515081084.9547448
1515081084.9547539
1515081084.9547617
1515081084.9547696
1515081085.9536662
1515081085.9536915
1515081085.9537017
1515081085.95371
1515081085.9537182
1515081085.9537258
1515081085.9537337
1515081086.59496
1515081086.595013
1515081086.5950253
1515081086.5950341
1515081086.5950422
1515081086.5950503
1515081086.595058
1515081087.4044783
1515081087.4047604
1515081087.4047766
1515081087.4047856
1515081087.4047952
1515081087.404803
1515081087.404811
1515081088.224342
1515081088.2243705
1515081088.2243807
1515081088.2243888
1515081088.2243967
1515081088.2244043
1515081088.2244122
1515081088.9666681
1515081088.9670312
1515081088.9670484
1515081088.9670575
1515081088.9670656
1515081088.9670732
1515081088.967081
1515081090.5607631
1515081090.5747347
1515081090.5747542
1515081090.5747647
1515081090.574774
1515081090.5747826
1515081090.5747912
1515081091.4327178
1515081091.432746
1515081091.4327557
1515081091.432764
1515081091.432772
1515081091.4327796
1515081091.4327874
1515081092.5879014
1515081092.5879302
1515081092.5879405
1515081092.5879488
1515081092.5879571
1515081092.587965
1515081092.5879729
1515081094.487731
1515081094.4881618
1515081094.4881792
1515081094.4881887
1515081094.488197
1515081094.4882052
1515081094.488213
1515081096.804297
1515081096.8043237
1515081096.8043349
1515081096.8043432
1515081096.804351
1515081096.8043587
1515081096.8043664
1515081098.928995
1515081098.9290247
1515081098.9290347
1515081098.9290428
1515081098.9290504
1515081098.929058
1515081098.9290657
1515081100.996336
1515081100.9963632
1515081100.996373
1515081100.996381
1515081100.9963903
1515081100.9963982
1515081100.996406
1515081102.6301796
1515081102.6302104
1515081102.630221
1515081102.6302297
1515081102.6302385
1515081102.630247
1515081102.6302557
1515081104.184703
1515081104.1847334
1515081104.1847436
1515081104.1847522
1515081104.18476
1515081104.1847677
1515081104.1847754
1515081105.5894303
1515081105.589464
1515081105.5894754
1515081105.589485
1515081105.5894938
1515081105.5895028
1515081105.5895114
1515081107.040953
1515081107.0409808
1515081107.0409908
1515081107.0409994
1515081107.0410078
1515081107.0410156
1515081107.041024
1515081109.25873
1515081109.2587523
1515081109.258762
1515081109.2587702
1515081109.2587783
1515081109.2587862
1515081109.258794
1515081110.2613618
1515081110.26139
1515081110.2613995
1515081110.2614076
1515081110.2614157
1515081110.2614236
1515081110.2614312
1515081111.1701696
1515081111.1705177
1515081111.1705356
1515081111.1705458
1515081111.1705546
1515081111.1705635
1515081111.170572
1515081112.5484893
1515081112.5485992
1515081112.54866
1515081112.5495028
1515081112.5495605
1515081112.549611
1515081112.5498943
1515081114.2863119
1515081114.2863507
1515081114.2863617
1515081114.2863703
1515081114.2863786
1515081114.2863867
1515081114.2863946
1515081115.74824
1515081115.7482648
1515081115.7482748
1515081115.7482834
1515081115.7482913
1515081115.748299
1515081115.7483068
1515081117.1640217
1515081117.164055
1515081117.1640654
1515081117.1640744
1515081117.164083
1515081117.1640913
1515081117.1640997
1515081118.4676092
1515081118.4682772
1515081118.4682941
1515081118.4683037
1515081118.4683123
1515081118.4683237
1515081118.4683313
1515081119.664015
1515081119.6640837
1515081119.664138
1515081119.665042
1515081119.6651077
1515081119.6651576
1515081119.6652038
1515081120.5738273
1515081120.5738552
1515081120.573865
1515081120.5738738
1515081120.5738819
1515081120.5738895
1515081120.5738974
1515081121.4043598
1515081121.4044015
1515081121.4044123
1515081121.4044213
1515081121.40443
1515081121.4044385
1515081121.4044466
1515081122.2221208
1515081122.2221458
1515081122.222155
1515081122.2221632
1515081122.2221708
1515081122.2221801
1515081122.222188
1515081123.0458841
1515081123.0459125
1515081123.0459225
1515081123.0459309
1515081123.045939
1515081123.0459468
1515081123.0459545
1515081123.9151688
1515081123.9156024
1515081123.9156206
1515081123.9156308
1515081123.9156396
1515081123.9156482
1515081123.915657