
1515081078.0755975
1515081085.00829
1515081085.0083277
1515081085.0083387
1515081085.008347
1515081085.0083568
1515081085.008365
1515081085.0083728
1515081086.3872952
1515081086.387318
1515081086.3873274
1515081086.3873513
1515081086.3873618
1515081086.3873696
1515081086.3873775
1515081087.9874935
1515081087.9875367
1515081087.9875507
1515081087.9875603
1515081087.9875693
1515081087.9875784
1515081087.9875875
1515081089.5049014
1515081089.5049386
1515081089.5049505
1515081089.504961
1515081089.504972
1515081089.5049815
1515081089.504991
1515081091.1908734
1515081091.190897
1515081091.1909068
1515081091.1909149
1515081091.190923
1515081091.190931
1515081091.190939
1515081093.25609
1515081093.2561169
1515081093.256127
1515081093.2561355
1515081093.2561433
1515081093.2561512
1515081093.256159
1515081094.4111834
1515081094.4112074
1515081094.4112175
1515081094.4112256
1515081094.4112363
1515081094.4112442
1515081094.4112518
1515081095.7279058
1515081095.7279875
1515081095.72804
1515081095.7281172
1515081095.7281733
1515081095.7282197
1515081095.7282648
1515081097.4366667
1515081097.4366992
1515081097.4367127
1515081097.436722
1515081097.4367309
1515081097.4367397
1515081097.4367485
1515081098.7194817
1515081098.7195067
1515081098.7195163
1515081098.7195246
1515081098.7195327
1515081098.7195406
1515081098.7195485
1515081099.9230106
1515081099.9230382
1515081099.9230504
1515081099.9230587
1515081099.923067
1515081099.9230752
1515081099.9230833
1515081101.0798154
1515081101.0919142
1515081101.0919404
1515081101.0919552
1515081101.0919683
1515081101.0919807
1515081101.0919929
1515081102.9002845
1515081102.9003127
1515081102.9003222
1515081102.9003308
1515081102.9003406
1515081102.9003487
1515081102.9003568
1515081104.622668
1515081104.6226957
1515081104.6227052
1515081104.622713
1515081104.6227214
1515081104.6227293
1515081104.622737
1515081105.9486637
1515081105.9486911
1515081105.9487007
1515081105.9487088
1515081105.9487166
1515081105.9487245
1515081105.9487326
1515081107.627701
1515081107.627729
1515081107.6277387
1515081107.627747
1515081107.627755
1515081107.6277623
1515081107.62777
1515081108.800078
1515081108.8001065
1515081108.8001173
1515081108.8001266
1515081108.8001354
1515081108.8001437
1515081108.800152
1515081109.7814248
1515081109.78145
1515081109.7814596
1515081109.781468
1515081109.781476
1515081109.781484
1515081109.781492
1515081111.0512521
1515081111.0512862
1515081111.051297
1515081111.051306
1515081111.051315
1515081111.051324
1515081111.0513332
1515081112.4576807
1515081112.457707
1515081112.457717
1515081112.4577253
1515081112.4577336
1515081112.4577415
1515081112.4577491
1515081113.8297772
1515081113.8298616
1515081113.8299146
1515081113.8299608
1515081113.8300047
1515081113.830048
1515081113.830092
1515081115.4402692
1515081115.4403207
1515081115.4403343
1515081115.440345
1515081115.4403553
1515081115.440365
1515081115.4403746
1515081116.9563491
1515081116.9564857
1515081116.9624753
1515081116.9625285
1515081116.962575
1515081116.96262
1515081116.9626644
1515081118.0172133
1515081118.01725
1515081118.0172637
1515081118.0172753
1515081118.0172865
1515081118.0172977
1515081118.017309
1515081118.96614
1515081118.9664636
1515081118.96648
1515081118.9664893
1515081118.9664974
1515081118.966506
1515081118.9665139
1515081119.9859219
1515081119.985996
1515081119.9860482
1515081119.9860966
1515081119.9861436
1515081119.98619
1515081119.986236
1515081120.990794
1515081120.9908211
1515081120.990831
1515081120.9908392
1515081120.9908473
1515081120.9908552
1515081120.9908633
1515081121.6693826
1515081121.6694102
1515081121.6694198
1515081121.6694283
1515081121.6694362
1515081121.669444
1515081121.6694517
1515081121.8347654