
1515081078.0156002
1515081084.5058603
1515081084.505892
1515081084.5059028
1515081084.5059116
1515081084.5059216
1515081084.5059297
1515081084.5059376
1515081085.7085264
1515081085.7085652
1515081085.7085767
1515081085.7085865
1515081085.7085958
1515081085.708605
1515081085.7086146
1515081086.8066227
1515081086.8069532
1515081086.8069723
1515081086.8069973
1515081086.807007
1515081086.8070152
1515081086.807023
1515081088.7904575
1515081088.7910116
1515081088.7910392
1515081088.7910545
1515081088.7910702
1515081088.7910833
1515081088.7910964
1515081089.678416
1515081089.6785004
1515081089.6785598
1515081089.6786153
1515081089.6796873
1515081089.6797721
1515081089.679829
1515081090.5785148
1515081090.578554
1515081090.5785654
1515081090.5785747
1515081090.5785832
1515081090.5785918
1515081090.5786004
1515081091.8024971
1515081091.8025253
1515081091.802535
1515081091.8025434
1515081091.802554
1515081091.8025618
1515081091.8025694
1515081092.8837016
1515081092.8839877
1515081092.8840039
1515081092.884013
1515081092.884021
1515081092.8840287
1515081092.8840365
1515081094.233656
1515081094.233696
1515081094.233708
1515081094.2337165
1515081094.2337248
1515081094.2337327
1515081094.2337403
1515081095.790855
1515081095.7908823
1515081095.7908924
1515081095.7909005
1515081095.7909083
1515081095.790916
1515081095.7909236
1515081097.414653
1515081097.4146786
1515081097.4146903
1515081097.4146984
1515081097.4147065
1515081097.414714
1515081097.4147217
1515081098.6900854
1515081098.690167
1515081098.6902187
1515081098.6902657
1515081098.6903112
1515081098.6903555
1515081098.6903996
1515081100.3731673
1515081100.3731892
1515081100.3731983
1515081100.3732066
1515081100.3732154
1515081100.3732233
1515081100.3732312
1515081101.9566677
1515081101.9566905
1515081101.9567003
1515081101.9567087
1515081101.9567165
1515081101.9567244
1515081101.956732
1515081103.4957542
1515081103.4957829
1515081103.4957929
1515081103.4958012
1515081103.4958093
1515081103.4958172
1515081103.4958248
1515081105.1181023
1515081105.1195068
1515081105.119534
1515081105.1195471
1515081105.119559
1515081105.1195705
1515081105.1195822
1515081106.7981026
1515081106.7981265
1515081106.7981365
1515081106.7981448
1515081106.7981532
1515081106.798161
1515081106.798169
1515081108.8497505
1515081108.849792
1515081108.849807
1515081108.8498201
1515081108.8498333
1515081108.849846
1515081108.849859
1515081110.3579512
1515081110.3579788
1515081110.3579886
1515081110.357997
1515081110.3580046
1515081110.3580124
1515081110.35802
1515081111.5915437
1515081111.5915706
1515081111.5915804
1515081111.5915885
1515081111.5915964
1515081111.5916042
1515081111.591612
1515081113.0211554
1515081113.0211837
1515081113.0211937
1515081113.0212018
1515081113.0212097
1515081113.0212178
1515081113.0212257
1515081114.4751568
1515081114.4751859
1515081114.4751956
1515081114.4752035
1515081114.4752114
1515081114.475219
1515081114.4752266
1515081115.870622
1515081115.8706505
1515081115.8706608
1515081115.8706694
1515081115.8706775
1515081115.8706856
1515081115.8706934
1515081117.3315601
1515081117.3318439
1515081117.3318596
1515081117.3318686
1515081117.3318768
1515081117.3318846
1515081117.3318923
1515081118.5955715
1515081118.5958927
1515081118.595909
1515081118.5959177
1515081118.5959258
1515081118.5959346
1515081118.5959425
1515081119.9156206
1515081119.9156487
1515081119.9156582
1515081119.9156666
1515081119.9156747
1515081119.9156826
1515081119.9156907
1515081121.073861
1515081121.0738888
1515081121.0738997
1515081121.0739083
1515081121.0739164
1515081121.0739243
1515081121.073932
1515081122.0888135
1515081122.0888417
1515081122.0888586
1515081122.0888696
1515081122.0888789
1515081122.0888882
1515081122.0888975
1515081122.9251678
1515081122.9254484
1515081122.9254649
1515081122.925474
1515081122.925482
1515081122.9254909
1515081122.925499
1515081123.8070502
1515081123.8078692
1515081123.8078918
1515081123.8079016
1515081123.80791
1515081123.8079178
1515081123.8079257
1515081124.2875516
1515081124.2875834
1515081124.2875948
1515081124.2876046
1515081124.2876172
1515081124.2876272
1515081124.2876365
1515081124.656008
1515081124.6560323
1515081124.6560419
1515081124.6560502
1515081124.656058
1515081124.656066