
1515081078.037354
1515081085.8960142
1515081085.8960583
1515081085.8960698
1515081085.896079
1515081085.8960893
1515081085.896098
1515081085.8961067
1515081086.7295027
1515081086.7295942
1515081086.7296565
1515081086.7297122
1515081086.7297666
1515081086.7298207
1515081086.7298744
1515081087.7136693
1515081087.7137287
1515081087.7137427
1515081087.7137525
1515081087.7137616
1515081087.7137702
1515081087.713779
1515081088.505889
1515081088.5059168
1515081088.5059268
1515081088.505935
1515081088.5059447
1515081088.5059526
1515081088.5059602
1515081089.4031007
1515081089.403462
1515081089.403479
1515081089.4034884
1515081089.4034967
1515081089.403505
1515081089.4035127
1515081090.6388814
1515081090.6389117
1515081090.6389213
1515081090.6389294
1515081090.6389375
1515081090.6389477
1515081090.6389563
1515081091.7555351
1515081091.755564
1515081091.7555737
1515081091.755582
1515081091.7555907
1515081091.7555985
1515081091.7556067
1515081092.6972544
1515081092.697283
1515081092.6972928
1515081092.6973016
1515081092.6973097
1515081092.6973176
1515081092.6973255
1515081094.362162
1515081094.3622544
1515081094.3622782
1515081094.3622947
1515081094.3623104
1515081094.362326
1515081094.363333
1515081095.2558348
1515081095.2564888
1515081095.2565076
1515081095.2565174
1515081095.256527
1515081095.2565358
1515081095.2565444
1515081095.7340238
1515081095.7340975
1515081095.7341518
1515081095.7373662
1515081095.737437
1515081095.7374864
1515081095.7375321
1515081096.2134275
1515081096.2134578
1515081096.213468
1515081096.2134767
1515081096.2134848
1515081096.2134929
1515081096.213501
1515081096.7631116
1515081096.763137
1515081096.7631466
1515081096.763155
1515081096.7631671
1515081096.7631755
1515081096.763183
1515081097.5585923
1515081097.5586238
1515081097.5586338
1515081097.5586424
1515081097.5586505
1515081097.5586584
1515081097.5586665
1515081098.4797776
1515081098.4798002
1515081098.4798098
1515081098.479818
1515081098.4798262
1515081098.479834
1515081098.4798417
1515081099.2432923
1515081099.2435818
1515081099.2435985
1515081099.2436075
1515081099.2436156
1515081099.2436233
1515081099.2436333
1515081100.1480148
1515081100.148052
1515081100.1480622
1515081100.1480708
1515081100.1480784
1515081100.1480863
1515081100.1480942
1515081101.164846
1515081101.165159
1515081101.165175
1515081101.165184
1515081101.1651924
1515081101.1652005
1515081101.165208
1515081101.9448268
1515081101.944854
1515081101.9448633
1515081101.944872
1515081101.94488
1515081101.9448876
1515081101.9448953
1515081102.7579372
1515081102.7579665
1515081102.757976
1515081102.7579844
1515081102.7579925
1515081102.7580004
1515081102.7580082
1515081103.6591942
1515081103.6592255
1515081103.6592364
1515081103.6592462
1515081103.6592553
1515081103.6592646
1515081103.6592739
1515081104.5750892
1515081104.5751176
1515081104.5751274
1515081104.5751355
1515081104.5751433
1515081104.5751512
1515081104.5751588
1515081105.5917444
1515081105.5923066
1515081105.592328
1515081105.5923386
1515081105.5923479
1515081105.592357
1515081105.592366
1515081106.7072902
1515081106.7073166
1515081106.7073271
1515081106.707355
1515081106.7073667
1515081106.7073755
1515081106.7073839
1515081107.411049
1515081107.411083
1515081107.411093
1515081107.4111009
1515081107.4111106