
1515081078.06776
1515081084.9623885
1515081084.9624178
1515081084.9624276
1515081084.9624357
1515081084.962445
1515081084.962453
1515081084.9624605
1515081086.329023
1515081086.3290515
1515081086.3290617
1515081086.3290703
1515081086.3290782
1515081086.3290858
1515081086.3290937
1515081088.166699
1515081088.167367
1515081088.1673834
1515081088.167394
1515081088.1674032
1515081088.1674123
1515081088.1674216
1515081089.3949351
1515081089.395305
1515081089.395322
1515081089.3953311
1515081089.395361
1515081089.3953702
1515081089.395378
1515081090.8356602
1515081090.8359933
1515081090.8360102
1515081090.8360202
1515081090.8360293
1515081090.8360379
1515081090.8360465
1515081092.5112417
1515081092.511269
1515081092.5112786
1515081092.5112867
1515081092.5112948
1515081092.5113027
1515081092.5113106
1515081094.3838964
1515081094.3839252
1515081094.3839347
1515081094.383943
1515081094.3839524
1515081094.38396
1515081094.3839676
1515081096.7666285
1515081096.7666507
1515081096.7666602
1515081096.766668
1515081096.7666762
1515081096.7666838
1515081096.7666917
1515081098.4794133
1515081098.4794414
1515081098.479453
1515081098.479462
1515081098.4794695
1515081098.4794774
1515081098.4794855
1515081100.1735473
1515081100.1735702
1515081100.1735797
1515081100.173588
1515081100.173596
1515081100.1736035
1515081100.1736114
1515081102.022886
1515081102.0229118
1515081102.022923
1515081102.0229313
1515081102.0229392
1515081102.022947
1515081102.022955
1515081104.2348053
1515081104.2348328
1515081104.234842
1515081104.2348504
1515081104.2348583
1515081104.2348657
1515081104.2348733
1515081106.0219352
1515081106.0219607
1515081106.0219703
1515081106.0219786
1515081106.0219872
1515081106.0219948
1515081106.0220027
1515081107.3876374
1515081107.3876662
1515081107.387676
1515081107.387684
1515081107.3876917
1515081107.3876996
1515081107.3877075
1515081108.5713556
1515081108.5713844
1515081108.5713952
1515081108.571404
1515081108.5714126
1515081108.5714211
1515081108.5714295
1515081109.7101429
1515081109.7101727
1515081109.7101827
1515081109.7101908
1515081109.7101986
1515081109.7102065
1515081109.7102141
1515081111.190099
1515081111.1903656
1515081111.1903813
1515081111.1903906
1515081111.190399
1515081111.1904066
1515081111.1904144
1515081112.6801264
1515081112.680473
1515081112.6804903
1515081112.6805005
1515081112.6805096
1515081112.6805186
1515081112.680527
1515081113.9954321
1515081113.99546
1515081113.9954696
1515081113.9954777
1515081113.9954855
1515081113.9954932
1515081113.995501
1515081115.2632754
1515081115.263305
1515081115.2633154
1515081115.2633245
1515081115.263333
1515081115.2644377
1515081115.26445
1515081116.31636
1515081116.3163874
1515081116.3163972
1515081116.3164055
1515081116.3164134
1515081116.316421
1515081116.316429
1515081117.389766
1515081117.3900752
1515081117.390092
1515081117.3901021
1515081117.3901112
1515081117.39012
1515081117.3901284
1515081118.6307938
1515081118.6311173
1515081118.631134
1515081118.631143
1515081118.6311514
1515081118.6311595
1515081118.6311672
1515081119.8529146
1515081119.8529482
1515081119.8529592
1515081119.8529685
1515081119.852977
1515081119.8529859
1515081119.8529944
1515081120.876561
1515081120.876589
1515081120.8765988
1515081120.8766072
1515081120.8766153
1515081120.876624
1515081120.8766322
1515081121.6286964
1515081121.6287305
1515081121.6287415
1515081121.6287508
1515081121.6287599
1515081121.6287687
1515081121.6287773