
1515081078.045328
1515081086.2282674
1515081086.2283053
1515081086.2283163
1515081086.228325
1515081086.228335
1515081086.2283425
1515081086.2283974
1515081089.411396
1515081089.4114203
1515081089.4114301
1515081089.4114385
1515081089.4114463
1515081089.411454
1515081089.4114616
1515081091.8157892
1515081091.8158216
1515081091.8158345
1515081091.8158433
1515081091.8158514
1515081091.815859
1515081091.815867
1515081093.587032
1515081093.5870905
1515081093.5871081
1515081093.5871222
1515081093.587138
1515081093.5871515
1515081093.5871646
1515081095.1660297
1515081095.166066
1515081095.1660788
1515081095.1660903
1515081095.1661012
1515081095.1661117
1515081095.1661222
1515081096.6586044
1515081096.6586335
1515081096.6586437
1515081096.6586533
1515081096.658662
1515081096.6586704
1515081096.658679
1515081098.3491104
1515081098.349139
1515081098.3491488
1515081098.3491573
1515081098.3491673
1515081098.3491752
1515081098.349183
1515081100.2298832
1515081100.2299619
1515081100.2300155
1515081100.230064
1515081100.2301116
1515081100.2301595
1515081100.2302058
1515081102.1562998
1515081102.156568
1515081102.156585
1515081102.1565945
1515081102.1566026
1515081102.156611
1515081102.1566188
1515081104.14322
1515081104.1432476
1515081104.1432571
1515081104.1432652
1515081104.1432729
1515081104.1432807
1515081104.1432886
1515081105.9074378
1515081105.9074624
1515081105.9074726
1515081105.907481
1515081105.9074893
1515081105.9074972
1515081105.9075048
1515081109.0686624
1515081109.0686913
1515081109.068705
1515081109.0687172
1515081109.0687287
1515081109.0687397
1515081109.0687506
1515081111.0661068
1515081111.066242
1515081111.0663397
1515081111.066518
1515081111.066636
1515081111.0667875
1515081111.0668812
1515081112.8391817
1515081112.8392138
1515081112.839226
1515081112.839236
1515081112.8392458
1515081112.8392556
1515081112.839265
1515081114.1103094
1515081114.110624
1515081114.1106408
1515081114.11065
1515081114.1106582
1515081114.1106663
1515081114.1106741
1515081115.510738
1515081115.5107675
1515081115.5107772
1515081115.5107856
1515081115.5107937
1515081115.5108016
1515081115.5108094
1515081116.8413734
1515081116.8424373
1515081116.8424695
1515081116.842509
1515081116.842518
1515081116.842526
1515081116.8425336
1515081117.9272137
1515081117.9272437
1515081117.927255
1515081117.9272642
1515081117.9272733
1515081117.9272819
1515081117.9272907
1515081118.9339707
1515081118.9339986
1515081118.9340086
1515081118.9340172
1515081118.934025
1515081118.934033
1515081118.9340405
1515081120.058649
1515081120.0589395
1515081120.0589554
1515081120.0589645
1515081120.0589845
1515081120.0589929
1515081120.0590005
1515081121.2507691
1515081121.2507973
1515081121.2508073
1515081121.2508154
1515081121.2508233
1515081121.2508311
1515081121.2508388
1515081122.322936
1515081122.3229785
1515081122.32299
1515081122.3229983
1515081122.3230062
1515081122.323014
1515081122.323022
1515081123.2402406
1515081123.2402663
1515081123.2402763
1515081123.2402847
1515081123.2402928
1515081123.240301
1515081123.240309
1515081123.9607682
1515081123.9608011
1515081123.9608119
1515081123.9608212
1515081123.96083
1515081123.9608386
1515081123.9608471
1515081124.3083427
1515081124.308377
1515081124.308387
1515081124.308395