
1515081078.029468
1515081085.018915
1515081085.0189426
1515081085.0189528
1515081085.0189614
1515081085.0189707
1515081085.0189898
1515081085.0190005
1515081086.3822901
1515081086.3823185
1515081086.3823283
1515081086.3823364
1515081086.3823442
1515081086.3823524
1515081086.3823602
1515081088.534069
1515081088.5343566
1515081088.5343742
1515081088.5343843
1515081088.5343926
1515081088.5344005
1515081088.5344086
1515081089.5262885
1515081089.526406
1515081089.526465
1515081089.5265164
1515081089.5265677
1515081089.5266166
1515081089.5266647
1515081090.708771
1515081090.7088044
1515081090.7088153
1515081090.7088249
1515081090.7088335
1515081090.708842
1515081090.7088504
1515081092.6223257
1515081092.622351
1515081092.6223607
1515081092.6223693
1515081092.6223772
1515081092.622385
1515081092.622393
1515081094.46498
1515081094.4653895
1515081094.465409
1515081094.46542
1515081094.4654317
1515081094.4654415
1515081094.4654512
1515081096.0366764
1515081096.0379589
1515081096.037977
1515081096.0379863
1515081096.0379949
1515081096.0380027
1515081096.0380108
1515081097.528436
1515081097.528488
1515081097.5285115
1515081097.528527
1515081097.5285413
1515081097.5285554
1515081097.5285692
1515081098.9051745
1515081098.9054866
1515081098.905503
1515081098.905512
1515081098.9055204
1515081098.9055288
1515081098.905537
1515081100.2867835
1515081100.2868187
1515081100.2868302
1515081100.2868385
1515081100.2868469
1515081100.286855
1515081100.2868629
1515081101.8197002
1515081101.8197937
1515081101.8198593
1515081101.8199196
1515081101.8199782
1515081101.8200364
1515081101.8200943
1515081103.3904986
1515081103.3905358
1515081103.3905458
1515081103.3905547
1515081103.3905637
1515081103.3905716
1515081103.3905797
1515081106.5166326
1515081106.5166607
1515081106.5166707
1515081106.516679
1515081106.5166874
1515081106.5166955
1515081106.5167034
1515081107.7356265
1515081107.7360864
1515081107.7361069
1515081107.7361164
1515081107.7361245
1515081107.7361321
1515081107.7361398
1515081108.989599
1515081108.98963
1515081108.989641
1515081108.9896507
1515081108.9896605
1515081108.9896693
1515081108.9896784
1515081109.9917886
1515081109.9918249
1515081109.9918344
1515081109.9918427
1515081109.9918506
1515081109.9918582
1515081109.991866
1515081111.1875017
1515081111.18781
1515081111.187827
1515081111.1878374
1515081111.187847
1515081111.1878557
1515081111.1878645
1515081112.4937594
1515081112.4937959
1515081112.4938073
1515081112.4938161
1515081112.493825
1515081112.4938338
1515081112.4938424
1515081113.8392372
1515081113.8397975
1515081113.8398583
1515081113.8399055
1515081113.8399498
1515081113.8399935
1515081113.8400364
1515081115.1287658
1515081115.128806
1515081115.1288211
1515081115.1288338
1515081115.1288457
1515081115.1288574
1515081115.1288693
1515081116.2338123
1515081116.2338402
1515081116.23385
1515081116.2338655
1515081116.2338839
1515081116.233902
1515081116.2339194
1515081117.2871377
1515081117.2871633
1515081117.2871737
1515081117.2871826
1515081117.2871914
1515081117.2872005
1515081117.2872095
1515081118.4706666
1515081118.4706898
1515081118.4707
1515081118.4707086
1515081118.470717
1515081118.4707253
1515081118.4707334
1515081119.4529843
1515081119.4534748
1515081119.4535
1515081119.4535153
1515081119.4535291
1515081119.453545
1515081119.453558
1515081120.2582905
1515081120.2586184
1515081120.258636
1515081120.2586465
1515081120.2586553
1515081120.258664
1515081120.2586722
1515081121.199023
1515081121.1990514
1515081121.1990614
1515081121.1990697
1515081121.1990778
1515081121.1990857
1515081121.1990938
1515081122.201557
1515081122.201588
1515081122.2015977
1515081122.201606
1515081122.201614
1515081122.2016218
1515081122.2016296
1515081123.0537312
1515081123.0539994
1515081123.0540152
1515081123.0540247
1515081123.0540328
1515081123.0540428
1515081123.054051
1515081123.893341
1515081123.893376
1515081123.8933866
1515081123.893396
1515081123.8934047
1515081123.8934138
1515081123.8934224
1515081124.4107902
1515081124.4108257
1515081124.4108381
1515081124.4108486
1515081124.4108586
1515081124.410869
1515081124.4108791
1515081124.7001553
1515081124.7001815
1515081124.7001913
1515081124.7001996
1515081124.7002077