
1515081078.0636566
1515081085.439332
1515081085.4393814
1515081085.4393916
1515081085.4393997
1515081085.4394095
1515081085.4394174
1515081085.439425
1515081086.3864784
1515081086.3872275
1515081086.3872495
1515081086.388006
1515081086.3880184
1515081086.388027
1515081086.3880346
1515081088.279211
1515081088.2792532
1515081088.279267
1515081088.2792766
1515081088.2792857
1515081088.2792943
1515081088.279303
1515081090.0962985
1515081090.0963266
1515081090.0963361
1515081090.096344
1515081090.096353
1515081090.0963655
1515081090.0963733
1515081091.8944893
1515081091.894526
1515081091.894536
1515081091.8945444
1515081091.8945525
1515081091.8945603
1515081091.8945682
1515081093.45182
1515081093.4518476
1515081093.4518576
1515081093.4518664
1515081093.4518743
1515081093.4518821
1515081093.4518898
1515081094.9396946
1515081094.939731
1515081094.9397407
1515081094.939749
1515081094.9397573
1515081094.9397655
1515081094.9397733
1515081096.5482292
1515081096.5482566
1515081096.5482666
1515081096.5482752
1515081096.548283
1515081096.548291
1515081096.5482988
1515081098.239549
1515081098.2395782
1515081098.2395923
1515081098.2396014
1515081098.2414238
1515081098.2414482
1515081098.2414587
1515081100.2218661
1515081100.2219007
1515081100.2219112
1515081100.2219195
1515081100.2219274
1515081100.2219353
1515081100.221943
1515081102.1298785
1515081102.1307623
1515081102.1307847
1515081102.1307955
1515081102.130805
1515081102.1308553
1515081102.130871
1515081103.913709
1515081103.9137685
1515081103.9137933
1515081103.9138157
1515081103.9138358
1515081103.913855
1515081103.9138749
1515081105.5719926
1515081105.5720193
1515081105.5720286
1515081105.5720367
1515081105.5720453
1515081105.572053
1515081105.572061
1515081107.145124
1515081107.1452317
1515081107.145295
1515081107.145352
1515081107.1454062
1515081107.1467497
1515081107.146823
1515081108.550077
1515081108.550103
1515081108.5501122
1515081108.5501208
1515081108.550129
1515081108.5501368
1515081108.5501444
1515081109.7411687
1515081109.7411976
1515081109.7412071
1515081109.7412155
1515081109.7412233
1515081109.741231
1515081109.7412388
1515081111.1305263
1515081111.130553
1515081111.1305623
1515081111.1305704
1515081111.1305785
1515081111.1305861
1515081111.1305938
1515081112.6304095
1515081112.6307552
1515081112.6307716
1515081112.630781
1515081112.6307893
1515081112.6307974
1515081112.630805
1515081114.0616217
1515081114.0616496
1515081114.0616593
1515081114.0616674
1515081114.061675
1515081114.0616827
1515081114.0616906
1515081115.6637917
1515081115.6638203
1515081115.6638303
1515081115.6638386
1515081115.6638465
1515081115.6638544
1515081115.663862
1515081117.2454338
1515081117.2454674
1515081117.2454777
1515081117.245487
1515081117.2454956
1515081117.2455041
1515081117.2455125
1515081118.5985312
1515081118.5988352
1515081118.5988507
1515081118.5988598
1515081118.5988681
1515081118.5988762
1515081118.598884
1515081120.037034
1515081120.03706
1515081120.0370696
1515081120.037078
1515081120.037086
1515081120.0370939
1515081120.0371017
1515081121.3313532
1515081121.331386
1515081121.3313973
1515081121.3314073
1515081121.3314166
1515081121.331426
1515081121.3314352
1515081122.266338
1515081122.2663655
1515081122.2663753
1515081122.2663832
1515081122.2663908
1515081122.266401
1515081122.266409
1515081123.2153645
1515081123.215423
1515081123.2154353
1515081123.2154453
1515081123.2154539
1515081123.2154624
1515081123.2154713
1515081124.0331502
1515081124.0331764
1515081124.0331864
1515081124.0331945
1515081124.0332024
1515081124.03321
1515081124.033218
1515081124.4941003
1515081124.4941287
1515081124.4941385
1515081124.494147
1515081124.494155
1515081124.4941628
1515081124.4941704
1515081124.6342256
1515081124.6342578