
1515081078.0715637
1515081085.5272121
1515081085.5272436
1515081085.5272546
1515081085.5272636
1515081085.5272734
1515081085.5272815
1515081085.5272896
1515081086.4054043
1515081086.4054277
1515081086.4054375
1515081086.405446
1515081086.4054544
1515081086.4054625
1515081086.4054704
1515081087.47585
1515081087.4761326
1515081087.4761498
1515081087.4761593
1515081087.4761674
1515081087.476175
1515081087.4761827
1515081088.2757306
1515081088.2757673
1515081088.2757778
1515081088.2757862
1515081088.2757947
1515081088.2758026
1515081088.2758105
1515081089.3698013
1515081089.3701568
1515081089.370174
1515081089.3701828
1515081089.370191
1515081089.3701992
1515081089.3702073
1515081090.4557302
1515081090.4557726
1515081090.4557838
1515081090.455793
1515081090.4558017
1515081090.4558103
1515081090.4558187
1515081091.7770061
1515081091.7770329
1515081091.7770426
1515081091.777051
1515081091.77706
1515081091.7770677
1515081091.7770755
1515081093.113084
1515081093.1131253
1515081093.113137
1515081093.1131465
1515081093.1131556
1515081093.1131644
1515081093.1131732
1515081094.4550176
1515081094.455117
1515081094.45518
1515081094.4552357
1515081094.45529
1515081094.4553652
1515081094.455426
1515081096.002195
1515081096.0022848
1515081096.0023425
1515081096.0023894
1515081096.0024352
1515081096.0024803
1515081096.0025246
1515081097.4569697
1515081097.4570394
1515081097.4570563
1515081097.45707
1515081097.457083
1515081097.4570959
1515081097.4571087
1515081099.0319314
1515081099.0320265
1515081099.0320776
1515081099.0321236
1515081099.032168
1515081099.0322113
1515081099.03226
1515081100.8355017
1515081100.8355303
1515081100.8355396
1515081100.8355477
1515081100.8355565
1515081100.8355644
1515081100.8355722
1515081102.8186035
1515081102.8186576
1515081102.8186727
1515081102.818685
1515081102.8186967
1515081102.8187082
1515081102.8187196
1515081104.7079208
1515081104.707949
1515081104.7079585
1515081104.7079668
1515081104.707975
1515081104.707983
1515081104.707991
1515081106.1435363
1515081106.1443245
1515081106.144356
1515081106.1455946
1515081106.1456249
1515081106.1456416
1515081106.1456566
1515081107.7363908
1515081107.7364144
1515081107.736692
1515081107.736712
1515081107.736721
1515081107.7367291
1515081107.7367373
1515081109.0592046
1515081109.0592322
1515081109.0592422
1515081109.0592508
1515081109.0592592
1515081109.0592675
1515081109.0592752
1515081110.575457
1515081110.575491
1515081110.5755045
1515081110.5755157
1515081110.5755265
1515081110.5755372
1515081110.5755477
1515081111.3861308
1515081111.386546
1515081111.386562
1515081111.3865712
1515081111.3865795
1515081111.3865874
1515081111.3865952
1515081112.179562
1515081112.1795905
1515081112.1796007
1515081112.1796093
1515081112.1796176
1515081112.179626
1515081112.179634
1515081113.008997
1515081113.0090377
1515081113.0090563
1515081113.0090728
1515081113.0090883
1515081113.0091033
1515081113.0091186
1515081114.0224683
1515081114.0224936
1515081114.0225244
1515081114.0225337
1515081114.0225415
1515081114.0225494
1515081114.0225575
1515081114.9296813
1515081114.9299586
1515081114.929975
1515081114.9299843
1515081114.9299927
1515081114.9300008
1515081114.9300086
1515081115.7781641
1515081115.7781894
1515081115.7781992
1515081115.7782075
1515081115.7782154
1515081115.7782242
1515081115.7782323
1515081116.8310268
1515081116.8310552
1515081116.8310647
1515081116.831073
1515081116.831081
1515081116.8310905
1515081116.8311067
1515081117.7429485
1515081117.7429984
1515081117.7430198
1515081117.7430408
1515081117.7458897
1515081117.7459123
1515081117.7459223
1515081118.5613675
1515081118.5613954
1515081118.5614047
1515081118.5614133
1515081118.5614214
1515081118.5614297
1515081118.5614376
1515081119.57765
1515081119.5776932
1515081119.5777097
1515081119.5777235
1515081119.5777369
1515081119.5777512
1515081119.5777647
1515081120.2942257
1515081120.2942996
1515081120.29431
1515081120.2943182
1515081120.2943263
1515081120.2943344
1515081120.294342
1515081121.2862544
1515081121.28629
1515081121.2863038
1515081121.2863164
1515081121.286328
1515081121.2863395
1515081121.2863512
1515081121.7749085
1515081121.774939
1515081121.7749498
1515081121.7749588