
1515076242.6315207
1515076244.1319113
1515076244.1319425
1515076244.1319525
1515076244.1319726
1515076244.1319818
1515076244.1319895
1515076244.132004
1515076244.1320124
1515076244.1320202
1515076244.1320343
1515076244.1320426
1515076244.1320503
1515076244.132458
1515076244.1325386
1515076244.1325922
1515076245.3953514
1515076245.3953815
1515076245.395391
1515076245.3954077
1515076245.3954167
1515076245.3954246
1515076245.3954384
1515076245.3954465
1515076245.3954542
1515076245.3954675
1515076245.3954759
1515076245.3954837
1515076245.3962615
1515076245.396361
1515076245.3964179
1515076246.6888645
1515076246.688892
1515076246.6889014
1515076246.6889176
1515076246.6889262
1515076246.6889355
1515076246.6889493
1515076246.6889575
1515076246.688965
1515076246.688978
1515076246.6889863
1515076246.688994
1515076246.689424
1515076246.689517
1515076246.689572
1515076249.0511692
1515076249.0512235
1515076249.0512388
1515076250.1310277
1515076250.1310608
1515076250.1310737
1515076250.6868834
1515076250.6869333
1515076250.6869457
1515076251.104203
1515076251.1042354
1515076251.1042476
1515076251.6091306
1515076251.60947
1515076251.609489
1515076252.132433
1515076252.1324728
1515076252.1324868
1515076252.713189
1515076252.7132134
1515076252.7132235
1515076253.200898
1515076253.2013187
1515076253.201339
1515076253.7583437
1515076253.7583728
1515076253.7583838
1515076254.2750046
1515076254.275371
1515076254.275393
1515076254.7270606
1515076254.727113
1515076254.7271302
1515076255.1801448
1515076255.1801803
1515076255.180195
1515076255.6002877
1515076255.60032
1515076255.600331
1515076256.075427
1515076256.0754638
1515076256.075477
1515076256.610141
1515076256.6101918
1515076256.6102092
1515076257.1397905
1515076257.1398778
1515076257.1399705
1515076257.7726874
1515076257.772723
1515076257.7727334
1515076258.467864
1515076258.4684384
1515076258.468466
1515076259.0542395
1515076259.0542667
1515076259.0542765
1515076259.527533
1515076259.5275633
1515076259.5275738
1515076260.1456873
1515076260.1457975
1515076260.1459591
1515076260.738736
1515076260.7387729
1515076260.738784
1515076261.6130044
1515076261.613044
1515076261.6130564
1515076262.3420682
1515076262.3421087
1515076262.3421245
1515076263.2592492
1515076263.2602062
1515076263.2602463
1515076264.105806
1515076264.1062303
1515076264.1062505
1515076264.9994822
1515076264.9995077
1515076264.9995177
1515076266.1744785
1515076266.1745937
1515076266.1746607
1515076267.353917
1515076267.353951
1515076267.353964
1515076268.5815978
1515076268.5816288
1515076268.5816402
1515076269.8248475
1515076269.824895
1515076269.8249133
1515076271.2382267
1515076271.2382755
1515076271.2383027
1515076272.3092763
1515076272.30931
1515076272.3093216
1515076273.5393736
1515076273.5394044
1515076273.5394156
1515076274.3888597
1515076274.3888962
1515076274.38891
1515076275.5737507
1515076275.574223
1515076275.5742414
1515076276.659218
1515076276.659253
1515076276.659264
1515076277.5616083
1515076277.561639
1515076277.5616503
1515076278.570718
1515076278.5707567
1515076278.5707703
1515076279.5063574
1515076279.5063887
1515076279.5064015
1515076280.3182068
1515076280.3182473
1515076280.3182657
1515076281.0949514
1515076281.0950947
1515076281.0951765
1515076282.167635
1515076282.1676571
1515076282.167669
1515076283.0366309
1515076283.0366619
1515076283.0366745
1515076283.988661
1515076283.9886913
1515076283.988702
1515076284.8460505
1515076284.8460946
1515076284.846109
1515076286.892738
1515076286.8927665
1515076286.8927784
1515076288.8805544
1515076288.880594
1515076288.8806093
1515076289.958603
1515076289.958637
1515076289.9586484
1515076290.9696088
1515076290.9696417
1515076290.9696534
1515076291.881687
1515076291.8833592
1515076291.8833973
1515076292.7274017
1515076292.727837
1515076292.7278574
1515076293.7381895
1515076293.7386708
1515076293.7386992
1515076294.752035
1515076294.752077
1515076294.7520928
1515076295.4663947
1515076295.4664342
1515076295.466447
1515076296.7267327
1515076296.7271304
1515076296.7271523
1515076297.7458189
1515076297.7459178
1515076297.7459843
1515076298.7202811
1515076298.720317
1515076298.7203307
1515076299.6090298
1515076299.609059
1515076299.6090698
1515076300.4461105
1515076300.4461577
1515076300.4461746
1515076301.269223
1515076301.2692602
1515076301.2692764
1515076302.0070267
1515076302.0070662
1515076302.00708
1515076302.584941
1515076302.5853195
1515076302.5853431
1515076303.397813
1515076303.3978565
1515076303.3978713
1515076303.9250546
1515076303.9250875
1515076303.9250994
1515076304.625822
1515076304.6258552
1515076304.6258671
1515076305.439018
1515076305.4394355
1515076305.4394593
1515076306.1037998
1515076306.1038394
1515076306.103856
1515076306.795538
1515076306.795566
1515076306.7955778
1515076307.505591
1515076307.5056248
1515076307.5056374
1515076307.7704554