
1515076242.6403913
1515076251.1653075
1515076251.1657274
1515076251.165822
1515076252.8995962
1515076252.8996215
1515076252.8996315
1515076254.6631823
1515076254.6632304
1515076254.663241
1515076256.4115999
1515076256.4116678
1515076256.411685
1515076257.8024821
1515076257.802521
1515076257.8025317
1515076259.397261
1515076259.397297
1515076259.3973124
1515076260.8608344
1515076260.8608773
1515076260.8608928
1515076262.0424962
1515076262.0425715
1515076262.042595
1515076263.3028524
1515076263.3032303
1515076263.3032525
1515076264.2486002
1515076264.2486608
1515076264.2486937
1515076265.6062293
1515076265.6062763
1515076265.6062913
1515076266.30246
1515076266.302495
1515076266.302515
1515076267.0840454
1515076267.0840774
1515076267.0840888
1515076267.9418325
1515076267.9418716
1515076267.9418883
1515076268.6658514
1515076268.665883
1515076268.6658943
1515076269.4286227
1515076269.429007
1515076269.4290268
1515076270.1909554
1515076270.190987
1515076270.1909971
1515076270.7932045
1515076270.7932334
1515076270.7932427
1515076271.4398038
1515076271.4402235
1515076271.4402452
1515076272.168894
1515076272.168944
1515076272.1689572
1515076272.867037
1515076272.8670695
1515076272.8670838
1515076273.7938175
1515076273.7938423
1515076273.7939215
1515076274.8715632
1515076274.8716073
1515076274.8716235
1515076276.847508
1515076276.8475432
1515076276.8475595
1515076277.6599095
1515076277.6599395
1515076277.6599498
1515076278.6010468
1515076278.6014395
1515076278.6014614
1515076279.462935
1515076279.4629729
1515076279.4629877
1515076280.2156215
1515076280.215659
1515076280.215669
1515076281.0701358
1515076281.0701663
1515076281.0701778
1515076282.1653361
1515076282.1657674
1515076282.1657848
1515076283.2610369
1515076283.2610807
1515076283.2610948
1515076284.2850132
1515076284.2850492
1515076284.2850618
1515076285.1735039
1515076285.1735342
1515076285.1735444
1515076286.484355
1515076286.4843903
1515076286.4844038
1515076287.3753011
1515076287.375419
1515076287.3758407
1515076288.119716
1515076288.1197493
1515076288.119762
1515076288.8969922
1515076288.897034
1515076288.8970466
1515076289.8142743
1515076289.814307
1515076289.8143184
1515076290.5677366
1515076290.568095
1515076290.5681136
1515076291.3810596
1515076291.381105
1515076291.3811197
1515076292.2312424
1515076292.2312877
1515076292.231303
1515076292.8899536
1515076292.89043
1515076292.8904543
1515076293.798546
1515076293.798959
1515076293.7989807
1515076294.679124
1515076294.6791596
1515076294.67917
1515076295.2594595
1515076295.259496
1515076295.259506
1515076296.3237677
1515076296.323822
1515076296.323838
1515076297.0228179
1515076297.0228646
1515076297.0228825
1515076297.941989
1515076297.942113
1515076297.9421856
1515076298.8533964
1515076298.853437
1515076298.8534513
1515076299.7465365
1515076299.74657
1515076299.7465825
1515076300.672707
1515076300.6727517
1515076300.6727653
1515076302.4988856
1515076302.4989083
1515076302.4989188
1515076303.5949557
1515076303.5949912
1515076303.595002
1515076304.507041
1515076304.5070717
1515076304.5070827
1515076305.2411115
1515076305.2412148
1515076305.2412813
1515076306.0970798
1515076306.097116
1515076306.0971262
1515076307.4204519
1515076307.4204862
1515076307.4204998
1515076308.1008487
1515076308.100876
1515076308.1008866
1515076308.778926
1515076308.7797394
1515076308.7797725
1515076309.328314
1515076309.3283558
1515076309.3283749
1515076310.0048928
1515076310.0049157
1515076310.004925
1515076310.1900432