
1515076242.6318302
1515076249.1307523
1515076249.1307845
1515076249.130796
1515076250.4198701
1515076250.4199374
1515076250.419951
1515076251.2853618
1515076251.2857769
1515076251.2858021
1515076251.9532797
1515076251.9533262
1515076251.9533403
1515076252.7866926
1515076252.7867196
1515076252.7867296
1515076253.561279
1515076253.5617971
1515076253.5618215
1515076254.4895108
1515076254.4895408
1515076254.4895544
1515076255.4763675
1515076255.4764035
1515076255.4764152
1515076256.876997
1515076256.8770318
1515076256.8770468
1515076257.919974
1515076257.920603
1515076257.9206338
1515076259.074022
1515076259.0740616
1515076259.0740812
1515076259.977313
1515076259.977356
1515076259.9773712
1515076260.8426168
1515076260.8426585
1515076260.842674
1515076262.1030526
1515076262.1030817
1515076262.1030927
1515076263.4386623
1515076263.4391205
1515076263.439147
1515076264.6263573
1515076264.626386
1515076264.626396
1515076265.6664884
1515076265.6668558
1515076265.6668713
1515076266.7466784
1515076266.7467203
1515076266.7467318
1515076267.893835
1515076267.8938649
1515076267.8938804
1515076269.1161196
1515076269.1161466
1515076269.116156
1515076270.174388
1515076270.1744204
1515076270.1744304
1515076271.0521364
1515076271.05217
1515076271.0521812
1515076272.3364568
1515076272.3365097
1515076272.3365269
1515076273.6230156
1515076273.6230505
1515076273.6230626
1515076274.6687198
1515076274.6687565
1515076274.6687694
1515076275.5224743
1515076275.5228832
1515076275.5229053
1515076276.3691757
1515076276.3692195
1515076276.3692374
1515076277.1630669
1515076277.1631048
1515076277.1631148
1515076278.1203732
1515076278.1204176
1515076278.120431
1515076278.9713547
1515076278.9717643
1515076278.971803
1515076279.9085593
1515076279.9086058
1515076279.9086196
1515076280.901122
1515076280.9011626
1515076280.9011755
1515076282.0052702
1515076282.0053036
1515076282.0053153
1515076282.8914804
1515076282.8915184
1515076282.8915322
1515076283.9065359
1515076283.9065757
1515076283.9065878
1515076285.1334128
1515076285.1334536
1515076285.1334639
1515076286.314222
1515076286.3142579
1515076286.3142695
1515076287.2131197
1515076287.2131555
1515076287.2131674
1515076288.0755236
1515076288.0755708
1515076288.0755847
1515076288.9309368
1515076288.9309654
1515076288.9309752
1515076290.024075
1515076290.0241091
1515076290.0241218
1515076291.1984408
1515076291.1984758
1515076291.1984882
1515076292.4492128
1515076292.449258
1515076292.4492736
1515076293.5331752
1515076293.533227
1515076293.5332406
1515076294.5547209
1515076294.5547466
1515076294.5547578
1515076296.2506359
1515076296.2506757
1515076296.25069
1515076297.9660351
1515076297.9660974
1515076297.9661093
1515076299.0394785
1515076299.0395083
1515076299.03952
1515076300.1379464
1515076300.1382964
1515076300.1383142
1515076301.38637
1515076301.3864026
1515076301.386414
1515076302.6750228
1515076302.6750553
1515076302.6750681
1515076303.7072513
1515076303.7072785
1515076303.707288
1515076304.7063706
1515076304.7064111
1515076304.7064233
1515076305.7861223
1515076305.7861614
1515076305.7861753
1515076306.5989175
1515076306.5989656
1515076306.598978
1515076307.4903524
1515076307.4903839
1515076307.490395
1515076308.351862
1515076308.3522153
1515076308.3522358
1515076309.1542444
1515076309.1548882
1515076309.1549265
1515076309.9511082
1515076309.951143
1515076309.951155
1515076310.6394584
1515076310.6394966
1515076310.639513
1515076311.032734
1515076311.0327723
1515076311.0327828
1515076311.6913056
1515076311.6913443
1515076311.6913567
1515076312.295106
1515076312.2951574
1515076312.2951713
1515076312.7007637
1515076312.7008011
1515076312.7008145
1515076313.100771
1515076313.1008031
1515076313.1008146
1515076313.6036477
1515076313.6036763
1515076313.6036878
1515076314.0270789
1515076314.0271285
1515076314.0271423
1515076314.4080195
1515076314.4084065
1515076314.4084258
1515076314.7574694
1515076314.7575088
1515076314.7575219
1515076315.0667095
1515076315.0667763
1515076315.0667937
1515076315.193551