
1515076242.6547532
1515076249.007016
1515076249.0070505
1515076249.0070624
1515076250.3068645
1515076250.306908
1515076250.3069234
1515076251.1099365
1515076251.1099632
1515076251.1099753
1515076252.7481277
1515076252.7481709
1515076252.748199
1515076254.4158788
1515076254.4159317
1515076254.4159436
1515076255.663484
1515076255.663518
1515076255.6635284
1515076256.8688352
1515076256.8688717
1515076256.8688855
1515076257.8377643
1515076257.8377907
1515076257.8378003
1515076259.009375
1515076259.0094106
1515076259.009423
1515076259.8563328
1515076259.8563688
1515076259.8563817
1515076260.6837816
1515076260.6838286
1515076260.683843
1515076261.584037
1515076261.5840762
1515076261.5840912
1515076262.3575747
1515076262.3576102
1515076262.357622
1515076263.344583
1515076263.3449233
1515076263.3449433
1515076264.183015
1515076264.1830487
1515076264.183061
1515076264.9455538
1515076264.945583
1515076264.945593
1515076265.9273207
1515076265.9273696
1515076265.9273856
1515076266.8810194
1515076266.8810492
1515076266.8810608
1515076267.9069028
1515076267.9069486
1515076267.9069653
1515076269.2457795
1515076269.2458162
1515076269.2458286
1515076270.3923864
1515076270.392418
1515076270.3924313
1515076271.4678295
1515076271.4682698
1515076271.4682887
1515076272.4297655
1515076272.4298093
1515076272.4298258
1515076273.3110201
1515076273.311056
1515076273.311066
1515076273.9753778
1515076273.9754105
1515076273.975423
1515076275.16125
1515076275.1613457
1515076275.161408
1515076276.3111205
1515076276.311186
1515076276.3112018
1515076277.5802455
1515076277.5803058
1515076277.5803318
1515076278.839545
1515076278.8399346
1515076278.8399565
1515076279.9254432
1515076279.9254773
1515076279.9255311
1515076280.9527242
1515076280.9527557
1515076280.9527676
1515076282.1910799
1515076282.19149
1515076282.191507
1515076283.148785
1515076283.148818
1515076283.1488314
1515076284.1368816
1515076284.1369174
1515076284.1369271
1515076285.4859207
1515076285.4860735
1515076285.4861875
1515076286.6509695
1515076286.6510036
1515076286.6510148
1515076287.5771322
1515076287.5777264
1515076287.5777495
1515076288.5056431
1515076288.5056713
1515076288.5056806
1515076289.2082245
1515076289.2082655
1515076289.20828
1515076290.1333795
1515076290.1334333
1515076290.1334474
1515076291.1489007
1515076291.1489384
1515076291.1489513
1515076292.3182898
1515076292.3183336
1515076292.3183513
1515076293.1587834
1515076293.158821
1515076293.1588345
1515076294.4612641
1515076294.4613044
1515076294.4613185
1515076295.080475
1515076295.0805173
1515076295.0805306
1515076296.4225228
1515076296.4225702
1515076296.4225848
1515076297.506177
1515076297.5062106
1515076297.5062249
1515076298.584935
1515076298.584978
1515076298.584991
1515076299.6640751
1515076299.6641035
1515076299.6641133
1515076300.8626654
1515076300.8627088
1515076300.8627226
1515076301.9464462
1515076301.9464831
1515076301.9464989
1515076302.8965683
1515076302.8965952
1515076302.8966048
1515076303.7669148
1515076303.7673225
1515076303.7673442
1515076304.7389655
1515076304.7389953
1515076304.739008
1515076305.7242994
1515076305.7243352
1515076305.7243485
1515076306.518268
1515076306.5183353
1515076306.518351
1515076307.5340605
1515076307.5340908
1515076307.5341027
1515076308.2993932
1515076308.3002853
1515076308.3003075
1515076309.08858
1515076309.0886168
1515076309.088631
1515076309.742614
1515076309.7426567
1515076309.742669
1515076310.179283
1515076310.1793325
1515076310.179346
1515076310.887501
1515076310.887541
1515076310.8875556
1515076311.4116585
1515076311.412094
1515076311.4121177
1515076311.7545128
1515076311.7545455