
1515076242.6312659
1515076249.0826786
1515076249.0827153
1515076249.0827284
1515076250.051733
1515076250.051766
1515076250.0517771
1515076250.7023494
1515076250.702388
1515076250.7024064
1515076251.3803732
1515076251.3804216
1515076251.3804348
1515076252.6004283
1515076252.600461
1515076252.6004725
1515076253.6863098
1515076253.686346
1515076253.6863582
1515076254.691651
1515076254.6921563
1515076254.6921847
1515076255.6552
1515076255.6552413
1515076255.6552587
1515076256.555214
1515076256.5552566
1515076256.5552711
1515076257.4047275
1515076257.4047704
1515076257.404788
1515076258.1955333
1515076258.1955707
1515076258.1955833
1515076259.2659426
1515076259.2659864
1515076259.2660046
1515076260.4121149
1515076260.412161
1515076260.4121723
1515076261.4309971
1515076261.4310315
1515076261.4310431
1515076262.2727714
1515076262.272809
1515076262.272823
1515076263.3669796
1515076263.3673182
1515076263.3673372
1515076264.5562005
1515076264.5565326
1515076264.55655
1515076265.4084127
1515076265.4084458
1515076265.4084587
1515076266.1325142
1515076266.1326234
1515076266.1326826
1515076267.1022422
1515076267.1022732
1515076267.102285
1515076267.9462283
1515076267.9462686
1515076267.9462807
1515076268.7107193
1515076268.7107513
1515076268.710761
1515076269.4800236
1515076269.4804397
1515076269.4804654
1515076270.3636472
1515076270.3636785
1515076270.3636932
1515076271.2102697
1515076271.2103295
1515076271.2103484
1515076272.1963809
1515076272.1964781
1515076272.1965456
1515076272.9685557
1515076272.9685993
1515076272.9686115
1515076273.7404923
1515076273.7405205
1515076273.74053
1515076275.0586846
1515076275.058742
1515076275.0587661
1515076275.94627
1515076275.9469466
1515076275.946973
1515076276.758344
1515076276.7583754
1515076276.7583869
1515076277.6166878
1515076277.616717
1515076277.6167264
1515076278.6447508
1515076278.645449
1515076278.6454687
1515076279.754874
1515076279.7548962
1515076279.7549057
1515076280.9539864
1515076280.9540696
1515076280.9541266
1515076281.9967263
1515076281.9989092
1515076281.9989421
1515076282.7748833
1515076282.7749095
1515076282.7749207
1515076283.927683
1515076283.9277155
1515076283.9277272
1515076284.4866319
1515076284.4866755
1515076284.486693
1515076285.0208247
1515076285.020858
1515076285.0208695
1515076285.4483845
1515076285.448416
1515076285.448427
1515076285.9487514
1515076285.9488075
1515076285.9488218
1515076286.6167698
1515076286.6172009
1515076286.6172235
1515076287.2644327
1515076287.2645361
1515076287.2646072
1515076287.8814645
1515076287.8815203
1515076287.8815353
1515076288.8170972
1515076288.8171344
1515076288.8171482
1515076289.6500566
1515076289.6500995
1515076289.6501126
1515076290.2038143
1515076290.2038653
1515076290.2038789
1515076291.0107245
1515076291.0110986
1515076291.0111206
1515076292.1244097
1515076292.124753
1515076292.1247714
1515076293.2940922
1515076293.2942314
1515076293.2943277
1515076294.6216395
1515076294.6216667
1515076294.621676
1515076295.2098694
1515076295.2099068
1515076295.209921
1515076296.6653962
1515076296.6654325
1515076296.6654425
1515076298.025134
1515076298.0255668
1515076298.0255914
1515076299.6360385
1515076299.6360865
1515076299.636102
1515076300.5858002
1515076300.5858283
1515076300.5858393
1515076301.1437626
1515076301.1438012
1515076301.1438115
1515076301.6886241
1515076301.6886609
1515076301.688675
1515076302.2691517
1515076302.2691789
1515076302.2691905
1515076302.7913842
1515076302.7918563
1515076302.7919102
1515076303.407174
1515076303.4076283
1515076303.4076543
1515076303.8601947
1515076303.8602257
1515076303.8602366
1515076304.4416165
1515076304.4416466
1515076304.4416595