
1515076242.65475
1515076249.0602965
1515076249.0603282
1515076249.0603392
1515076249.9721022
1515076249.9721475
1515076249.9721627
1515076251.3351867
1515076251.335227
1515076251.3352442
1515076252.709743
1515076252.7097812
1515076252.709792
1515076253.935994
1515076253.9360418
1515076253.9360607
1515076254.8551855
1515076254.8553157
1515076254.855393
1515076255.9845965
1515076255.984638
1515076255.9846554
1515076257.3545837
1515076257.354631
1515076257.3546474
1515076258.8459845
1515076258.8460479
1515076258.8460643
1515076260.3461668
1515076260.3462043
1515076260.3462179
1515076261.616494
1515076261.6165214
1515076261.6165323
1515076262.9546208
1515076262.954668
1515076262.9546833
1515076263.9795907
1515076263.9796276
1515076263.9796407
1515076264.9079661
1515076264.9080026
1515076264.9080129
1515076265.9082234
1515076265.9086587
1515076265.90868
1515076266.9514432
1515076266.9514768
1515076266.951489
1515076267.9380126
1515076267.9380455
1515076267.9380558
1515076269.0942328
1515076269.094267
1515076269.0942795
1515076270.225278
1515076270.225311
1515076270.2253244
1515076272.0306602
1515076272.0306947
1515076272.0307062
1515076273.0289288
1515076273.0289688
1515076273.0289812
1515076273.8643386
1515076273.8643777
1515076273.8643932
1515076275.06258
1515076275.0626068
1515076275.0626187
1515076276.063506
1515076276.06354
1515076276.0635521
1515076277.48099
1515076277.481028
1515076277.4810388
1515076278.8976765
1515076278.897709
1515076278.8977213
1515076280.2805088
1515076280.2805398
1515076280.2805512
1515076281.2453456
1515076281.2458758
1515076281.245905
1515076282.4770167
1515076282.4770482
1515076282.47706
1515076283.8610814
1515076283.861126
1515076283.861144
1515076285.0719297
1515076285.0719628
1515076285.0719733
1515076286.5755684
1515076286.5756052
1515076286.5756185
1515076287.582055
1515076287.5823946
1515076287.5824118
1515076288.796708
1515076288.7967453
1515076288.796757
1515076289.8787835
1515076289.8788307
1515076289.878846
1515076291.030873
1515076291.0309193
1515076291.0309348
1515076291.9981084
1515076291.9981437
1515076291.9981558
1515076292.9143198
1515076292.9143531
1515076292.9143662
1515076293.904201
1515076293.904274
1515076293.9042895
1515076294.7826526
1515076294.7826917
1515076294.7827084
1515076295.5167916
1515076295.516908
1515076295.5169728
1515076296.4949737
1515076296.4950244
1515076296.4950407
1515076297.401801
1515076297.4018378
1515076297.4018517
1515076298.3293226
1515076298.329361
1515076298.3293765
1515076299.2732468
1515076299.2735558
1515076299.2735744
1515076300.1461458
1515076300.1461794
1515076300.1461911
1515076301.146364
1515076301.14672
1515076301.1467376
1515076301.9093304
1515076301.9093666
1515076301.9093814
1515076302.7335904
1515076302.7336273
1515076302.7336411
1515076303.612641
1515076303.6126807
1515076303.6126914
1515076304.438902
1515076304.4393315
1515076304.4401429
1515076305.2414324
1515076305.2414656
1515076305.2414792
1515076306.0546796
1515076306.0547268
1515076306.054747
1515076306.9150848
1515076306.9154873
1515076306.915508
1515076307.6449146
1515076307.6449475
1515076307.6449606
1515076308.2914104
1515076308.2918227
1515076308.291847
1515076309.0632226
1515076309.0632555
1515076309.063268
1515076309.9527419
1515076309.9527667
1515076309.9527776
1515076310.8082707
1515076310.8083093
1515076310.808321
1515076311.415509
1515076311.4155447
1515076311.4155593
1515076312.0251899
1515076312.0252323
1515076312.0252485
1515076312.5909252
1515076312.5909998
1515076312.5910263
1515076313.0834618
1515076313.0834908
1515076313.0835004
1515076313.5988338
1515076313.5988705
1515076313.598887
1515076314.0339715
1515076314.0340018
1515076314.0340145
1515076314.440861
1515076314.4412334
1515076314.441255
1515076314.7861586
1515076314.7861948
1515076314.7862065
1515076315.0052774
1515076315.0053115