
1515076242.6211731
1515076249.6832943
1515076249.6833367
1515076249.6833496
1515076251.7801685
1515076251.7804854
1515076251.7805028
1515076253.4809713
1515076253.4810138
1515076253.4810305
1515076254.954844
1515076254.9548903
1515076254.954904
1515076256.2907858
1515076256.2908223
1515076256.290835
1515076257.4886994
1515076257.4887352
1515076257.4887466
1515076258.241964
1515076258.2419944
1515076258.2420046
1515076259.2727525
1515076259.2727935
1515076259.2728095
1515076260.5512187
1515076260.551255
1515076260.551267
1515076261.6592705
1515076261.6593163
1515076261.6593277
1515076262.7839348
1515076262.783972
1515076262.7839844
1515076263.8525412
1515076263.8525739
1515076263.852587
1515076265.0280654
1515076265.0281026
1515076265.0281143
1515076265.997188
1515076265.9972177
1515076265.9972286
1515076267.0370612
1515076267.0370977
1515076267.0371096
1515076267.960824
1515076267.9608755
1515076267.9608917
1515076269.1016674
1515076269.1017
1515076269.101712
1515076270.1711223
1515076270.171152
1515076270.171162
1515076271.057158
1515076271.0571923
1515076271.057207
1515076272.159786
1515076272.159929
1515076272.1600235
1515076272.9959648
1515076272.9960163
1515076272.9960473
1515076273.966897
1515076273.9669423
1515076273.9669554
1515076275.0473788
1515076275.0474274
1515076275.0474398
1515076275.8807619
1515076275.8808022
1515076275.880816
1515076276.841815
1515076276.841845
1515076276.841855
1515076277.693839
1515076277.693869
1515076277.6938818
1515076278.729044
1515076278.7290773
1515076278.7290902
1515076279.702347
1515076279.7024057
1515076279.70243
1515076280.7929857
1515076280.7930236
1515076280.7930353
1515076281.6181421
1515076281.6181786
1515076281.6181896
1515076282.7632968
1515076282.7633262
1515076282.7633357
1515076284.0026746
1515076284.0027075
1515076284.0027196
1515076285.134457
1515076285.1345003
1515076285.1345284
1515076286.0703802
1515076286.0704293
1515076286.070441
1515076287.4453514
1515076287.4456244
1515076287.4456418
1515076288.830729
1515076288.8307796
1515076288.8307946
1515076290.0308805
1515076290.0309112
1515076290.0309243
1515076291.2619233
1515076291.2619536
1515076291.2619638
1515076292.335029
1515076292.3350708
1515076292.335089
1515076293.384752
1515076293.3847947
1515076293.3848112
1515076294.584842
1515076294.5848932
1515076294.584907
1515076295.1210477
1515076295.121079
1515076295.1210904
1515076296.6975415
1515076296.6975765
1515076296.6975892
1515076297.985201
1515076297.985257
1515076297.9852746
1515076299.127461
1515076299.1278598
1515076299.1279042
1515076300.0873258
1515076300.0887802
1515076300.0888069
1515076301.337098
1515076301.3371313
1515076301.3371446
1515076302.417504
1515076302.4175365
1515076302.4175491
1515076303.6160092
1515076303.6160405
1515076303.6160505
1515076304.7686813
1515076304.7687569
1515076304.7687745
1515076306.1591873
1515076306.159217
1515076306.1592267
1515076307.2328222
1515076307.232854
1515076307.2328665
1515076308.1230133
1515076308.1230454
1515076308.1230593
1515076308.95999
1515076308.960025
1515076308.960039
1515076309.690235
1515076309.690271
1515076309.6902828
1515076310.1000278
1515076310.1005094
1515076310.1005344
1515076310.892328
1515076310.8923612
1515076310.8923752
1515076311.3977551
1515076311.3981755
1515076311.3981926
1515076311.8616042
1515076311.8616471
1515076311.8616633
1515076312.4089375
1515076312.4089851
1515076312.4089987
1515076313.0602932
1515076313.0603368
1515076313.0603528
1515076313.6115546
1515076313.611585
1515076313.6115968
1515076314.0078633
1515076314.0079255
1515076314.007939
1515076314.3672404
1515076314.367283
1515076314.3672976
1515076314.6375875
1515076314.6376333
1515076314.6376448
1515076314.9227784
1515076314.922813
1515076314.9228246
1515076315.231393
1515076315.2314303
1515076315.2314408
1515076315.3365135