
1515076242.6231194
1515076244.1537635
1515076244.1537895
1515076244.153805
1515076244.1538246
1515076244.1538343
1515076244.1538422
1515076244.1538563
1515076244.1538646
1515076244.1538727
1515076244.153886
1515076244.1538944
1515076244.153902
1515076244.1543257
1515076244.1544158
1515076244.1544697
1515076245.4436305
1515076245.4436715
1515076245.44369
1515076245.4437203
1515076245.4437366
1515076245.4437516
1515076245.443777
1515076245.4437926
1515076245.4438071
1515076245.4438317
1515076245.4438477
1515076245.4438627
1515076245.4455233
1515076245.4457037
1515076245.445808
1515076246.7682433
1515076246.7682767
1515076246.7682903
1515076246.7683134
1515076246.7683258
1515076246.7683392
1515076246.7683587
1515076246.7683704
1515076246.7683816
1515076246.768401
1515076246.7684126
1515076246.7684238
1515076246.7692544
1515076246.7693934
1515076246.7694812
1515076249.054791
1515076249.0548162
1515076249.0548267
1515076249.7236314
1515076249.7258182
1515076249.725833
1515076250.9741304
1515076250.9741693
1515076250.974183
1515076252.7624304
1515076252.7624629
1515076252.7624745
1515076254.298448
1515076254.2984838
1515076254.2984977
1515076255.5681648
1515076255.5682132
1515076255.5682259
1515076256.8877938
1515076256.887824
1515076256.8878381
1515076257.899785
1515076257.8999584
1515076257.9000323
1515076259.053259
1515076259.0532932
1515076259.0533032
1515076260.1666117
1515076260.166715
1515076260.1667805
1515076261.249402
1515076261.2494414
1515076261.2494552
1515076262.3516715
1515076262.3517022
1515076262.351716
1515076263.4674566
1515076263.4674926
1515076263.467504
1515076264.6267776
1515076264.6268072
1515076264.6268198
1515076265.6478121
1515076265.647855
1515076265.6478653
1515076266.6775312
1515076266.6775627
1515076266.6775763
1515076267.834897
1515076267.834938
1515076267.8349547
1515076269.0354848
1515076269.0355237
1515076269.0355356
1515076270.003192
1515076270.003231
1515076270.0032442
1515076270.6752114
1515076270.6761613
1515076270.6770144
1515076271.6620262
1515076271.6620665
1515076271.6620808
1515076272.7240272
1515076272.72406
1515076272.724071
1515076273.6485379
1515076273.6485653
1515076273.6485767
1515076274.325364
1515076274.3253992
1515076274.3254142
1515076275.3715327
1515076275.3720102
1515076275.3720362
1515076276.262638
1515076276.2626746
1515076276.2626884
1515076276.9540925
1515076276.9541214
1515076276.954131
1515076277.669338
1515076277.669362
1515076277.6693723
1515076278.5256996
1515076278.5257373
1515076278.525751
1515076279.37267
1515076279.3727114
1515076279.3727267
1515076280.0933747
1515076280.0934112
1515076280.0934246
1515076280.9448335
1515076280.94487
1515076280.9448817
1515076281.7756073
1515076281.7763298
1515076281.7763593
1515076282.551815
1515076282.5518496
1515076282.5518615
1515076283.4213166
1515076283.421372
1515076283.421392
1515076284.0219448
1515076284.0219707
1515076284.0219805
1515076284.643591
1515076284.6439714
1515076284.6439912
1515076285.364439
1515076285.3644795
1515076285.3644936
1515076286.0040274
1515076286.0040617
1515076286.004073
1515076286.8861482
1515076286.8861818
1515076286.8861938
1515076287.5381165
1515076287.5382173
1515076287.5382733
1515076288.3909662
1515076288.3910046
1515076288.3910184
1515076289.0649831
1515076289.0650122
1515076289.065024
1515076290.0303986
1515076290.0304239
1515076290.0304341
1515076291.0941978
1515076291.0946474
1515076291.0946734
1515076291.922902
1515076291.9229949
1515076291.9230592
1515076292.817668
1515076292.8177063
1515076292.8177245
1515076293.7422554
1515076293.742289
1515076293.7423048
1515076294.7293773
1515076294.7294114
1515076294.7294211
1515076295.2740138
1515076295.2740428
1515076295.2740552
1515076296.6484237
1515076296.6484652
1515076296.6484835
1515076297.770807
1515076297.7708375
1515076297.770849
1515076298.9192326
1515076298.9192703
1515076298.9192839
1515076299.898875
1515076299.898906
1515076299.8989167
1515076301.0467596
1515076301.046794
1515076301.0468063
1515076302.0830355
1515076302.0830674
1515076302.08308
1515076303.067034
1515076303.0670724
1515076303.0670872
1515076303.8617756
1515076303.8618078
1515076303.8618186
1515076304.7258856
1515076304.7259238
1515076304.725937
1515076305.7962604
1515076305.7966166
1515076305.796638
1515076306.6682918
1515076306.6683314
1515076306.6683464
1515076307.778651
1515076307.778679
1515076307.778691
1515076308.814211
1515076308.814246
1515076308.81426
1515076309.987419
1515076309.987444
1515076309.9874542
1515076310.9736893
1515076310.9737191
1515076310.9737296
1515076311.744996
1515076311.7450302
1515076311.74505
1515076312.3889606
1515076312.3890038
1515076312.3890188
1515076312.9915006
1515076312.9915385
1515076312.9915516
1515076313.1776059
1515076313.177634