
1515076242.6490061
1515076249.603513
1515076249.6035664
1515076249.6035845
1515076250.1462166
1515076250.1462407
1515076250.1462502
1515076250.6990955
1515076250.6991339
1515076250.6991475
1515076251.6911187
1515076251.6914685
1515076251.6914897
1515076252.642751
1515076252.6427855
1515076252.642798
1515076253.2834322
1515076253.283904
1515076253.2839313
1515076254.48415
1515076254.4844596
1515076254.484477
1515076255.2578058
1515076255.2578394
1515076255.2578523
1515076256.0883284
1515076256.0883567
1515076256.0883677
1515076257.1408556
1515076257.1409423
1515076257.1410046
1515076258.1204672
1515076258.120506
1515076258.1205204
1515076259.4081035
1515076259.4081426
1515076259.4081547
1515076260.6966033
1515076260.6966364
1515076260.696648
1515076261.862578
1515076261.8626163
1515076261.862631
1515076263.1439629
1515076263.144085
1515076263.144154
1515076264.59725
1515076264.5975914
1515076264.597609
1515076265.986981
1515076265.987015
1515076265.9870272
1515076267.2087588
1515076267.2088
1515076267.2088118
1515076268.3669279
1515076268.3669746
1515076268.366988
1515076269.441803
1515076269.4421816
1515076269.4422061
1515076270.3604894
1515076270.3610177
1515076270.3610463
1515076271.2489305
1515076271.2489805
1515076271.2489908
1515076272.110819
1515076272.110882
1515076272.110911
1515076272.7913847
1515076272.7917104
1515076272.7917304
1515076273.4903054
1515076273.490346
1515076273.4903603
1515076274.1028278
1515076274.102874
1515076274.1028879
1515076275.1963184
1515076275.1964314
1515076275.1970437
1515076275.9995975
1515076275.9996305
1515076275.9996414
1515076276.915855
1515076276.9159193
1515076276.9159353
1515076277.7765114
1515076277.7765524
1515076277.7765677
1515076278.8157952
1515076278.8161774
1515076278.816199
1515076279.7533646
1515076279.7534015
1515076279.7534113
1515076280.9820304
1515076280.9820585
1515076280.9820688
1515076282.130321
1515076282.1303518
1515076282.1303635
1515076283.0746293
1515076283.074663
1515076283.0746753
1515076284.4174087
1515076284.417447
1515076284.417461
1515076285.6662953
1515076285.666337
1515076285.66635
1515076287.051405
1515076287.0514464
1515076287.0514624
1515076287.7379136
1515076287.7380614
1515076287.7381368
1515076288.7667122
1515076288.7667441
1515076288.7667553
1515076289.758358
1515076289.7584062
1515076289.7584202
1515076290.9485567
1515076290.9489295
1515076290.9489524
1515076291.887719
1515076291.8877501
1515076291.8877647
1515076292.8143775
1515076292.8144722
1515076292.814542
1515076293.9388843
1515076293.9389174
1515076293.9389293
1515076294.7951927
1515076294.7952218
1515076294.7952313
1515076296.636156
1515076296.6361978
1515076296.636208
1515076297.7938955
1515076297.7939205
1515076297.7939312
1515076298.9638422
1515076298.9656286
1515076298.9656513
1515076300.1665523
1515076300.1670516
1515076300.1670804
1515076301.478019
1515076301.4780545
1515076301.4780684
1515076302.5813892
1515076302.5818033
1515076302.581828
1515076303.6571906
1515076303.6572282
1515076303.6572392
1515076304.7369053
1515076304.7369359
1515076304.7369475
1515076305.8819194
1515076305.881956
1515076305.881969
1515076306.75451
1515076306.7545469
1515076306.7545612
1515076307.6827478
1515076307.6827807
1515076307.6827931
1515076308.4697757
1515076308.4701526
1515076308.4701774
1515076309.165183
1515076309.1652257
1515076309.1652377
1515076309.897364
1515076309.8983412
1515076309.89837
1515076310.4261942
1515076310.4262297
1515076310.4262428
1515076310.957303
1515076310.9573371
1515076310.9573505
1515076311.480019
1515076311.480052
1515076311.4800646
1515076311.9095135
1515076311.9095507
1515076311.9095664
1515076312.429861
1515076312.4298987
1515076312.429911
1515076313.037252
1515076313.0372944
1515076313.0373125
1515076313.4038348
1515076313.4038725
1515076313.4039116
1515076313.6796691
1515076313.679698
1515076313.6797082
1515076314.0869265
1515076314.086961
1515076314.0869732