
1515076242.6530354
1515076248.4056394
1515076248.4056747
1515076248.4056869
1515076249.658289
1515076249.6583235
1515076249.6583343
1515076250.547093
1515076250.5471337
1515076250.5471497
1515076251.576039
1515076251.5760891
1515076251.5761032
1515076252.8847842
1515076252.8848193
1515076252.8848336
1515076254.2509544
1515076254.2510042
1515076254.2510176
1515076255.4825444
1515076255.482576
1515076255.482587
1515076257.1392324
1515076257.1393497
1515076257.139416
1515076258.284524
1515076258.2845533
1515076258.284563
1515076259.9957347
1515076259.9957829
1515076259.9957964
1515076261.6146944
1515076261.6147234
1515076261.6147346
1515076263.211257
1515076263.2113228
1515076263.2113473
1515076264.2929316
1515076264.2929654
1515076264.2929795
1515076265.0716496
1515076265.071708
1515076265.071722
1515076265.8657053
1515076265.8657486
1515076265.8657646
1515076266.65484
1515076266.6548946
1515076266.6549103
1515076267.4252987
1515076267.4253342
1515076267.4253473
1515076268.2895968
1515076268.289644
1515076268.2896585
1515076269.0871763
1515076269.0872114
1515076269.0872216
1515076269.902934
1515076269.902992
1515076269.9030066
1515076271.1245513
1515076271.1255403
1515076271.1255586
1515076271.9852283
1515076271.9852734
1515076271.9852853
1515076272.8468626
1515076272.846908
1515076272.8469265
1515076273.787089
1515076273.7871249
1515076273.787135
1515076274.7268727
1515076274.7269108
1515076274.7269223
1515076275.5034647
1515076275.5038497
1515076275.5038688
1515076276.5387027
1515076276.5391753
1515076276.5391984
1515076277.2784343
1515076277.2784925
1515076277.278525
1515076278.0103812
1515076278.010409
1515076278.0104187
1515076278.8393047
1515076278.8396673
1515076278.8396885
1515076279.6982088
1515076279.6982431
1515076279.6982553
1515076280.5084534
1515076280.5084994
1515076280.5085135
1515076281.154421
1515076281.1544993
1515076281.1545694
1515076282.1057181
1515076282.1096368
1515076282.1096783
1515076283.0008795
1515076283.000917
1515076283.0009305
1515076284.0815036
1515076284.081544
1515076284.081555
1515076285.085454
1515076285.0854871
1515076285.0854988
1515076285.8590102
1515076285.859079
1515076285.8590965
1515076286.7304013
1515076286.7304335
1515076286.7304456
1515076287.4311342
1515076287.4318206
1515076287.4318485
1515076288.144798
1515076288.1448298
1515076288.144843
1515076288.9577274
1515076288.9577641
1515076288.9577746
1515076289.8783963
1515076289.878437
1515076289.8784502
1515076290.9008102
1515076290.9008636
1515076290.9008768
1515076291.6620243
1515076291.6620593
1515076291.662071
1515076292.533024
1515076292.533442
1515076292.5334597
1515076293.1807423
1515076293.1808343
1515076293.1808987
1515076293.94781
1515076293.9478467
1515076293.9478579
1515076294.639193
1515076294.6392162
1515076294.6392255
1515076295.1053486
1515076295.1053867
1515076295.105397
1515076296.3809202
1515076296.3809593
1515076296.3809736
1515076297.3319194
1515076297.3319745
1515076297.331991
1515076298.2303631
1515076298.2303977
1515076298.2304127
1515076299.541557
1515076299.541612
1515076299.5416293
1515076300.5815957
1515076300.5816333
1515076300.5816479
1515076301.521284
1515076301.5213292
1515076301.5213432
1515076302.451518
1515076302.4515514
1515076302.4515636
1515076303.4252841
1515076303.4257364
1515076303.4257603
1515076304.0927334
1515076304.0927727
1515076304.092784
1515076304.857381
1515076304.857429
1515076304.8574424
1515076305.9376378
1515076305.9379873
1515076305.938007
1515076306.8015358
1515076306.8015811
1515076306.8015926
1515076307.7140205
1515076307.7140496
1515076307.7140608
1515076308.5651352
1515076308.5656164
1515076308.5656428
1515076309.2454326
1515076309.2454655
1515076309.2454767
1515076309.97751
1515076309.9775689
1515076309.9775808
1515076310.618607
1515076310.6186426
1515076310.6186557
1515076311.039513
1515076311.0395458
1515076311.0395567
1515076311.7545443
1515076311.7545757
1515076311.7545888