
1515076242.661393
1515076248.8113067
1515076248.81138
1515076248.8114016
1515076249.3692822
1515076249.369341
1515076249.3693588
1515076249.9199886
1515076249.9200351
1515076249.9200537
1515076250.8353717
1515076250.835432
1515076250.8354497
1515076251.2248125
1515076251.2251246
1515076251.2251415
1515076251.670013
1515076251.6700451
1515076251.6700568
1515076252.2454422
1515076252.2454762
1515076252.2454884
1515076252.7022321
1515076252.7022703
1515076252.7022855
1515076253.1820993
1515076253.1825788
1515076253.1826003
1515076253.70999
1515076253.7100275
1515076253.7100441
1515076254.3474126
1515076254.3478322
1515076254.3478565
1515076255.302155
1515076255.3021872
1515076255.3022006
1515076255.9227057
1515076255.9227426
1515076255.9227574
1515076256.46932
1515076256.4693515
1515076256.4693632
1515076257.1518743
1515076257.1519957
1515076257.1520593
1515076257.7342732
1515076257.734306
1515076257.7343175
1515076258.3412817
1515076258.341735
1515076258.3417594
1515076259.0904143
1515076259.0904434
1515076259.0904565
1515076259.7828152
1515076259.782858
1515076259.7828763
1515076260.4429066
1515076260.4429371
1515076260.4429464
1515076261.1554997
1515076261.1555448
1515076261.155558
1515076261.7933383
1515076261.793372
1515076261.7933817
1515076262.5845385
1515076262.584573
1515076262.5845852
1515076263.2345517
1515076263.234832
1515076263.2348483
1515076263.8046708
1515076263.8050952
1515076263.805116
1515076264.5141864
1515076264.5142171
1515076264.514227
1515076264.990163
1515076264.990193
1515076264.9902027
1515076265.678345
1515076265.678368
1515076265.6783774
1515076266.3591418
1515076266.359765
1515076266.3597834
1515076267.0859256
1515076267.0859556
1515076267.0859697
1515076267.8542352
1515076267.8542733
1515076267.8542867
1515076268.5928838
1515076268.592916
1515076268.5929286
1515076269.3106318
1515076269.3114011
1515076269.3114216
1515076270.3218167
1515076270.3218527
1515076270.3218672
1515076271.117163
1515076271.117199
1515076271.1172113
1515076271.905518
1515076271.905557
1515076271.9055705
1515076272.7304084
1515076272.7332177
1515076272.7332466
1515076273.5573099
1515076273.557341
1515076273.5573518
1515076274.2090302
1515076274.2090642
1515076274.2090764
1515076275.3156805
1515076275.3162298
1515076275.3162525
1515076276.3714418
1515076276.3714697
1515076276.3714812
1515076277.3248496
1515076277.324898
1515076277.3249164
1515076278.486191
1515076278.486223
1515076278.4862351
1515076279.4212906
1515076279.421323
1515076279.4213343
1515076280.2417262
1515076280.2417538
1515076280.2417634
1515076281.086315
1515076281.0864093
1515076281.086463
1515076282.239553
1515076282.2395825
1515076282.239593
1515076283.166989
1515076283.1670105
1515076283.1670196
1515076284.519676
1515076284.5197113
1515076284.5197248
1515076285.5942147
1515076285.5942597
1515076285.5942736
1515076286.7960463
1515076286.7960794
1515076286.7960916
1515076287.6255734
1515076287.6258905
1515076287.6259089
1515076288.7944412
1515076288.7944703
1515076288.7944808
1515076289.9713967
1515076289.9714358
1515076289.9714499
1515076291.2149267
1515076291.2149544
1515076291.2149642
1515076292.3626852
1515076292.3627222
1515076292.3627343
1515076294.3294241
1515076294.3294554
1515076294.3294666
1515076296.0081863
1515076296.0082195
1515076296.0082333
1515076297.081098
1515076297.0815248
1515076297.0815506
1515076298.0090897
1515076298.0094109
1515076298.0094604
1515076299.0087268
1515076299.008761
1515076299.0087745
1515076300.068319
1515076300.0683517
1515076300.068363
1515076301.2268007
1515076301.226829
1515076301.2268384
1515076302.4844534
1515076302.4844837
1515076302.4844952
1515076303.597827
1515076303.597861
1515076303.597877
1515076303.8727434