
1515076242.628556
1515076249.665624
1515076249.6656578
1515076249.6656687
1515076251.7481976
1515076251.748551
1515076251.7485704
1515076253.2731552
1515076253.2731867
1515076253.2731965
1515076254.574522
1515076254.5745754
1515076254.5745914
1515076255.8127127
1515076255.8127534
1515076255.8127687
1515076256.7258534
1515076256.725906
1515076256.7259188
1515076257.7894075
1515076257.789435
1515076257.7894459
1515076258.754169
1515076258.7542133
1515076258.7542303
1515076259.7146177
1515076259.7146535
1515076259.714665
1515076260.7222188
1515076260.7222497
1515076260.722262
1515076261.8505332
1515076261.8505676
1515076261.8505788
1515076263.2654593
1515076263.2655017
1515076263.2655175
1515076264.4828339
1515076264.4832735
1515076264.4832973
1515076265.4508295
1515076265.4508622
1515076265.4508731
1515076266.2701738
1515076266.2702057
1515076266.2702165
1515076267.22079
1515076267.2208176
1515076267.2208297
1515076268.181685
1515076268.181716
1515076268.1817274
1515076269.2562697
1515076269.2563198
1515076269.256333
1515076270.3700223
1515076270.3700535
1515076270.370068
1515076271.5111032
1515076271.511171
1515076271.511191
1515076272.8801563
1515076272.8801892
1515076272.8802001
1515076273.9826634
1515076273.9826918
1515076273.9827044
1515076275.387347
1515076275.3874588
1515076275.3875284
1515076276.4608505
1515076276.460886
1515076276.4608986
1515076277.5240383
1515076277.5240753
1515076277.5240886
1515076278.7134912
1515076278.713865
1515076278.7138836
1515076280.0225275
1515076280.0225685
1515076280.0225823
1515076281.0371504
1515076281.0372653
1515076281.037318
1515076282.3362799
1515076282.336323
1515076282.3363411
1515076283.8269012
1515076283.8269472
1515076283.8269641
1515076285.2316873
1515076285.2321393
1515076285.232162
1515076286.2509186
1515076286.2509832
1515076286.2510026
1515076287.3751266
1515076287.3754976
1515076287.375518
1515076288.4365559
1515076288.4365888
1515076288.436601
1515076289.9019704
1515076289.9020183
1515076289.9020321
1515076290.8439941
1515076290.844048
1515076290.8440666
1515076291.6503422
1515076291.6510904
1515076291.6511219
1515076292.5076697
1515076292.5077033
1515076292.5077128
1515076293.136589
1515076293.1367087
1515076293.136779
1515076293.8132248
1515076293.813258
1515076293.8132696
1515076294.550552
1515076294.5506208
1515076294.5506356
1515076294.9310503
1515076294.9310977
1515076294.9311097
1515076295.8572774
1515076295.857308
1515076295.8573174
1515076296.5996137
1515076296.6000957
1515076296.6001222
1515076297.4681048
1515076297.4681363
1515076297.4681475
1515076298.2436483
1515076298.243674
1515076298.2436845
1515076299.2339685
1515076299.2340178
1515076299.2340333
1515076300.196539
1515076300.1965673
1515076300.1965785
1515076301.0631416
1515076301.0631673
1515076301.0631773
1515076302.2442582
1515076302.2442973
1515076302.2443106
1515076303.5519588
1515076303.5519931
1515076303.5520046
1515076304.8064137
1515076304.8064532
1515076304.8064632
1515076306.0308082
1515076306.03084
1515076306.0308695
1515076307.2077062
1515076307.2077389
1515076307.207751
1515076308.2204242
1515076308.2204618
1515076308.220472
1515076309.1567852
1515076309.1568124
1515076309.1568239
1515076309.9792445
1515076309.9792705
1515076309.979281
1515076310.722347
1515076310.7223797
1515076310.7223923
1515076311.1009333
1515076311.1009684
1515076311.1009808
1515076311.7888062
1515076311.7891552
1515076311.789175
1515076312.3903518
1515076312.3903875
1515076312.3903997
1515076312.9658782
1515076312.9659154
1515076312.9659288
1515076313.1655204
1515076313.1655571