
1515076243.0913517
1515076250.0414772
1515076250.0415018
1515076250.0415115
1515076251.3329875
1515076251.3332813
1515076251.3332982
1515076251.9730916
1515076251.9731185
1515076251.9731288
1515076252.9527252
1515076252.9527562
1515076252.9527667
1515076253.8426812
1515076253.8430653
1515076253.8430831
1515076254.6636493
1515076254.6636925
1515076254.6637034
1515076256.3033063
1515076256.3033326
1515076256.3033767
1515076257.7238734
1515076257.7238944
1515076257.723904
1515076258.8376086
1515076258.837637
1515076258.8376462
1515076259.8740513
1515076259.8740811
1515076259.8740914
1515076260.8206987
1515076260.8207328
1515076260.820745
1515076262.0028937
1515076262.002925
1515076262.0029383
1515076263.4413168
1515076263.441617
1515076263.4416332
1515076264.8673978
1515076264.867446
1515076264.8674598
1515076265.8950467
1515076265.895078
1515076265.8950884
1515076266.932539
1515076266.932566
1515076266.9325767
1515076268.0596302
1515076268.0596642
1515076268.0596745
1515076269.269649
1515076269.2696748
1515076269.2696843
1515076270.4274027
1515076270.4274304
1515076270.4274397
1515076271.5149293
1515076271.5149574
1515076271.514968
1515076272.672759
1515076272.6730523
1515076272.6730688
1515076273.635104
1515076273.63514
1515076273.6351545
1515076274.3091934
1515076274.3092334
1515076274.309245
1515076275.3906038
1515076275.3906353
1515076275.3906453
1515076276.3287573
1515076276.328786
1515076276.3287957
1515076277.3500276
1515076277.3539407
1515076277.353959
1515076278.4077573
1515076278.4077837
1515076278.4077935
1515076279.716858
1515076279.7168798
1515076279.7168899
1515076280.9962654
1515076280.996299
1515076280.9963095
1515076282.3285258
1515076282.3285542
1515076282.328564
1515076283.5233643
1515076283.5233943
1515076283.523405
1515076284.644534
1515076284.6445594
1515076284.6445692
1515076285.5154827
1515076285.515516
1515076285.5155263
1515076286.4455495
1515076286.445577
1515076286.4455864
1515076287.2864683
1515076287.2865002
1515076287.2865107
1515076288.1061714
1515076288.1062012
1515076288.1062117
1515076288.9887257
1515076288.9890654
1515076288.989083
1515076290.0241897
1515076290.0242128
1515076290.0242221
1515076290.9322314
1515076290.932259
1515076290.9322689
1515076291.7872257
1515076291.7872546
1515076291.7872648
1515076292.7466145
1515076292.746654
1515076292.7466652
1515076293.6043668
1515076293.6043975
1515076293.6044083
1515076294.6548326
1515076294.6548846
1515076294.6548996
1515076295.7215047
1515076295.721535
1515076295.7215457
1515076296.513643
1515076296.5136788
1515076296.513692
1515076297.346563
1515076297.3465936
1515076297.3466036
1515076298.1289403
1515076298.1289709
1515076298.1289823
1515076298.9918447
1515076298.9918814
1515076298.9918914
1515076299.8180676
1515076299.8183718
1515076299.818388
1515076300.6867113
1515076300.686749
1515076300.68676
1515076301.4646811
1515076301.464708
1515076301.4647179
1515076302.3364017
1515076302.3364906
1515076302.3365433
1515076303.0525756
1515076303.054033
1515076303.0540593
1515076303.742792
1515076303.7428281
1515076303.7428396
1515076304.7447538
1515076304.7447798
1515076304.7447896
1515076305.5821934
1515076305.5826125
1515076305.5826292
1515076306.30495
1515076306.3049803
1515076306.3049917
1515076307.1060953
1515076307.106122
1515076307.1061337
1515076307.8073509
1515076307.8073885
1515076307.8073995
1515076308.5002441
1515076308.500517
1515076308.5005333
1515076309.1092489
1515076309.109272
1515076309.1092818
1515076309.8179245
1515076309.817969
1515076309.8179822
1515076310.2168941
1515076310.2169282
1515076310.2169418
1515076310.9988077
1515076310.9988375
1515076310.9988472
1515076311.656623
1515076311.6569262
1515076311.6569438
1515076312.113834
1515076312.1138628
1515076312.1138737
1515076312.4462092
1515076312.4462314