
1515076243.0514839
1515076250.906098
1515076250.9061265
1515076250.9061368
1515076252.3112545
1515076252.3112822
1515076252.3112922
1515076253.3626475
1515076253.362677
1515076253.362687
1515076254.4639933
1515076254.4640303
1515076254.4640408
1515076255.463919
1515076255.4639444
1515076255.4639542
1515076256.4180436
1515076256.418072
1515076256.4180815
1515076257.6651862
1515076257.6652083
1515076257.6652184
1515076258.741045
1515076258.7410808
1515076258.7410927
1515076259.8130603
1515076259.8130884
1515076259.8130982
1515076260.9767165
1515076260.9767578
1515076260.97677
1515076262.160377
1515076262.1604128
1515076262.1604264
1515076263.4342473
1515076263.4345498
1515076263.4345675
1515076264.4559143
1515076264.4562502
1515076264.456309
1515076265.187452
1515076265.1874874
1515076265.1875
1515076265.9105208
1515076265.910547
1515076265.9105573
1515076267.0041442
1515076267.00447
1515076267.0044868
1515076267.8457124
1515076267.8457422
1515076267.845753
1515076268.7398093
1515076268.739836
1515076268.7398458
1515076269.6741292
1515076269.6745367
1515076269.674554
1515076270.5442185
1515076270.5442472
1515076270.5442574
1515076271.424425
1515076271.4244516
1515076271.4244614
1515076272.4625115
1515076272.4625459
1515076272.4625556
1515076273.460366
1515076273.4603925
1515076273.4604023
1515076274.2147615
1515076274.2147937
1515076274.2148056
1515076275.7125971
1515076275.7127118
1515076275.7127795
1515076276.9845865
1515076276.9846098
1515076276.9846196
1515076278.1898506
1515076278.1901457
1515076278.190162
1515076279.624427
1515076279.6244702
1515076279.6244802
1515076280.9355352
1515076280.9355607
1515076280.935571
1515076282.216172
1515076282.2162104
1515076282.2162216
1515076283.6700916
1515076283.6701133
1515076283.670123
1515076284.8566318
1515076284.8573701
1515076284.8574026
1515076286.0070355
1515076286.014038
1515076286.0143733
1515076286.9653418
1515076286.9653878
1515076286.9654005
1515076287.690004
1515076287.6903555
1515076287.690377
1515076288.7099893
1515076288.7104988
1515076288.7105126
1515076289.4927733
1515076289.492802
1515076289.492812
1515076290.2245913
1515076290.2246192
1515076290.2246292
1515076291.2029645
1515076291.203
1515076291.2030134
1515076292.221269
1515076292.2212906
1515076292.2213004
1515076292.9083536
1515076292.9084027
1515076292.9084153
1515076293.671775
1515076293.6718154
1515076293.671826
1515076294.801896
1515076294.8019228
1515076294.8019326
1515076296.144834
1515076296.1457155
1515076296.1457787
1515076297.209589
1515076297.2096152
1515076297.2096255
1515076298.325593
1515076298.325619
1515076298.3256283
1515076299.5475953
1515076299.5476203
1515076299.5476305
1515076300.4683793
1515076300.4684184
1515076300.4684293
1515076301.4709392
1515076301.4709606
1515076301.4709704
1515076302.473483
1515076302.4735088
1515076302.4735198
1515076303.4425414
1515076303.4425683
1515076303.442578
1515076304.1623254
1515076304.1623673
1515076304.1623805
1515076304.8228
1515076304.8228252
1515076304.8228354
1515076305.7883172
1515076305.788745
1515076305.7887661
1515076306.4692388
1515076306.46927
1515076306.4692822
1515076307.2536335
1515076307.2536662
1515076307.2536762
1515076307.996742
1515076307.9967628
1515076307.9967723
1515076308.697832
1515076308.6981983
1515076308.6982198
1515076309.2302315
1515076309.230263
1515076309.2302735
1515076310.0785885
1515076310.0786102
1515076310.0786192
1515076310.9958363
1515076310.9958575
1515076310.9958665
1515076311.719087
1515076311.719111
1515076311.7191205
1515076312.4255848
1515076312.4256127
1515076312.425622
1515076313.0957541
1515076313.095792
1515076313.0958047
1515076313.6591053
1515076313.659133
1515076313.6591449
1515076313.7626827