
1515076243.0876415
1515076248.9554164
1515076248.9554515
1515076248.955464
1515076249.484247
1515076249.4842741
1515076249.4842834
1515076250.0235295
1515076250.0235572
1515076250.0235672
1515076250.855547
1515076250.8555875
1515076250.8556008
1515076251.666891
1515076251.6669192
1515076251.6669297
1515076252.939837
1515076252.9398623
1515076252.9398723
1515076253.9262798
1515076253.9263113
1515076253.9263215
1515076254.6734567
1515076254.6739242
1515076254.6739497
1515076255.4383168
1515076255.438341
1515076255.4383502
1515076256.3347294
1515076256.3347728
1515076256.334784
1515076257.5974805
1515076257.5977564
1515076257.5977728
1515076258.2574818
1515076258.2575202
1515076258.2575321
1515076259.1198435
1515076259.1198735
1515076259.1198833
1515076260.3427408
1515076260.342765
1515076260.3427746
1515076261.3206458
1515076261.320681
1515076261.3206906
1515076262.0770833
1515076262.0771117
1515076262.0771217
1515076263.2601237
1515076263.260426
1515076263.2604437
1515076264.2175772
1515076264.217917
1515076264.2179337
1515076265.6161346
1515076265.6161752
1515076265.6161873
1515076267.0798187
1515076267.0798478
1515076267.0798583
1515076268.3072171
1515076268.3072479
1515076268.3072586
1515076269.3600435
1515076269.3605082
1515076269.3605285
1515076270.4548914
1515076270.4549174
1515076270.4549265
1515076271.4784462
1515076271.4784827
1515076271.478493
1515076272.6790638
1515076272.6790855
1515076272.6790946
1515076273.8748295
1515076273.8748639
1515076273.8748765
1515076275.3612711
1515076275.3613048
1515076275.361315
1515076276.5363772
1515076276.5363982
1515076276.5364072
1515076277.4827738
1515076277.4828
1515076277.4828103
1515076278.493535
1515076278.493571
1515076278.4935849
1515076279.668632
1515076279.6686554
1515076279.6686652
1515076280.7926822
1515076280.7927146
1515076280.7927248
1515076281.824108
1515076281.824145
1515076281.8241553
1515076282.809056
1515076282.809082
1515076282.8090916
1515076284.2095666
1515076284.209642
1515076284.2096946
1515076285.25622
1515076285.2562478
1515076285.2562573
1515076286.1381097
1515076286.138131
1515076286.1381404
1515076287.0444863
1515076287.0445147
1515076287.044524
1515076287.5973208
1515076287.5976336
1515076287.5976512
1515076288.4359212
1515076288.435948
1515076288.4359572
1515076289.2559319
1515076289.256002
1515076289.256023
1515076290.2851002
1515076290.2851734
1515076290.2852283
1515076291.4386573
1515076291.4386835
1515076291.4386938
1515076292.5484266
1515076292.5484483
1515076292.5484574
1515076293.494964
1515076293.4949942
1515076293.495004
1515076294.563398
1515076294.5634243
1515076294.563434
1515076295.0419357
1515076295.0419738
1515076295.041984
1515076296.3882246
1515076296.3882987
1515076296.3883488
1515076297.4618886
1515076297.4622269
1515076297.4622428
1515076298.4629693
1515076298.4629965
1515076298.4630063
1515076299.5232682
1515076299.5235934
1515076299.5236123
1515076300.5955336
1515076300.5955632
1515076300.5955744
1515076301.596566
1515076301.5966086
1515076301.5966272
1515076302.644969
1515076302.6452541
1515076302.64527
1515076303.6196313
1515076303.619668
1515076303.6196783
1515076304.5275993
1515076304.5276206
1515076304.5276299
1515076305.2432039
1515076305.2432334
1515076305.2432446
1515076305.5606234