
1515076243.0614467
1515076248.5616646
1515076248.5616965
1515076248.5617077
1515076249.3371923
1515076249.337217
1515076249.3372269
1515076250.3742673
1515076250.3742936
1515076250.3743036
1515076251.6815057
1515076251.6815398
1515076251.6815498
1515076253.2803972
1515076253.281025
1515076253.2810438
1515076254.6350641
1515076254.6350863
1515076254.6350958
1515076256.116486
1515076256.1165316
1515076256.1165504
1515076257.717828
1515076257.717863
1515076257.7178733
1515076259.255807
1515076259.2558358
1515076259.2558455
1515076260.2821734
1515076260.2822647
1515076260.2823155
1515076261.2787685
1515076261.278796
1515076261.2788053
1515076262.22323
1515076262.223257
1515076262.2232673
1515076263.5332167
1515076263.533512
1515076263.5335293
1515076264.8135223
1515076264.813553
1515076264.8135636
1515076265.6787896
1515076265.6788163
1515076265.6788256
1515076266.562124
1515076266.562152
1515076266.5621617
1515076267.537022
1515076267.5370479
1515076267.5370574
1515076268.690808
1515076268.6908355
1515076268.6908453
1515076269.671122
1515076269.6711483
1515076269.6711755
1515076270.598349
1515076270.5983744
1515076270.5983846
1515076271.7368531
1515076271.7368882
1515076271.7369013
1515076272.879515
1515076272.8795416
1515076272.8795516
1515076273.8580763
1515076273.8580987
1515076273.8581088
1515076274.7062526
1515076274.7062786
1515076274.706288
1515076275.4812844
1515076275.4813118
1515076275.4813216
1515076276.5289578
1515076276.528983
1515076276.528993
1515076277.3863287
1515076277.3863513
1515076277.386361
1515076278.2515357
1515076278.2515624
1515076278.2515717
1515076279.1562586
1515076279.1562977
1515076279.1563137
1515076280.0610783
1515076280.061105
1515076280.0611145
1515076280.9406538
1515076280.9410543
1515076280.9410658
1515076281.8628454
1515076281.8629305
1515076281.8629823
1515076282.6498628
1515076282.6498892
1515076282.6498985
1515076283.6354644
1515076283.6354923
1515076283.6355026
1515076284.4288223
1515076284.4291687
1515076284.429189
1515076285.1261485
1515076285.126176
1515076285.1261857
1515076286.1281562
1515076286.128182
1515076286.1281915
1515076287.0641952
1515076287.064326
1515076287.0644217
1515076288.6245408
1515076288.6245701
1515076288.6245813
1515076289.7323067
1515076289.7323444
1515076289.7323596
1515076291.272014
1515076291.272039
1515076291.272049
1515076292.5517964
1515076292.5540795
1515076292.5540986
1515076293.3674989
1515076293.3675907
1515076293.3676488
1515076294.4651136
1515076294.4651384
1515076294.4651475
1515076294.9604843
1515076294.9605174
1515076294.9605305
1515076296.5922623
1515076296.59229
1515076296.5923002
1515076297.7800221
1515076297.7800539
1515076297.7800646
1515076298.8490195
1515076298.8490467
1515076298.8490565
1515076299.9062746
1515076299.906301
1515076299.9063103
1515076301.2729604
1515076301.272994
1515076301.273005
1515076302.477537
1515076302.4776103
1515076302.477663
1515076303.7099097
1515076303.7103128
1515076303.7103326
1515076304.7015793
1515076304.7016041
1515076304.7016146
1515076305.6794748
1515076305.6795003
1515076305.6795094
1515076306.6576567
1515076306.6576803
1515076306.65769
1515076307.5892515
1515076307.5892768
1515076307.5892897
1515076308.2950444
1515076308.2950804
1515076308.2950912
1515076309.154559
1515076309.1545885
1515076309.1546018
1515076310.058997
1515076310.0590212
1515076310.059031
1515076310.9531524
1515076310.9531777
1515076310.9531882
1515076311.669056
1515076311.669077
1515076311.6690867
1515076312.2578387
1515076312.2578738
1515076312.2579248
1515076312.6629684
1515076312.6630142
1515076312.6630301
1515076313.1296518
1515076313.1296785
1515076313.129688
1515076313.6404195
1515076313.640456
1515076313.6404727
1515076314.1046565
1515076314.1046968
1515076314.1047142
1515076314.4473243
1515076314.447781
1515076314.4478035
1515076314.7747145
1515076314.7747445
1515076314.7747567
1515076315.0625422
1515076315.0625718
1515076315.0625823
1515076315.3565958
1515076315.3566296
1515076315.3566418