
1515076243.0853956
1515076249.3496807
1515076249.349706
1515076249.349716
1515076250.0274882
1515076250.0275111
1515076250.0275207
1515076251.2132757
1515076251.2136223
1515076251.2136402
1515076251.8728697
1515076251.8728955
1515076251.872905
1515076252.3573658
1515076252.3574076
1515076252.3574183
1515076253.0072336
1515076253.0072706
1515076253.0072813
1515076253.8868394
1515076253.8868716
1515076253.8868818
1515076254.5545099
1515076254.5547879
1515076254.5548046
1515076255.4263191
1515076255.426346
1515076255.426356
1515076256.3745716
1515076256.3745978
1515076256.3746073
1515076257.683308
1515076257.6833315
1515076257.6833603
1515076258.9172795
1515076258.9173756
1515076258.9174478
1515076260.050827
1515076260.0508542
1515076260.0508647
1515076261.0696259
1515076261.069738
1515076261.069794
1515076262.025726
1515076262.0257635
1515076262.025775
1515076263.5520532
1515076263.5520756
1515076263.5520854
1515076264.8647852
1515076264.8648071
1515076264.864817
1515076266.1164765
1515076266.1165087
1515076266.116519
1515076267.2863574
1515076267.2863858
1515076267.2863958
1515076268.3705723
1515076268.3708813
1515076268.3709018
1515076269.3642921
1515076269.3645835
1515076269.3646004
1515076270.5740318
1515076270.5743418
1515076270.5743575
1515076272.4216142
1515076272.4216392
1515076272.4216487
1515076273.4152586
1515076273.4152894
1515076273.4153006
1515076274.152199
1515076274.1522305
1515076274.1522422
1515076275.4171956
1515076275.4172213
1515076275.4172313
1515076276.5291855
1515076276.5292168
1515076276.5292268
1515076277.4441338
1515076277.444166
1515076277.4441783
1515076278.2897136
1515076278.289997
1515076278.2900136
1515076279.19154
1515076279.1915715
1515076279.191585
1515076280.0157382
1515076280.0157683
1515076280.015779
1515076280.8239582
1515076280.823993
1515076280.8240037
1515076281.6422951
1515076281.6425855
1515076281.6436198
1515076282.5096629
1515076282.509689
1515076282.5096986
1515076283.3016822
1515076283.3017333
1515076283.301745
1515076284.2260416
1515076284.2260776
1515076284.2260947
1515076285.030884
1515076285.0309057
1515076285.0309155
1515076285.7005641
1515076285.7005968
1515076285.700608
1515076286.677202
1515076286.6772287
1515076286.6772387
1515076287.6279974
1515076287.628424
1515076287.6284413
1515076288.733468
1515076288.7334995
1515076288.7335105
1515076289.7887676
1515076289.7887933
1515076289.7888026
1515076290.7989633
1515076290.800087
1515076290.8001053
1515076291.7138388
1515076291.713866
1515076291.713876
1515076292.6333542
1515076292.6334543
1515076292.6335163
1515076293.4443474
1515076293.4443767
1515076293.4443877
1515076294.4324028
1515076294.4324257
1515076294.4324353
1515076294.8824599
1515076294.8824954
1515076294.882506
1515076295.991166
1515076295.9911926
1515076295.9912026
1515076296.8126996
1515076296.8129792
1515076296.812996
1515076297.815673
1515076297.8157082
1515076297.815724
1515076298.782983
1515076298.783009
1515076298.783018
1515076299.8655007
1515076299.8655384
1515076299.8655512
1515076300.9777768
1515076300.9778032
1515076300.9778132
1515076302.1912937
1515076302.1913211
1515076302.1913304
1515076303.428904
1515076303.4289334
1515076303.4289432
1515076304.6352339
1515076304.6352742
1515076304.635287
1515076305.5495293
1515076305.5495598
1515076305.5495706
1515076306.1504948
1515076306.1505208
1515076306.1505322
1515076306.6383603
1515076306.638389
1515076306.638399
1515076307.1777413
1515076307.1777809
1515076307.1777945
1515076307.7160637
1515076307.716092
1515076307.7161024
1515076307.9041848