
1515076243.0916033
1515076250.5762184
1515076250.5762537
1515076250.5762684
1515076252.1499147
1515076252.149951
1515076252.149965
1515076252.9777277
1515076252.9777665
1515076252.9777832
1515076253.5780506
1515076253.578469
1515076253.5784893
1515076254.0389984
1515076254.0390306
1515076254.039042
1515076254.6337512
1515076254.6337943
1515076254.633805
1515076255.1432147
1515076255.1432447
1515076255.1432567
1515076255.702495
1515076255.7025292
1515076255.7025414
1515076256.224328
1515076256.2243588
1515076256.2243698
1515076256.769304
1515076256.7693322
1515076256.7693417
1515076257.2526653
1515076257.2542691
1515076257.2543392
1515076258.5038831
1515076258.5039098
1515076258.50392
1515076259.2795482
1515076259.2798982
1515076259.2799144
1515076260.0030951
1515076260.0031292
1515076260.0031402
1515076260.5436146
1515076260.543923
1515076260.543939
1515076261.204467
1515076261.2044995
1515076261.204512
1515076261.9806228
1515076261.9806495
1515076261.980659
1515076262.9196796
1515076262.919706
1515076262.9197164
1515076263.6724474
1515076263.6727345
1515076263.6727512
1515076264.875231
1515076264.87526
1515076264.8752723
1515076265.8000941
1515076265.800127
1515076265.8001378
1515076266.72482
1515076266.724852
1515076266.7248666
1515076267.5172088
1515076267.51723
1515076267.5172396
1515076268.4435773
1515076268.4436042
1515076268.4436138
1515076269.531525
1515076269.5318081
1515076269.5318248
1515076270.570744
1515076270.5710576
1515076270.571073
1515076272.0698178
1515076272.0698497
1515076272.0698607
1515076273.0780697
1515076273.0781064
1515076273.0781176
1515076274.0012581
1515076274.0012844
1515076274.0012937
1515076275.5818648
1515076275.5820687
1515076275.5821226
1515076276.7646112
1515076276.764638
1515076276.764647
1515076277.984965
1515076277.9850018
1515076277.9850116
1515076278.9865134
1515076278.9868848
1515076278.9869072
1515076280.302999
1515076280.3030312
1515076280.3030431
1515076281.2728565
1515076281.2729437
1515076281.2730012
1515076282.478374
1515076282.4784105
1515076282.478428
1515076283.571814
1515076283.5718424
1515076283.5718527
1515076284.5382771
1515076284.5386577
1515076284.5386763
1515076285.4194949
1515076285.4195228
1515076285.419532
1515076286.7313247
1515076286.7313943
1515076286.731408
1515076288.6919477
1515076288.6919742
1515076288.6919837
1515076289.5958872
1515076289.5959282
1515076289.595946
1515076290.311248
1515076290.3113163
1515076290.3113878
1515076291.2804961
1515076291.2805252
1515076291.280535
1515076292.203307
1515076292.2033496
1515076292.2033637
1515076292.9182699
1515076292.9182935
1515076292.9183037
1515076294.249268
1515076294.2493012
1515076294.2493129
1515076295.8475924
1515076295.8476276
1515076295.847639
1515076296.7557938
1515076296.7558208
1515076296.7558308
1515076297.82428
1515076297.824309
1515076297.8243196
1515076298.8108914
1515076298.810918
1515076298.810929
1515076300.0655663
1515076300.065604
1515076300.065614
1515076301.2512274
1515076301.251249
1515076301.2512581
1515076302.4604623
1515076302.4604871
1515076302.4604971
1515076303.6944654
1515076303.6945007
1515076303.6945112
1515076304.7634778
1515076304.7635067
1515076304.7635167
1515076306.0314028
1515076306.0314407
1515076306.0314512
1515076307.0802343
1515076307.0802593
1515076307.0802698
1515076307.9909043
1515076307.9909394
1515076307.9909494
1515076308.9361055
1515076308.9361382
1515076308.9361498
1515076310.0403202
1515076310.0403507
1515076310.0403607
1515076310.9844134
1515076310.9844415
1515076310.9844522
1515076311.7836752
1515076311.783707
1515076311.7837179
1515076312.4420307
1515076312.4420571
1515076312.4420667
1515076313.130944
1515076313.1309664
1515076313.1309762
1515076313.6610422
1515076313.6610754
1515076313.66109
1515076314.1147964
1515076314.1153057
1515076314.1153324