
1515076243.0654166
1515076248.3635378
1515076248.3635683
1515076248.3635778
1515076249.3153515
1515076249.315386
1515076249.3153977
1515076249.92737
1515076249.9273996
1515076249.9274101
1515076250.4654753
1515076250.4655087
1515076250.4655194
1515076251.0010545
1515076251.0010886
1515076251.0011024
1515076251.798724
1515076251.7990935
1515076251.7991116
1515076252.3844001
1515076252.3844278
1515076252.3844376
1515076253.0079663
1515076253.0079882
1515076253.0079975
1515076253.7089837
1515076253.70944
1515076253.7094622
1515076254.411903
1515076254.41193
1515076254.4119399
1515076255.445439
1515076255.4454613
1515076255.445471
1515076256.3351917
1515076256.3352497
1515076256.335264
1515076257.0707736
1515076257.0707996
1515076257.0708098
1515076257.8154376
1515076257.8162484
1515076257.8162656
1515076258.6321683
1515076258.6322074
1515076258.6322238
1515076259.4770365
1515076259.4774106
1515076259.4774277
1515076260.3114438
1515076260.3114681
1515076260.3114784
1515076261.373226
1515076261.3732605
1515076261.3732708
1515076262.279891
1515076262.2799168
1515076262.279927
1515076263.4221609
1515076263.422189
1515076263.4221988
1515076264.2689574
1515076264.2689846
1515076264.268994
1515076265.3402114
1515076265.3402743
1515076265.3402896
1515076266.847297
1515076266.8473322
1515076266.8473706
1515076268.0379596
1515076268.0380042
1515076268.0380168
1515076269.219579
1515076269.2196558
1515076269.2197063
1515076270.427765
1515076270.4278479
1515076270.4278982
1515076271.5084794
1515076271.508513
1515076271.508523
1515076272.6554127
1515076272.6554441
1515076272.6554549
1515076273.832975
1515076273.8330061
1515076273.8330169
1515076274.9347117
1515076274.93474
1515076274.9347498
1515076276.056062
1515076276.0560884
1515076276.0560987
1515076277.041295
1515076277.0413334
1515076277.0413516
1515076277.9347599
1515076277.9347963
1515076277.934806
1515076278.8607
1515076278.86101
1515076278.861029
1515076279.8077168
1515076279.8077443
1515076279.8077538
1515076280.8778825
1515076280.8779187
1515076280.8779294
1515076281.8452117
1515076281.8452342
1515076281.845244
1515076282.846
1515076282.8460279
1515076282.8460383
1515076283.7293127
1515076283.7293413
1515076283.729351
1515076284.5243995
1515076284.5244365
1515076284.5244465
1515076285.3277287
1515076285.3277538
1515076285.3277638
1515076286.0834155
1515076286.0834532
1515076286.083464
1515076287.194841
1515076287.1948729
1515076287.1948843
1515076287.9297793
1515076287.9298036
1515076287.9298131
1515076288.7748432
1515076288.7748935
1515076288.7749085
1515076289.668115
1515076289.6681476
1515076289.6681604
1515076290.4314733
1515076290.4315002
1515076290.43151
1515076291.4030156
1515076291.407617
1515076291.4076343
1515076292.3200676
1515076292.3203936
1515076292.3204103
1515076293.054668
1515076293.054705
1515076293.054715
1515076293.9946046
1515076293.9948819
1515076293.9948986
1515076294.8588119
1515076294.8588452
1515076294.8588557
1515076295.974538
1515076295.9745765
1515076295.974587
1515076297.0196319
1515076297.0199482
1515076297.0199673
1515076298.0582259
1515076298.058539
1515076298.058555
1515076299.180358
1515076299.180384
1515076299.1803944
1515076300.1418376
1515076300.142412
1515076300.1424298
1515076301.287183
1515076301.2872162
1515076301.2872293
1515076302.235078
1515076302.2351527
1515076302.2352037
1515076303.4247262
1515076303.4247563
1515076303.424766
1515076304.5228834
1515076304.52292
1515076304.522931
1515076305.6842427
1515076305.6842768
1515076305.6842904
1515076306.6438937
1515076306.643917
1515076306.6439269
1515076306.953914