
1515076243.0694509
1515076249.5494692
1515076249.5494983
1515076249.549508
1515076250.5411654
1515076250.541197
1515076250.5412073
1515076251.0808117
1515076251.0808342
1515076251.080844
1515076251.6063726
1515076251.606753
1515076251.6067743
1515076252.437552
1515076252.437575
1515076252.4375854
1515076253.072264
1515076253.0722897
1515076253.0723
1515076253.8619776
1515076253.8623416
1515076253.862359
1515076254.667974
1515076254.6680007
1515076254.6680105
1515076255.3932989
1515076255.393327
1515076255.3933363
1515076256.4493403
1515076256.4493678
1515076256.4493775
1515076257.8078833
1515076257.8079112
1515076257.8079207
1515076258.9871743
1515076258.987202
1515076258.9872122
1515076260.1568184
1515076260.1569479
1515076260.1570106
1515076261.3470583
1515076261.3470917
1515076261.3471017
1515076262.5251558
1515076262.5251966
1515076262.5252123
1515076263.6053069
1515076263.6077437
1515076263.6077843
1515076264.830693
1515076264.8307147
1515076264.8307245
1515076266.0825934
1515076266.0826204
1515076266.08263
1515076267.5031507
1515076267.5031781
1515076267.503188
1515076268.9571762
1515076268.9572055
1515076268.9572153
1515076270.065463
1515076270.0654984
1515076270.0655086
1515076270.904588
1515076270.904615
1515076270.9046247
1515076271.9607494
1515076271.9607773
1515076271.960787
1515076272.9828942
1515076272.9829285
1515076272.9829395
1515076273.8996131
1515076273.8996365
1515076273.8996491
1515076274.7826083
1515076274.7826352
1515076274.782645
1515076275.5376496
1515076275.5475693
1515076275.54759
1515076276.8330562
1515076276.8330839
1515076276.8330936
1515076278.0698788
1515076278.0699055
1515076278.0699153
1515076279.2249496
1515076279.2249808
1515076279.2249937
1515076280.3697312
1515076280.3697593
1515076280.3697698
1515076281.1919057
1515076281.1924267
1515076281.1924996
1515076282.371291
1515076282.3713284
1515076282.3713584
1515076283.5325856
1515076283.5326142
1515076283.5326235
1515076284.4883993
1515076284.4884267
1515076284.4884362
1515076285.529206
1515076285.529233
1515076285.5292432
1515076286.67883
1515076286.6788514
1515076286.6788652
1515076287.5551772
1515076287.5605352
1515076287.5605547
1515076288.6407647
1515076288.6408017
1515076288.6408122
1515076289.4348652
1515076289.4349108
1515076289.4349258
1515076290.1303651
1515076290.1303916
1515076290.1304014
1515076291.009834
1515076291.0102584
1515076291.01028
1515076291.864151
1515076291.8641841
1515076291.864195
1515076292.7311082
1515076292.7311354
1515076292.7311451
1515076293.9281197
1515076293.9284406
1515076293.9284604
1515076294.8394048
1515076294.8394308
1515076294.8394406
1515076295.9127235
1515076295.912754
1515076295.9127643
1515076296.9135504
1515076296.914114
1515076296.9141316
1515076298.0347579
1515076298.0347846
1515076298.0347943
1515076299.1770034
1515076299.177038
1515076299.177048
1515076300.1259055
1515076300.126211
1515076300.126228
1515076301.2370691
1515076301.237104
1515076301.237114
1515076302.4334376
1515076302.4337394
1515076302.433757
1515076303.6940684
1515076303.6941075
1515076303.694121
1515076304.6855476
1515076304.6855767
1515076304.6855881
1515076305.7494404
1515076305.749473
1515076305.7494829
1515076306.5962596
1515076306.5962877
1515076306.5962975
1515076307.5348287
1515076307.5349226
1515076307.534978
1515076308.274847
1515076308.2748742
1515076308.2748837
1515076309.07503
1515076309.0826943
1515076309.0827086
1515076309.7309577
1515076309.730981
1515076309.7309906