
1515076243.1115813
1515076249.3964298
1515076249.396459
1515076249.3964689
1515076250.4116113
1515076250.4116359
1515076250.4116454
1515076251.596693
1515076251.5967355
1515076251.5967531
1515076253.0156584
1515076253.015688
1515076253.015701
1515076254.3960707
1515076254.3961077
1515076254.396119
1515076255.5008516
1515076255.5008795
1515076255.5008893
1515076256.2636077
1515076256.2636476
1515076256.263658
1515076256.9759665
1515076256.9759939
1515076256.9760036
1515076257.6316993
1515076257.6368546
1515076257.6368728
1515076258.4012089
1515076258.4012449
1515076258.401255
1515076259.3323786
1515076259.3324091
1515076259.33242
1515076260.4267685
1515076260.4267943
1515076260.4268055
1515076261.3856306
1515076261.3856618
1515076261.3856723
1515076262.2491403
1515076262.2491665
1515076262.249176
1515076263.3154638
1515076263.315999
1515076263.316018
1515076264.2837634
1515076264.2837894
1515076264.2837992
1515076264.9632802
1515076264.9633117
1515076264.963323
1515076265.8717725
1515076265.8721108
1515076265.8721278
1515076266.9452295
1515076266.945258
1515076266.9452677
1515076268.6561253
1515076268.656151
1515076268.656161
1515076269.8259933
1515076269.826035
1515076269.8260462
1515076270.936623
1515076270.9366922
1515076270.9367433
1515076272.014431
1515076272.0144637
1515076272.014476
1515076273.1999667
1515076273.1999984
1515076273.200011
1515076274.0130093
1515076274.0130439
1515076274.0130556
1515076275.516766
1515076275.5168016
1515076275.5168123
1515076276.9447768
1515076276.944804
1515076276.944814
1515076278.331636
1515076278.3316722
1515076278.3316827
1515076279.6184692
1515076279.6185095
1515076279.6185243
1515076280.766103
1515076280.7661304
1515076280.7661414
1515076281.8255906
1515076281.8256278
1515076281.8256392
1515076282.9952724
1515076282.995622
1515076282.9956388
1515076284.2538438
1515076284.253917
1515076284.2539685
1515076285.2710917
1515076285.2711306
1515076285.2711432
1515076286.3372445
1515076286.3373163
1515076286.337329
1515076287.2602034
1515076287.2603261
1515076287.260383
1515076288.1616087
1515076288.1616356
1515076288.1616452
1515076289.0384207
1515076289.0384474
1515076289.0384574
1515076290.3011477
1515076290.301227
1515076290.301279
1515076291.508734
1515076291.5087628
1515076291.5087726
1515076292.6941116
1515076292.6941411
1515076292.6941516
1515076293.7042682
1515076293.7045918
1515076293.7047036
1515076294.761044
1515076294.7610695
1515076294.7610795
1515076295.410302
1515076295.4103293
1515076295.4103405
1515076296.4588876
1515076296.4589124
1515076296.4589224
1515076297.3398194
1515076297.3398435
1515076297.339853
1515076298.2300975
1515076298.2301323
1515076298.2301424
1515076299.148627
1515076299.148958
1515076299.1489742
1515076299.9504917
1515076299.9508302
1515076299.9508488
1515076300.8760703
1515076300.8761008
1515076300.8761117
1515076301.73219
1515076301.7322202
1515076301.7322319
1515076302.815238
1515076302.8155918
1515076302.8156104
1515076303.9173334
1515076303.917365
1515076303.91739
1515076304.8455658
1515076304.8456545
1515076304.845708
1515076305.9909341
1515076305.9909601
1515076305.9909697
1515076306.9783425
1515076306.9783792
1515076306.97839
1515076307.8972511
1515076307.902435
1515076307.902452
1515076308.772981
1515076308.7730038
1515076308.773016
1515076309.5302122
1515076309.5302548
1515076309.5302682
1515076310.215397
1515076310.2157075
1515076310.2157228
1515076311.0126786
1515076311.0127053
1515076311.0127158
1515076311.7511723
1515076311.7511976
1515076311.7512069
1515076312.3729517
1515076312.3729837
1515076312.3729959
1515076313.026875
1515076313.0269103
1515076313.0269206
1515076313.1453776