
1515076243.0852196
1515076249.471312
1515076249.4713602
1515076249.471373
1515076250.534408
1515076250.5344348
1515076250.5344446
1515076251.5257695
1515076251.5260584
1515076251.526075
1515076252.983215
1515076252.983248
1515076252.9832637
1515076254.3716645
1515076254.3717012
1515076254.3717117
1515076255.5270596
1515076255.527083
1515076255.5270927
1515076256.3688617
1515076256.3688986
1515076256.3689103
1515076257.344399
1515076257.3444257
1515076257.3444355
1515076258.042343
1515076258.042379
1515076258.042392
1515076258.879751
1515076258.8797777
1515076258.8797872
1515076259.7104077
1515076259.710441
1515076259.7104528
1515076260.549937
1515076260.550266
1515076260.5502856
1515076261.5936663
1515076261.5937078
1515076261.5937202
1515076262.5741365
1515076262.5741656
1515076262.5741754
1515076263.491261
1515076263.4912882
1515076263.4912984
1515076264.8974364
1515076264.8974602
1515076264.8974698
1515076266.0603597
1515076266.060387
1515076266.0603967
1515076267.201593
1515076267.2016203
1515076267.20163
1515076268.4787
1515076268.4787507
1515076268.478769
1515076269.4989676
1515076269.4989953
1515076269.4990046
1515076270.5163832
1515076270.5164104
1515076270.5164237
1515076271.4518735
1515076271.4519162
1515076271.4519272
1515076272.4080567
1515076272.4080827
1515076272.408092
1515076273.257555
1515076273.2575817
1515076273.2575915
1515076273.9681618
1515076273.968188
1515076273.9681976
1515076275.0750625
1515076275.0750906
1515076275.0751002
1515076275.9577584
1515076275.9577885
1515076275.9577973
1515076277.0273545
1515076277.0273936
1515076277.027406
1515076277.992021
1515076277.992043
1515076277.9920523
1515076278.9988215
1515076278.9991367
1515076278.9991539
1515076279.8453362
1515076279.8453627
1515076279.8453727
1515076280.9167979
1515076280.916833
1515076280.916843
1515076281.8587494
1515076281.8606396
1515076281.8606608
1515076282.7627022
1515076282.7627294
1515076282.7627401
1515076283.6599154
1515076283.6605542
1515076283.6605659
1515076284.5664158
1515076284.5664508
1515076284.566461
1515076285.6227992
1515076285.622837
1515076285.622854
1515076286.9769034
1515076286.977001
1515076286.9770563
1515076287.8843958
1515076287.8848991
1515076287.8849175
1515076288.8247979
1515076288.824824
1515076288.8248334
1515076289.8683193
1515076289.8683646
1515076289.8683784
1515076290.7454312
1515076290.7457197
1515076290.7457366
1515076291.550841
1515076291.5508764
1515076291.5508864
1515076292.605159
1515076292.6051898
1515076292.6052036
1515076293.6797647
1515076293.6797903
1515076293.6798
1515076294.7367568
1515076294.7445576
1515076294.7445781
1515076295.3694248
1515076295.369456
1515076295.3694685
1515076296.415369
1515076296.4156754
1515076296.415693
1515076297.2939482
1515076297.2939823
1515076297.2939937
1515076298.1927142
1515076298.1938086
1515076298.193828
1515076299.0757055
1515076299.0757322
1515076299.075742
1515076299.911988
1515076299.9127684
1515076299.9127867
1515076300.7216127
1515076300.721645
1515076300.7216554
1515076301.426155
1515076301.426183
1515076301.426192
1515076302.3026094
1515076302.3027008
1515076302.3027544
1515076303.009814
1515076303.00984
1515076303.0098498
1515076303.7506568
1515076303.7509744
1515076303.750991
1515076304.6322694
1515076304.6323059
1515076304.632319
1515076305.3201978
1515076305.320273
1515076305.3203242
1515076305.9680567
1515076305.968083
1515076305.9680924
1515076306.686854
1515076306.6868863
1515076306.686897
1515076307.3136072
1515076307.3136377
1515076307.3136482
1515076307.8919373
1515076307.8919742
1515076307.8919842
1515076308.4431584
1515076308.443188
1515076308.443199
1515076309.034051
1515076309.0345728
1515076309.0346005
1515076309.707524
1515076309.7078104
1515076309.7078316
1515076310.2006593
1515076310.200686
1515076310.200696
1515076310.4586346