
1515076243.10776
1515076249.5291202
1515076249.529149
1515076249.5291586
1515076251.0631583
1515076251.0631862
1515076251.0631955
1515076252.4034276
1515076252.4034505
1515076252.4034605
1515076253.487117
1515076253.4871457
1515076253.4871557
1515076254.730326
1515076254.7303524
1515076254.7303624
1515076255.775923
1515076255.775959
1515076255.77597
1515076256.6830332
1515076256.6830657
1515076256.6830778
1515076257.6599145
1515076257.6599529
1515076257.659963
1515076258.8726013
1515076258.8726327
1515076258.8726435
1515076259.4826155
1515076259.4826417
1515076259.482651
1515076260.293536
1515076260.294293
1515076260.294312
1515076261.0413022
1515076261.0413299
1515076261.0413396
1515076261.9015098
1515076261.9016063
1515076261.9016185
1515076262.866051
1515076262.866081
1515076262.8660922
1515076263.7123823
1515076263.7127614
1515076263.7127838
1515076264.871101
1515076264.87113
1515076264.8711424
1515076265.7514942
1515076265.751542
1515076265.7515554
1515076266.5933752
1515076266.5934136
1515076266.5934231
1515076267.5411475
1515076267.5411687
1515076267.541178
1515076268.6383936
1515076268.638434
1515076268.6384442
1515076269.6600935
1515076269.6605096
1515076269.6605358
1515076270.6418467
1515076270.6418736
1515076270.6418831
1515076272.122819
1515076272.1228468
1515076272.122857
1515076273.8083885
1515076273.808416
1515076273.8084252
1515076274.6472108
1515076274.6472402
1515076274.6472507
1515076275.2808266
1515076275.2865956
1515076275.2866147
1515076276.1398704
1515076276.1399078
1515076276.1399224
1515076276.8940945
1515076276.8941243
1515076276.894136
1515076277.722956
1515076277.7229831
1515076277.7229936
1515076278.7306366
1515076278.7306678
1515076278.7306798
1515076279.6879528
1515076279.687984
1515076279.6879942
1515076280.7950616
1515076280.795087
1515076280.7950966
1515076281.803546
1515076281.8039553
1515076281.803972
1515076282.6865869
1515076282.6866202
1515076282.6866302
1515076283.8218534
1515076283.8218892
1515076283.8219018
1515076284.687028
1515076284.6870549
1515076284.6870651
1515076285.5474734
1515076285.5474994
1515076285.5475092
1515076286.5962396
1515076286.5962677
1515076286.5962782
1515076287.4188464
1515076287.4277997
1515076287.4278314
1515076288.3515947
1515076288.3516252
1515076288.3516366
1515076290.505559
1515076290.5055873
1515076290.5055974
1515076291.4565518
1515076291.456583
1515076291.4565928
1515076292.569062
1515076292.5691316
1515076292.5691824
1515076293.543494
1515076293.5435286
1515076293.5435388
1515076294.7204938
1515076294.7205212
1515076294.7205307
1515076295.2789297
1515076295.2789729
1515076295.278985
1515076296.5651486
1515076296.5651808
1515076296.5651927
1515076297.5871365
1515076297.587167
1515076297.5871775
1515076298.4996877
1515076298.4997158
1515076298.4997275
1515076299.5675666
1515076299.5675952
1515076299.567605
1515076300.6428776
1515076300.6429062
1515076300.6429167
1515076301.7755337
1515076301.7755942
1515076301.775614
1515076303.3925076
1515076303.3925362
1515076303.3925462
1515076304.6696844
1515076304.6743894
1515076304.6744013
1515076305.9322455
1515076305.9322853
1515076305.9322965
1515076307.0352845
1515076307.0353088
1515076307.0353186
1515076308.0870645
1515076308.0871356
1515076308.0871458
1515076309.113199
1515076309.1143465
1515076309.114397
1515076310.0358748
1515076310.0361927
1515076310.036209
1515076310.94665
1515076310.9466848
1515076310.9466956
1515076311.5500836
1515076311.550416
1515076311.5504348
1515076312.0047834
1515076312.0048122
1515076312.0048232
1515076312.4860191
1515076312.486054
1515076312.4860642
1515076313.0849884
1515076313.085017
1515076313.0850263
1515076313.1998343