
1515076243.0874226
1515076249.5944762
1515076249.5945032
1515076249.5945132
1515076251.4989047
1515076251.4989295
1515076251.4989395
1515076253.0908117
1515076253.0908496
1515076253.0908613
1515076254.8161547
1515076254.8166602
1515076254.8167481
1515076256.2345018
1515076256.2345278
1515076256.2345386
1515076257.8309538
1515076257.8309803
1515076257.8309903
1515076259.2663565
1515076259.2663789
1515076259.2663884
1515076260.619919
1515076260.6209228
1515076260.6209445
1515076262.0232112
1515076262.0232441
1515076262.0232544
1515076263.55482
1515076263.5586762
1515076263.5587082
1515076264.860225
1515076264.8602467
1515076264.860257
1515076265.9790826
1515076265.979479
1515076265.9794986
1515076267.1470275
1515076267.1471014
1515076267.147115
1515076268.2485332
1515076268.2485642
1515076268.2485752
1515076269.297956
1515076269.297982
1515076269.2979913
1515076270.3803067
1515076270.3803484
1515076270.3803596
1515076271.3013945
1515076271.3014228
1515076271.3014328
1515076272.1666102
1515076272.1667004
1515076272.1667535
1515076273.0641115
1515076273.0641446
1515076273.0641558
1515076273.9291034
1515076273.9291406
1515076273.929156
1515076274.914895
1515076274.9149218
1515076274.9149313
1515076275.5809648
1515076275.581244
1515076275.5812604
1515076276.4716375
1515076276.4717171
1515076276.4717686
1515076277.144185
1515076277.144218
1515076277.1442308
1515076277.8923738
1515076277.8924093
1515076277.89242
1515076278.7228508
1515076278.7228765
1515076278.722886
1515076279.6598165
1515076279.6598496
1515076279.6598601
1515076280.7614143
1515076280.7614503
1515076280.7614613
1515076281.6771958
1515076281.6775687
1515076281.6775885
1515076282.5341637
1515076282.5341868
1515076282.5341966
1515076283.4584906
1515076283.4588864
1515076283.4589024
1515076284.202528
1515076284.2025654
1515076284.2025836
1515076285.0206342
1515076285.020925
1515076285.020942
1515076285.7409155
1515076285.7409427
1515076285.740953
1515076286.7661839
1515076286.7663271
1515076286.766432
1515076287.4760368
1515076287.4763153
1515076287.4763322
1515076288.3969011
1515076288.3969293
1515076288.3969402
1515076289.116507
1515076289.116546
1515076289.1165621
1515076289.9679308
1515076289.9679587
1515076289.9679685
1515076290.792028
1515076290.7923274
1515076290.7923458
1515076291.5533857
1515076291.5534198
1515076291.5534308
1515076292.5424178
1515076292.5424438
1515076292.5424528
1515076293.098235
1515076293.0982845
1515076293.0982966
1515076293.7680361
1515076293.769905
1515076293.7699234
1515076294.6022313
1515076294.6022546
1515076294.6022642
1515076295.121396
1515076295.1214569
1515076295.1214767
1515076296.2976747
1515076296.2977626
1515076296.2978218
1515076297.3004737
1515076297.300501
1515076297.3005106
1515076298.2413554
1515076298.2414002
1515076298.2414114
1515076299.2559915
1515076299.2560186
1515076299.2560287
1515076300.1479957
1515076300.1483312
1515076300.1483488
1515076301.100427
1515076301.100467
1515076301.1004841
1515076301.8759143
1515076301.8759456
1515076301.8759568
1515076302.5727565
1515076302.5728471
1515076302.572933
1515076303.5405157
1515076303.540552
1515076303.540562
1515076304.5158331
1515076304.5158694
1515076304.515882
1515076305.6261585
1515076305.6261904
1515076305.6262014
1515076306.3696904
1515076306.3697171
1515076306.3697271
1515076307.2323496
1515076307.2323759
1515076307.2323854
1515076307.9912229
1515076307.9912455
1515076307.9912553
1515076308.7524757
1515076308.7529016
1515076308.7529192
1515076309.2992585
1515076309.2992992
1515076309.29931
1515076310.067248
1515076310.0672708
1515076310.0672805
1515076310.8823566
1515076310.8823924
1515076310.882403
1515076311.223299
1515076311.2233288
1515076311.223361