
1515076243.0555823
1515076249.2232382
1515076249.223269
1515076249.2232792
1515076250.1317472
1515076250.1317832
1515076250.1317968
1515076251.4792023
1515076251.47923
1515076251.47924
1515076252.9178889
1515076252.9179163
1515076252.9179258
1515076254.480589
1515076254.480614
1515076254.4806235
1515076255.74277
1515076255.7427976
1515076255.7428074
1515076256.8163714
1515076256.8164074
1515076256.816418
1515076257.7731345
1515076257.7731605
1515076257.7734196
1515076259.2116177
1515076259.2116532
1515076259.2116623
1515076260.359802
1515076260.359828
1515076260.3598378
1515076262.048076
1515076262.0481
1515076262.0481098
1515076263.2447593
1515076263.2450426
1515076263.2450602
1515076264.0315003
1515076264.031537
1515076264.031547
1515076265.0202472
1515076265.0202732
1515076265.020283
1515076266.1429427
1515076266.1430395
1515076266.143096
1515076267.3506825
1515076267.3507133
1515076267.350723
1515076268.771013
1515076268.7710633
1515076268.7710776
1515076269.8592741
1515076269.8593075
1515076269.8593197
1515076270.9165869
1515076270.9166121
1515076270.9166229
1515076272.357895
1515076272.357936
1515076272.3579473
1515076273.8433971
1515076273.8434203
1515076273.8434298
1515076274.9582064
1515076274.9582303
1515076274.9582393
1515076275.8342464
1515076275.83427
1515076275.834279
1515076276.774634
1515076276.7746673
1515076276.7746773
1515076277.607612
1515076277.6079202
1515076277.6079364
1515076278.6535788
1515076278.6579123
1515076278.6579292
1515076279.7111616
1515076279.7112021
1515076279.711214
1515076280.822182
1515076280.8222039
1515076280.8222134
1515076281.7416975
1515076281.7417247
1515076281.741734
1515076282.738711
1515076282.7391157
1515076282.739135
1515076283.8601913
1515076283.8602328
1515076283.860245
1515076284.8626943
1515076284.8627164
1515076284.8627262
1515076285.7438502
1515076285.743886
1515076285.7438965
1515076287.0879273
1515076287.087955
1515076287.0879662
1515076288.2666645
1515076288.2667046
1515076288.2667148
1515076288.9950426
1515076288.995066
1515076288.9950757
1515076290.0146873
1515076290.0147142
1515076290.0147238
1515076292.5260518
1515076292.5260837
1515076292.5260942
1515076294.4136038
1515076294.4140294
1515076294.414047
1515076295.4601557
1515076295.4601939
1515076295.460204
1515076296.8275056
1515076296.8275275
1515076296.827537
1515076297.7524328
1515076297.7524636
1515076297.7524738
1515076298.70266
1515076298.7026956
1515076298.702706
1515076299.614889
1515076299.6157527
1515076299.615771
1515076301.2012568
1515076301.2012827
1515076301.2012925
1515076302.3871305
1515076302.3871558
1515076302.3871653
1515076303.755539
1515076303.7555614
1515076303.7556033
1515076304.904478
1515076304.9045696
1515076304.9046218
1515076306.1334894
1515076306.1335332
1515076306.1335578
1515076307.3061016
1515076307.3061302
1515076307.3061402
1515076308.4595988
1515076308.4596229
1515076308.4596322
1515076309.2964225
1515076309.2964494
1515076309.2964585
1515076310.1050737
1515076310.1051517
1515076310.1052072
1515076310.9721437
1515076310.9721704
1515076310.9721797
1515076311.5857992
1515076311.5858378
1515076311.5858479
1515076312.0579722
1515076312.0579991
1515076312.0580084
1515076312.5825214
1515076312.582556
1515076312.582568
1515076313.086294
1515076313.086324
1515076313.0863364
1515076313.646992
1515076313.647033
1515076313.6470454
1515076314.0748768
1515076314.0749116
1515076314.0749247
1515076314.4163613
1515076314.4167473
1515076314.4167697
1515076314.7318525
1515076314.7318878
1515076314.7318997
1515076314.9987893
1515076314.9988232
1515076314.9988356
1515076315.1130767