
1514884665.4405904
1514884668.4254043
1514884668.4254277
1514884668.4254355
1514884668.4254417
1514884668.4254482
1514884668.4254563
1514884668.4254625
1514884668.4257336
1514884668.4258018
1514884668.425841
1514884668.4258769
1514884668.4259171
1514884668.4259527
1514884668.4259865
1514884669.4859686
1514884669.4860587
1514884669.4861155
1514884669.4861648
1514884669.486212
1514884669.4862585
1514884669.4863048
1514884672.2176428
1514884672.21767
1514884672.2176795
1514884672.2176876
1514884672.2176962
1514884672.2177043
1514884672.2177122
1514884674.286791
1514884674.286814
1514884674.2868233
1514884674.2868314
1514884674.2868392
1514884674.2868469
1514884674.2868545
1514884676.6786714
1514884676.6789882
1514884676.6790073
1514884676.679018
1514884676.679028
1514884676.679037
1514884676.6790462
1514884678.7275627
1514884678.7275882
1514884678.7275975
1514884678.7276053
1514884678.7276142
1514884678.727622
1514884678.72763
1514884679.9836895
1514884679.9837165
1514884679.9837263
1514884679.9837344
1514884679.9837422
1514884679.9837499
1514884679.9837577
1514884680.9354384
1514884680.9354682
1514884680.9354794
1514884680.9354875
1514884680.9354951
1514884680.9355025
1514884680.9355102
1514884681.9958868
1514884681.9959111
1514884681.9959207
1514884681.9959288
1514884681.9959362
1514884681.995944
1514884681.9959543
1514884683.3041973
1514884683.3042283
1514884683.3042424
1514884683.304252
1514884683.304261
1514884683.3042698
1514884683.3042789
1514884684.8433325
1514884684.843377
1514884684.843387
1514884684.8433952
1514884684.843403
1514884684.843411
1514884684.8434184
1514884686.720115
1514884686.720143
1514884686.720156
1514884686.7201653
1514884686.7201765
1514884686.720185
1514884686.720195
1514884688.4045146
1514884688.4045465
1514884688.4045568
1514884688.404565
1514884688.404573
1514884688.4045806
1514884688.4045885
1514884690.2085133
1514884690.2092793
1514884690.209303
1514884690.2093136
1514884690.209323
1514884690.2093315
1514884690.20934
1514884691.8978076
1514884691.897834
1514884691.8978446
1514884691.8978536
1514884691.8978624
1514884691.897871
1514884691.8978798
1514884693.3338418
1514884693.3338695
1514884693.3338792
1514884693.3338873
1514884693.3338952
1514884693.3339028
1514884693.3339107
1514884694.868604
1514884694.8691478
1514884694.8691669
1514884694.8691769
1514884694.869186
1514884694.8691947
1514884694.869203
1514884696.2707849
1514884696.2708113
1514884696.2708206
1514884696.270829
1514884696.2708366
1514884696.2708442
1514884696.2708519
1514884697.6996028
1514884697.6996784
1514884697.6997287
1514884697.6997764
1514884697.699826
1514884697.699892
1514884697.699942
1514884698.9401166
1514884698.940139
1514884698.9401486
1514884698.940157
1514884698.940165
1514884698.9401727
1514884698.9401805
1514884700.1650527
1514884700.1650834
1514884700.165093
1514884700.1651008
1514884700.1651087
1514884700.1651168
1514884700.1651244
1514884701.094248
1514884701.0945418
1514884701.0945578
1514884701.094567
1514884701.0945752
1514884701.0945828
1514884701.0945904
1514884701.8499238
1514884701.8499482
1514884701.8499577
1514884701.849966
1514884701.849974
1514884701.8499818
1514884701.8499897
1514884702.0043154
1514884702.0059874