
1514884665.4339666
1514884668.0106351
1514884668.0106626
1514884668.0106726
1514884668.010681
1514884668.0106895
1514884668.0106971
1514884668.0107048
1514884668.011007
1514884668.01109
1514884668.011141
1514884668.011188
1514884668.0112324
1514884668.0112774
1514884668.0113215
1514884668.5246994
1514884668.5247865
1514884668.5248392
1514884668.5248976
1514884668.5249455
1514884668.5249898
1514884668.5250328
1514884669.3748584
1514884669.3749614
1514884669.375018
1514884669.3750706
1514884669.3751223
1514884669.3751705
1514884669.3752184
1514884671.7689753
1514884671.7689989
1514884671.7690084
1514884671.7690165
1514884671.7690244
1514884671.769032
1514884671.7690399
1514884672.8854377
1514884672.885465
1514884672.8854742
1514884672.8854823
1514884672.88549
1514884672.8854976
1514884672.885505
1514884674.0356417
1514884674.035673
1514884674.0356832
1514884674.0356922
1514884674.0357032
1514884674.035712
1514884674.0357208
1514884674.876937
1514884674.876964
1514884674.8769739
1514884674.8769822
1514884674.87699
1514884674.8769975
1514884674.8770049
1514884676.021121
1514884676.021148
1514884676.021159
1514884676.021167
1514884676.021175
1514884676.0211825
1514884676.0211904
1514884677.4807315
1514884677.48152
1514884677.4815376
1514884677.4815469
1514884677.4815552
1514884677.481563
1514884677.4815707
1514884678.6871412
1514884678.6871698
1514884678.6871796
1514884678.687188
1514884678.6871955
1514884678.6872032
1514884678.687211
1514884679.7532125
1514884679.7532403
1514884679.7532501
1514884679.7532582
1514884679.7532659
1514884679.7532732
1514884679.7532806
1514884680.7029295
1514884680.7029572
1514884680.702967
1514884680.7029748
1514884680.7029843
1514884680.7029917
1514884680.7029994
1514884681.9632232
1514884681.9632516
1514884681.9632611
1514884681.963269
1514884681.9632764
1514884681.963284
1514884681.9632916
1514884683.1194131
1514884683.1194425
1514884683.1194518
1514884683.1194599
1514884683.1194677
1514884683.1194756
1514884683.1194835
1514884684.37146
1514884684.3714979
1514884684.3715096
1514884684.3715193
1514884684.3715284
1514884684.3715372
1514884684.371546
1514884685.7262952
1514884685.7263184
1514884685.7263284
1514884685.7263365
1514884685.726344
1514884685.7263517
1514884685.7263596
1514884687.4039383
1514884687.4039643
1514884687.4039733
1514884687.4039814
1514884687.4039888
1514884687.4039967
1514884687.4040046
1514884688.8933809
1514884688.8934107
1514884688.8934207
1514884688.8934295
1514884688.8934379
1514884688.8934462
1514884688.8934546
1514884690.4748566
1514884690.474883
1514884690.4748926
1514884690.4749007
1514884690.4749088
1514884690.4749167
1514884690.4749243
1514884691.9359848
1514884691.9360113
1514884691.9360218
1514884691.9360309
1514884691.9360394
1514884691.9360478
1514884691.9360564
1514884693.3177826
1514884693.318149
1514884693.3181658
1514884693.3181763
1514884693.3181856
1514884693.3181944
1514884693.318203
1514884694.8142774
1514884694.8146315
1514884694.8146505
1514884694.8146615
1514884694.8146713
1514884694.8146808
1514884694.8146899
1514884696.08913
1514884696.0891566
1514884696.0891662
1514884696.089174
1514884696.0891814
1514884696.089189
1514884696.0891964
1514884697.1505227
1514884697.15056
1514884697.1505725
1514884697.1505835
1514884697.150594
1514884697.1506054
1514884697.1506164
1514884698.1824124
1514884698.1824453
1514884698.1824563
1514884698.1824658
1514884698.1824749
1514884698.182484
1514884698.182493
1514884699.0573971
1514884699.0577734
1514884699.057791
1514884699.057801
1514884699.0578098
1514884699.0578187
1514884699.0578275
1514884700.0189846
1514884700.0190144
1514884700.0190256
1514884700.019035
1514884700.0190442
1514884700.0190535
1514884700.0190628
1514884700.8148813
1514884700.8151798
1514884700.815196
1514884700.8152046
1514884700.8152125
1514884700.815221
1514884700.8152285
1514884701.5296342
1514884701.5296721
1514884701.5296845
1514884701.530109
1514884701.5301232
1514884701.530134
1514884701.5301437
1514884701.8464553
1514884701.8464823
1514884701.846492