
1514884665.3923206
1514884668.1418328
1514884668.1418624
1514884668.1418717
1514884668.1418798
1514884668.141888
1514884668.1418955
1514884668.141903
1514884668.1422594
1514884668.1423478
1514884668.1424084
1514884668.142449
1514884668.1424875
1514884668.1425254
1514884668.1425626
1514884669.1490579
1514884669.150491
1514884669.1505115
1514884669.1505213
1514884669.1505303
1514884669.150539
1514884669.1505473
1514884672.314482
1514884672.3145165
1514884672.3145263
1514884672.3145344
1514884672.314543
1514884672.3145506
1514884672.3145583
1514884674.275649
1514884674.2756705
1514884674.2756796
1514884674.2756877
1514884674.2756953
1514884674.275703
1514884674.2757103
1514884676.0747747
1514884676.074801
1514884676.0748107
1514884676.0748188
1514884676.0748265
1514884676.074834
1514884676.0748417
1514884677.9335418
1514884677.9335654
1514884677.9335744
1514884677.9335823
1514884677.9335907
1514884677.9335983
1514884677.933606
1514884679.2355058
1514884679.2360053
1514884679.2360213
1514884679.2360299
1514884679.236038
1514884679.2360456
1514884679.236053
1514884680.3411443
1514884680.341685
1514884680.3416996
1514884680.3417082
1514884680.3417163
1514884680.3417242
1514884680.3417315
1514884681.4074397
1514884681.4083216
1514884681.4083443
1514884681.4083545
1514884681.4083633
1514884681.408372
1514884681.4083803
1514884682.5016096
1514884682.5016375
1514884682.5016487
1514884682.5016565
1514884682.5016644
1514884682.501672
1514884682.5016794
1514884683.7930124
1514884683.7930467
1514884683.7930572
1514884683.7930665
1514884683.793075
1514884683.793084
1514884683.793092
1514884685.3672426
1514884685.3672755
1514884685.367657
1514884685.3676784
1514884685.3676906
1514884685.3677
1514884685.3677096
1514884687.3574953
1514884687.3575258
1514884687.3575354
1514884687.3582826
1514884687.358303
1514884687.3583121
1514884687.3583205
1514884689.0594542
1514884689.0594816
1514884689.059491
1514884689.059499
1514884689.0595067
1514884689.0595143
1514884689.059522
1514884690.6491683
1514884690.6491978
1514884690.6492074
1514884690.6492152
1514884690.6492229
1514884690.6492302
1514884690.6492376
1514884692.330172
1514884692.3304572
1514884692.330473
1514884692.330482
1514884692.3304896
1514884692.330497
1514884692.3305047
1514884693.959689
1514884693.95976
1514884693.9597716
1514884693.959781
1514884693.9597898
1514884693.9597986
1514884693.959823
1514884695.5037978
1514884695.5041225
1514884695.5041397
1514884695.5041494
1514884695.5041583
1514884695.5041664
1514884695.5041747
1514884696.8185074
1514884696.8185346
1514884696.8185434
1514884696.8185515
1514884696.818559
1514884696.8185663
1514884696.818574
1514884698.2103753
1514884698.2104006
1514884698.21041
1514884698.210418
1514884698.2104256
1514884698.2104332
1514884698.2104409
1514884699.318907
1514884699.3192427
1514884699.3192582
1514884699.3192673
1514884699.3192754
1514884699.319283
1514884699.3192904
1514884700.5123382
1514884700.5123708
1514884700.5123816
1514884700.5123904
1514884700.512399
1514884700.5124073
1514884700.512416
1514884701.963783
1514884701.9641187
1514884701.9641347
1514884701.9641438
1514884701.9641519
1514884701.9641595
1514884701.9641669
1514884702.6169958
1514884702.6170204
1514884702.6170304
1514884702.6170387
1514884702.617047
1514884702.6170561
1514884702.6170642
1514884702.9799032
1514884702.9799266
1514884702.9799361
1514884702.9799445
1514884702.979952
1514884702.9799602
1514884702.9799678
1514884703.2431846
1514884703.243208
1514884703.2432175
1514884703.2432253
1514884703.2432332
1514884703.2432406
1514884703.2432482