
1514884665.4341648
1514884668.1326694
1514884668.1326954
1514884668.1327055
1514884668.1327136
1514884668.1327226
1514884668.1327302
1514884668.1327379
1514884668.1330526
1514884668.1331341
1514884668.1331866
1514884668.1332335
1514884668.1332788
1514884668.1333234
1514884668.1333675
1514884668.9972916
1514884668.9985662
1514884668.9985876
1514884668.9985974
1514884668.9986057
1514884668.9986138
1514884668.9986215
1514884672.3307717
1514884672.3307967
1514884672.3308063
1514884672.3308144
1514884672.3308234
1514884672.330831
1514884672.3308387
1514884674.5238585
1514884674.5238848
1514884674.5238945
1514884674.5239027
1514884674.5239105
1514884674.5239182
1514884674.523926
1514884676.9507425
1514884676.9507785
1514884676.9507916
1514884676.9508023
1514884676.9508128
1514884676.950823
1514884676.9508336
1514884679.1303065
1514884679.1303427
1514884679.1303568
1514884679.1320236
1514884679.132048
1514884679.1320617
1514884679.1320739
1514884680.5227866
1514884680.524413
1514884680.5244315
1514884680.5244415
1514884680.5244498
1514884680.5244584
1514884680.5244665
1514884681.7534127
1514884681.7534764
1514884681.753489
1514884681.7535188
1514884681.7535288
1514884681.7535367
1514884681.7535443
1514884682.9195573
1514884682.9195817
1514884682.9195917
1514884682.9196
1514884682.919608
1514884682.919616
1514884682.9196236
1514884684.1346323
1514884684.1346622
1514884684.1346743
1514884684.1346836
1514884684.134693
1514884684.1347017
1514884684.1347103
1514884685.4367924
1514884685.4368188
1514884685.4368281
1514884685.4368362
1514884685.4368439
1514884685.4368515
1514884685.4368591
1514884686.97346
1514884686.9734874
1514884686.9734976
1514884686.9735065
1514884686.9735157
1514884686.9735239
1514884686.9735317
1514884688.5385115
1514884688.5385847
1514884688.5386353
1514884688.5386825
1514884688.5387278
1514884688.5387726
1514884688.5388181
1514884690.0234141
1514884690.0234418
1514884690.023451
1514884690.023459
1514884690.0234666
1514884690.0234742
1514884690.023482
1514884691.4953954
1514884691.4954264
1514884691.4954367
1514884691.4954455
1514884691.4954536
1514884691.4954615
1514884691.4954693
1514884693.0403447
1514884693.0406938
1514884693.0407119
1514884693.0407212
1514884693.0407295
1514884693.0407376
1514884693.0407455
1514884694.5605464
1514884694.5606205
1514884694.5606718
1514884694.5607197
1514884694.5607665
1514884694.5608125
1514884694.5608683
1514884695.9854593
1514884695.9854856
1514884695.9854987
1514884695.9855068
1514884695.9855146
1514884695.9855225
1514884695.9858708
1514884697.276878
1514884697.276904
1514884697.2769136
1514884697.276922
1514884697.2769299
1514884697.2769377
1514884697.2769456
1514884698.3577735
1514884698.3581004
1514884698.358117
1514884698.358127
1514884698.3581364
1514884698.3581455
1514884698.3581545
1514884699.4484308
1514884699.448463
1514884699.4484727
1514884699.4485183
1514884699.4485302
1514884699.4485383
1514884699.448546
1514884700.1069822
1514884700.107012
1514884700.1070218
1514884700.10703