
1514884665.4397724
1514884668.2535033
1514884668.2535312
1514884668.253539
1514884668.253546
1514884668.253553
1514884668.2535594
1514884668.2535655
1514884668.2538617
1514884668.2539358
1514884668.2539794
1514884668.2540283
1514884668.2540674
1514884668.2541056
1514884668.2541432
1514884669.2740006
1514884669.2740881
1514884669.2741451
1514884669.274196
1514884669.2742424
1514884669.274289
1514884669.2743351
1514884672.0438318
1514884672.0438602
1514884672.0438704
1514884672.043879
1514884672.0438883
1514884672.0438967
1514884672.0439045
1514884673.686329
1514884673.6869497
1514884673.6869693
1514884673.6869805
1514884673.68699
1514884673.6869996
1514884673.6870089
1514884675.2392113
1514884675.239242
1514884675.2392516
1514884675.2392595
1514884675.2392704
1514884675.2393057
1514884675.239314
1514884677.0156558
1514884677.0156913
1514884677.015706
1514884677.0157182
1514884677.0157316
1514884677.0157433
1514884677.0157547
1514884678.5448227
1514884678.5448844
1514884678.5448992
1514884678.5449088
1514884678.5449183
1514884678.5449276
1514884678.5449367
1514884679.9353263
1514884679.9353776
1514884679.935392
1514884679.935402
1514884679.9354115
1514884679.935421
1514884679.9354303
1514884681.1850598
1514884681.185098
1514884681.185111
1514884681.1851223
1514884681.1851323
1514884681.1851428
1514884681.1851525
1514884682.8944201
1514884682.8944495
1514884682.8944597
1514884682.8944678
1514884682.8944755
1514884682.894483
1514884682.8944907
1514884684.7940187
1514884684.7956896
1514884684.795708
1514884684.795717
1514884684.795725
1514884684.7957327
1514884684.7957404
1514884687.1673844
1514884687.1674187
1514884687.1674304
1514884687.1674407
1514884687.1674566
1514884687.1674666
1514884687.1674764
1514884688.9442236
1514884688.944635
1514884688.9446504
1514884688.9446592
1514884688.944667
1514884688.944675
1514884688.9446821
1514884690.5747905
1514884690.5748217
1514884690.5748322
1514884690.5748413
1514884690.5748498
1514884690.5748582
1514884690.5748668
1514884692.035479
1514884692.0358024
1514884692.035819
1514884692.0358295
1514884692.0358388
1514884692.0358477
1514884692.0358565
1514884693.5260293
1514884693.5260694
1514884693.5260823
1514884693.5260925
1514884693.5261023
1514884693.526112
1514884693.5261216
1514884694.9829557
1514884694.9834535
1514884694.9834712
1514884694.9834814
1514884694.9834902
1514884694.983499
1514884694.9835074
1514884696.323779
1514884696.3238034
1514884696.3238132
1514884696.323821
1514884696.3238287
1514884696.3238363
1514884696.3238437
1514884697.572434
1514884697.572508
1514884697.5725586
1514884697.5726054
1514884697.572651
1514884697.5726962
1514884697.5727413
1514884698.9090202
1514884698.9090588
1514884698.9090722
1514884698.9090836
1514884698.9090943
1514884698.909105
1514884698.9091158
1514884700.2830608
1514884700.2830868
1514884700.2830966
1514884700.2831044
1514884700.283112
1514884700.2831197
1514884700.283127
1514884701.4278853
1514884701.432332
1514884701.43235
1514884701.4323592
1514884701.4323673
1514884701.4323752
1514884701.432383
1514884702.2116995
1514884702.2117317
1514884702.2117414
1514884702.2117498
1514884702.2117574
1514884702.2117653
1514884702.211773
1514884702.645083
1514884702.6451085
1514884702.6451201
1514884702.6451304
1514884702.6451402
1514884702.6451528
1514884702.6451628
1514884702.944176
1514884702.9441967
1514884702.944206
1514884702.9442143
1514884702.944222
1514884702.9442298
1514884702.9442375
1514884703.2034516
1514884703.2034779
1514884703.2034872
1514884703.2034953
1514884703.203503
1514884703.2035103
1514884703.203518