
1514884665.411469
1514884668.4369562
1514884668.4369764
1514884668.4369838
1514884668.4369898
1514884668.4369962
1514884668.437002
1514884668.437008
1514884668.4372797
1514884668.4373586
1514884668.4373999
1514884668.437437
1514884668.4374723
1514884668.4375072
1514884668.4375415
1514884669.4798512
1514884669.4799445
1514884669.4800022
1514884669.4800522
1514884669.4801006
1514884669.4801688
1514884669.4802165
1514884670.66868
1514884670.6687243
1514884670.6687417
1514884670.6687567
1514884670.6687727
1514884670.6687865
1514884670.6688
1514884672.334744
1514884672.3350344
1514884672.335048
1514884672.3350565
1514884672.3350644
1514884672.335072
1514884672.3350797
1514884673.7613049
1514884673.7613397
1514884673.7613537
1514884673.7613661
1514884673.7613778
1514884673.7613895
1514884673.7614012
1514884674.8883302
1514884674.8883555
1514884674.8883667
1514884674.888376
1514884674.8883872
1514884674.8883958
1514884674.8884041
1514884676.118866
1514884676.1189034
1514884676.118914
1514884676.1189225
1514884676.1189306
1514884676.1189382
1514884676.1189458
1514884677.5580723
1514884677.558108
1514884677.5581229
1514884677.5581343
1514884677.558145
1514884677.5581555
1514884677.5581658
1514884678.7983427
1514884678.7983706
1514884678.79838
1514884678.7983882
1514884678.798396
1514884678.7984037
1514884678.7984114
1514884680.2810051
1514884680.281462
1514884680.2814775
1514884680.2814865
1514884680.2814946
1514884680.2815025
1514884680.28151
1514884682.1159046
1514884682.1159313
1514884682.1159408
1514884682.1159494
1514884682.1159573
1514884682.1159651
1514884682.1159728
1514884684.0632339
1514884684.0632684
1514884684.0632792
1514884684.0632885
1514884684.0633
1514884684.0633087
1514884684.0633178
1514884685.6995413
1514884685.699562
1514884685.6995714
1514884685.6995795
1514884685.699587
1514884685.6995947
1514884685.6996024
1514884686.7878337
1514884686.7878592
1514884686.7878685
1514884686.7878766
1514884686.7878845
1514884686.787892
1514884686.7879
1514884687.9652107
1514884687.9655695
1514884687.9655864
1514884687.965596
1514884687.9656038
1514884687.9656117
1514884687.971266
1514884689.1560664
1514884689.1561065
1514884689.1561244
1514884689.15614
1514884689.1561553
1514884689.1561704
1514884689.1561856
1514884690.3949547
1514884690.3949823
1514884690.394992
1514884690.3950002
1514884690.395008
1514884690.395016
1514884690.3950236
1514884691.6314147
1514884691.6315305
1514884691.6316137
1514884691.63169
1514884691.6317637
1514884691.6318367
1514884691.6319087
1514884692.7053907
1514884692.7054217
1514884692.7054327
1514884692.705442
1514884692.7054508
1514884692.7054598
1514884692.7054687
1514884693.7449508
1514884693.7458286
1514884693.7458458
1514884693.745855
1514884693.7458634
1514884693.7458713
1514884693.7458792
1514884694.9819646
1514884694.9822443
1514884694.9822598
1514884694.982269
1514884694.9822772
1514884694.982285
1514884694.9822927
1514884696.1891444
1514884696.1891809
1514884696.1891937
1514884696.1892047
1514884696.1892157
1514884696.189226
1514884696.1892364
1514884697.2519221
1514884697.2519493
1514884697.2519588
1514884697.2519672
1514884697.251975
1514884697.251983
1514884697.2519908
1514884698.2471702
1514884698.247513
1514884698.2475302
1514884698.247801
1514884698.247821
1514884698.2478313
1514884698.2478406
1514884699.2561703
1514884699.2565362
1514884699.256554
1514884699.2565641
1514884699.256573
1514884699.2565818
1514884699.2565906
1514884700.2493565
1514884700.2493875
1514884700.2493968
1514884700.249405
1514884700.2494128
1514884700.2494206
1514884700.2494283
1514884701.1459866
1514884701.1463008
1514884701.1463184
1514884701.1463284
1514884701.1463375
1514884701.1463463
1514884701.1463552
1514884701.367321
1514884701.3673701