
1514884665.4140546
1514884668.3890452
1514884668.389073
1514884668.3890803
1514884668.3890986
1514884668.389106
1514884668.3891127
1514884668.3891191
1514884668.3894157
1514884668.3894916
1514884668.3895364
1514884668.3895772
1514884668.389617
1514884668.3896637
1514884668.3896997
1514884669.392954
1514884669.3930535
1514884669.3931134
1514884669.393165
1514884669.3932142
1514884669.3932633
1514884669.3933134
1514884672.4317358
1514884672.4322217
1514884672.432235
1514884672.4322436
1514884672.4322524
1514884672.4322608
1514884672.4322686
1514884674.5220969
1514884674.522124
1514884674.5221334
1514884674.5221417
1514884674.5221496
1514884674.5221572
1514884674.522165
1514884676.7302217
1514884676.7302487
1514884676.7302585
1514884676.7302666
1514884676.7302744
1514884676.7302823
1514884676.73029
1514884678.5866044
1514884678.5866323
1514884678.586642
1514884678.5866501
1514884678.5866604
1514884678.5866685
1514884678.5866766
1514884680.279309
1514884680.2793312
1514884680.279359
1514884680.279368
1514884680.2793758
1514884680.2793837
1514884680.2793913
1514884681.542363
1514884681.5423903
1514884681.543168
1514884681.5431888
1514884681.543218
1514884681.54323
1514884681.5432382
1514884683.0402868
1514884683.0403144
1514884683.040324
1514884683.040332
1514884683.04034
1514884683.0403476
1514884683.0403554
1514884684.8188953
1514884684.8189275
1514884684.8189409
1514884684.81895
1514884684.8189588
1514884684.8189673
1514884684.818976
1514884686.4828439
1514884686.4832416
1514884686.4832628
1514884686.4847465
1514884686.4847696
1514884686.4847832
1514884686.4847953
1514884687.9905026
1514884687.9905252
1514884687.9905353
1514884687.9905431
1514884687.990552
1514884687.9905596
1514884687.9905674
1514884689.7280703
1514884689.7281058
1514884689.728119
1514884689.72813
1514884689.7281408
1514884689.7281516
1514884689.7281623
1514884691.3469312
1514884691.3469627
1514884691.3469741
1514884691.3469841
1514884691.346994
1514884691.3470037
1514884691.3470135
1514884693.0739706
1514884693.0739949
1514884693.0740047
1514884693.074013
1514884693.0740209
1514884693.0740287
1514884693.0740364
1514884694.9314919
1514884694.931578
1514884694.9316328
1514884694.9316826
1514884694.9317305
1514884694.9317782
1514884694.9318268
1514884696.3822043
1514884696.382232
1514884696.3822415
1514884696.3822498
1514884696.382258
1514884696.382266
1514884696.382274
1514884697.7658331
1514884697.7658548
1514884697.7658646
1514884697.7658727
1514884697.7658806
1514884697.7658885
1514884697.7658963
1514884698.9819882
1514884698.9820123
1514884698.982022
1514884698.9820302
1514884698.982038
1514884698.9820457
1514884698.9820533
1514884700.1193311
1514884700.1197069
1514884700.119724
1514884700.119733
1514884700.1197414
1514884700.1197495
1514884700.1197574
1514884701.1151698
1514884701.115479
1514884701.1154952
1514884701.1155045
1514884701.1155128
1514884701.115521
1514884701.1155503
1514884701.8476331
1514884701.8476613
1514884701.8476706
1514884701.847679
1514884701.847687
1514884701.8476944
1514884701.847702
1514884702.243979
1514884702.2440016
1514884702.2440116
1514884702.24402
1514884702.2440279
1514884702.244036
1514884702.2440436
1514884702.4102674
1514884702.410299