
1514884665.4564142
1514884668.3062866
1514884668.306312
1514884668.3063216
1514884668.3063347
1514884668.3063436
1514884668.3063514
1514884668.306359
1514884668.3066905
1514884668.3068006
1514884668.3068547
1514884668.3069022
1514884668.3069475
1514884668.3069923
1514884668.3070366
1514884669.208961
1514884669.2274315
1514884669.2275007
1514884669.2275536
1514884669.2276034
1514884669.2276525
1514884669.227701
1514884671.73217
1514884671.7321975
1514884671.7322078
1514884671.7322164
1514884671.7322257
1514884671.7322335
1514884671.7322412
1514884673.166437
1514884673.1664786
1514884673.1664925
1514884673.1665041
1514884673.1665156
1514884673.1665266
1514884673.1665375
1514884674.474152
1514884674.4744802
1514884674.4744954
1514884674.4745045
1514884674.4745128
1514884674.4745207
1514884674.4745283
1514884675.772926
1514884675.7729537
1514884675.7729635
1514884675.7729716
1514884675.7729812
1514884675.772989
1514884675.772997
1514884677.1919591
1514884677.191992
1514884677.1920035
1514884677.192013
1514884677.192022
1514884677.1920311
1514884677.1920402
1514884678.9817228
1514884678.9817536
1514884678.9817662
1514884678.9817758
1514884678.9817846
1514884678.9817934
1514884678.981802
1514884680.7252228
1514884680.7252948
1514884680.7253103
1514884680.7253227
1514884680.7253342
1514884680.7253456
1514884680.7253568
1514884682.1486368
1514884682.1486635
1514884682.1486757
1514884682.1486838
1514884682.1486917
1514884682.1486993
1514884682.148707
1514884683.4853048
1514884683.4853466
1514884683.485358
1514884683.485367
1514884683.485376
1514884683.4853847
1514884683.485393
1514884684.852013
1514884684.8520403
1514884684.852051
1514884684.8520598
1514884684.8520696
1514884684.8520784
1514884684.8520868
1514884686.25442
1514884686.2544506
1514884686.254462
1514884686.2544713
1514884686.2544804
1514884686.2544897
1514884686.2544982
1514884687.6815994
1514884687.6819637
1514884687.6819823
1514884687.681993
1514884687.6820028
1514884687.6820123
1514884687.6820216
1514884688.9761386
1514884688.9761667
1514884688.9761763
1514884688.9761844
1514884688.9761922
1514884688.9761999
1514884688.9762073
1514884690.3053784
1514884690.3054154
1514884690.3054285
1514884690.3054392
1514884690.3054497
1514884690.30546
1514884690.3054707
1514884691.7582152
1514884691.7582495
1514884691.760387
1514884691.7604022
1514884691.760412
1514884691.760421
1514884691.7604296
1514884693.2843375
1514884693.2848914
1514884693.2849119
1514884693.2849212
1514884693.2849293
1514884693.2849371
1514884693.2849448
1514884694.9263172
1514884694.926339
1514884694.9263482
1514884694.9263563
1514884694.9263642
1514884694.9263718
1514884694.9263794
1514884696.5637648
1514884696.5637958
1514884696.5638065
1514884696.5638163
1514884696.5638251
1514884696.563834
1514884696.5638425
1514884698.130236
1514884698.130271
1514884698.1302824
1514884698.1302927
1514884698.130302
1514884698.1303113
1514884698.1303203
1514884699.5562208
1514884699.5562475
1514884699.5562568
1514884699.5562649
1514884699.556273
1514884699.556281
1514884699.5562887
1514884700.7329054
1514884700.7332196
1514884700.7332366
1514884700.7332466
1514884700.7332551
1514884700.733264
1514884700.7332726
1514884701.7377996
1514884701.7378309
1514884701.7378447
1514884701.737853
1514884701.737861
1514884701.7378697
1514884701.7378776
1514884702.2592123
1514884702.2592368
1514884702.259246
1514884702.259254
1514884702.2592618
1514884702.2592695
1514884702.2592769