
1514884665.4299154
1514884668.101177
1514884668.101206
1514884668.1012146
1514884668.1012216
1514884668.1012287
1514884668.1012354
1514884668.1012418
1514884668.101581
1514884668.101661
1514884668.1017072
1514884668.1017494
1514884668.1017902
1514884668.10183
1514884668.1018698
1514884668.7813303
1514884668.7814054
1514884668.7851768
1514884668.785244
1514884668.7852933
1514884668.7853565
1514884668.7854064
1514884670.502188
1514884670.502231
1514884670.5022469
1514884670.502261
1514884670.5022755
1514884670.502288
1514884670.5023007
1514884671.7366986
1514884671.7367218
1514884671.7367315
1514884671.7367399
1514884671.7367477
1514884671.7367551
1514884671.736763
1514884672.9410853
1514884672.9411125
1514884672.9411218
1514884672.94113
1514884672.9411376
1514884672.9411454
1514884672.9411533
1514884674.249242
1514884674.2492654
1514884674.2492752
1514884674.2492836
1514884674.2492929
1514884674.2493005
1514884674.2493083
1514884676.0020916
1514884676.0021255
1514884676.0021362
1514884676.0021453
1514884676.0021536
1514884676.0021622
1514884676.0021703
1514884678.2430532
1514884678.2430806
1514884678.243091
1514884678.2430992
1514884678.243107
1514884678.2431147
1514884678.2431223
1514884680.4315338
1514884680.431886
1514884680.4319053
1514884680.431917
1514884680.4319272
1514884680.4319372
1514884680.431947
1514884682.0964084
1514884682.0964375
1514884682.0964482
1514884682.0964563
1514884682.096464
1514884682.0964715
1514884682.0964794
1514884683.8720021
1514884683.8720298
1514884683.8720396
1514884683.872048
1514884683.8720558
1514884683.8720636
1514884683.8720715
1514884685.670416
1514884685.675
1514884685.6750236
1514884685.6750345
1514884685.675046
1514884685.6750546
1514884685.6750631
1514884687.357166
1514884687.357193
1514884687.3572025
1514884687.3572109
1514884687.3572187
1514884687.3572266
1514884687.357234
1514884688.986787
1514884688.9868126
1514884688.9868221
1514884688.9868302
1514884688.986838
1514884688.9868457
1514884688.9868534
1514884690.4833572
1514884690.4833882
1514884690.483399
1514884690.4834082
1514884690.483417
1514884690.4834259
1514884690.4834344
1514884691.9397671
1514884691.9397907
1514884691.9398003
1514884691.9398084
1514884691.9398162
1514884691.9398239
1514884691.9398313
1514884693.3749423
1514884693.3752565
1514884693.3752725
1514884693.3752818
1514884693.3752897
1514884693.3752978
1514884693.3753054
1514884694.8996012
1514884694.8996234
1514884694.899633
1514884694.899641
1514884694.899649
1514884694.8996563
1514884694.899664
1514884696.285518
1514884696.2855396
1514884696.2855496
1514884696.2855577
1514884696.2855654
1514884696.285573
1514884696.2855806
1514884697.6729827
1514884697.673054
1514884697.6731055
1514884697.6731527
1514884697.6732411
1514884697.6732903
1514884697.673336
1514884698.9118054
1514884698.9118338
1514884698.9118438
1514884698.9118524
1514884698.9118602
1514884698.9118679
1514884698.9118755
1514884699.8778033
1514884699.8778315
1514884699.8778412
1514884699.8778493
1514884699.8778572
1514884699.8778648
1514884699.8778722
1514884700.7762308
1514884700.7765644
1514884700.7765813
1514884700.7765915
1514884700.7766006
1514884700.7766097
1514884700.7766182
1514884701.3586154
1514884701.3586428
1514884701.3586526
1514884701.358661
1514884701.3586688