
1514884665.4594572
1514884668.4469156
1514884668.4469388
1514884668.4469466
1514884668.4469528
1514884668.4469593
1514884668.446965
1514884668.4469707
1514884668.4472394
1514884668.4473171
1514884668.4473753
1514884668.4474146
1514884668.4474504
1514884668.4474857
1514884668.4475205
1514884669.5154755
1514884669.5186236
1514884669.518645
1514884669.5186555
1514884669.5186648
1514884669.5186737
1514884669.5186827
1514884672.390658
1514884672.3906868
1514884672.3906965
1514884672.3907046
1514884672.3907132
1514884672.390721
1514884672.3907328
1514884674.2691114
1514884674.269137
1514884674.2691462
1514884674.269154
1514884674.269162
1514884674.2691696
1514884674.2691772
1514884676.0496588
1514884676.0496843
1514884676.0496936
1514884676.0497017
1514884676.0497096
1514884676.0497172
1514884676.0497248
1514884678.0416055
1514884678.0416331
1514884678.041643
1514884678.041651
1514884678.0416598
1514884678.0416675
1514884678.041675
1514884680.2704327
1514884680.2704594
1514884680.2704694
1514884680.2704775
1514884680.270485
1514884680.270493
1514884680.270501
1514884682.1782215
1514884682.1782527
1514884682.1782625
1514884682.1782706
1514884682.1782784
1514884682.178286
1514884682.1782937
1514884684.133218
1514884684.1335945
1514884684.1336088
1514884684.133618
1514884684.133626
1514884684.133634
1514884684.1336417
1514884685.6982825
1514884685.6985924
1514884685.698611
1514884685.69862
1514884685.6986282
1514884685.6986358
1514884685.6986437
1514884686.762617
1514884686.7626445
1514884686.7626543
1514884686.7626626
1514884686.7626705
1514884686.7626781
1514884686.7626855
1514884688.070813
1514884688.0712557
1514884688.0712774
1514884688.0712907
1514884688.0713055
1514884688.0713174
1514884688.0713294
1514884689.4818742
1514884689.4821925
1514884689.4822109
1514884689.4822218
1514884689.4822311
1514884689.4822407
1514884689.4822497
1514884690.929535
1514884690.9295657
1514884690.9295769
1514884690.9295864
1514884690.9295957
1514884690.9296045
1514884690.929614
1514884692.215707
1514884692.215745
1514884692.2157562
1514884692.2157657
1514884692.2157748
1514884692.2157836
1514884692.2157924
1514884693.5684786
1514884693.5688074
1514884693.568824
1514884693.5688336
1514884693.568842
1514884693.5688503
1514884693.5688684
1514884694.959525
1514884694.959806
1514884694.959822
1514884694.9598315
1514884694.9598398
1514884694.959848
1514884694.9598556
1514884696.3162448
1514884696.3162763
1514884696.316287
1514884696.3162963
1514884696.3163054
1514884696.3163142
1514884696.3163228
1514884697.4943154
1514884697.494342
1514884697.4943511
1514884697.4943593
1514884697.4943671
1514884697.494375
1514884697.4943826
1514884698.4717531
1514884698.472045
1514884698.4720616
1514884698.4720886
1514884698.4720995
1514884698.4721296
1514884698.4721572
1514884699.4857247
1514884699.486044
1514884699.48606
1514884699.4860685
1514884699.4860766
1514884699.4860842
1514884699.4860919
1514884700.5950422
1514884700.5954068
1514884700.5954256
1514884700.595436
1514884700.5954454
1514884700.5954542
1514884700.595463
1514884701.655893
1514884701.655927
1514884701.6559389
1514884701.655949
1514884701.6559594
1514884701.6559694
1514884701.6559796
1514884702.2136123
1514884702.213635
1514884702.2136445
1514884702.2136564
1514884702.2136652
1514884702.2136755
1514884702.2136834
1514884702.5879374
1514884702.5879693
1514884702.5879807
1514884702.5879908
1514884702.588