
1514884665.4571605
1514884667.780165
1514884667.7802064
1514884667.7802227
1514884667.780233
1514884667.7802455
1514884667.7802567
1514884667.780266
1514884667.7807007
1514884667.7807832
1514884667.780835
1514884667.7808924
1514884667.7809408
1514884667.7809896
1514884667.781052
1514884668.4405613
1514884668.4406424
1514884668.440695
1514884668.440743
1514884668.440788
1514884668.4408329
1514884668.440886
1514884669.2672746
1514884669.2834134
1514884669.2834892
1514884669.2835412
1514884669.28359
1514884669.2836359
1514884669.2836938
1514884671.5533607
1514884671.5533884
1514884671.553398
1514884671.553406
1514884671.5534139
1514884671.5534215
1514884671.5534291
1514884672.8329105
1514884672.832941
1514884672.8329518
1514884672.8329616
1514884672.8329701
1514884672.832979
1514884672.8329875
1514884674.2346876
1514884674.2347093
1514884674.2347186
1514884674.2347264
1514884674.234736
1514884674.2439036
1514884674.2439218
1514884675.3753073
1514884675.3753874
1514884675.3753982
1514884675.3754063
1514884675.3754141
1514884675.3754218
1514884675.3754294
1514884676.4087071
1514884676.4087453
1514884676.408759
1514884676.4087691
1514884676.4087787
1514884676.4087877
1514884676.4087968
1514884677.6433074
1514884677.6433518
1514884677.6433647
1514884677.643373
1514884677.6433809
1514884677.6433887
1514884677.6433966
1514884678.7399926
1514884678.740018
1514884678.740029
1514884678.740037
1514884678.7400446
1514884678.740052
1514884678.7400596
1514884680.0367389
1514884680.0367668
1514884680.036776
1514884680.0367837
1514884680.0367913
1514884680.036799
1514884680.0368063
1514884681.2276976
1514884681.2277248
1514884681.2277358
1514884681.2277448
1514884681.2277548
1514884681.2277634
1514884681.2277722
1514884682.8925476
1514884682.892574
1514884682.892583
1514884682.8925912
1514884682.892599
1514884682.8926067
1514884682.8926148
1514884684.6542752
1514884684.6543117
1514884684.654327
1514884684.65434
1514884684.6543531
1514884684.6543658
1514884684.6543784
1514884686.3498054
1514884686.3498309
1514884686.3498406
1514884686.3498485
1514884686.3498564
1514884686.3498642
1514884686.3498719
1514884687.7825904
1514884687.782618
1514884687.7826283
1514884687.782637
1514884687.7826452
1514884687.7826536
1514884687.782662
1514884689.0969126
1514884689.0969434
1514884689.0969546
1514884689.0969641
1514884689.0969732
1514884689.0969818
1514884689.0969903
1514884690.5132654
1514884690.51329
1514884690.5132995
1514884690.5133073
1514884690.5133152
1514884690.5133228
1514884690.5133305
1514884691.8676584
1514884691.8679752
1514884691.8679917
1514884691.8680017
1514884691.8680105
1514884691.868019
1514884691.8680277
1514884693.260936
1514884693.2609699
1514884693.2609806
1514884693.26099
1514884693.2609985
1514884693.261007
1514884693.2610157
1514884694.5026562
1514884694.50297
1514884694.5029855
1514884694.5029948
1514884694.5030024
1514884694.50301
1514884694.5030177
1514884695.8197415
1514884695.8197684
1514884695.8197782
1514884695.8197865
1514884695.819795
1514884695.8198032
1514884695.8198113