
1514884665.4444578
1514884668.431305
1514884668.4313273
1514884668.4313543
1514884668.4313695
1514884668.4313786
1514884668.4313865
1514884668.431394
1514884668.4316854
1514884668.4317644
1514884668.431815
1514884668.431861
1514884668.4319062
1514884668.4319503
1514884668.431999
1514884669.485605
1514884669.4857028
1514884669.48576
1514884669.48581
1514884669.4858584
1514884669.4859066
1514884669.4859633
1514884672.2309911
1514884672.231014
1514884672.2310236
1514884672.2310314
1514884672.231041
1514884672.2310486
1514884672.231056
1514884674.2725892
1514884674.2726111
1514884674.2726207
1514884674.2726288
1514884674.2726367
1514884674.2726443
1514884674.2726521
1514884676.4121675
1514884676.4121964
1514884676.412208
1514884676.412218
1514884676.4122279
1514884676.4122376
1514884676.4122472
1514884678.541701
1514884678.5417316
1514884678.5460062
1514884678.5460305
1514884678.5460439
1514884678.5460532
1514884678.5460622
1514884680.245485
1514884680.245512
1514884680.2455213
1514884680.2455294
1514884680.245537
1514884680.2455447
1514884680.2455523
1514884681.865518
1514884681.865872
1514884681.865889
1514884681.8658981
1514884681.8659067
1514884681.8659143
1514884681.8659222
1514884683.3566775
1514884683.3567054
1514884683.3567152
1514884683.3567233
1514884683.356731
1514884683.3567388
1514884683.3567464
1514884684.863085
1514884684.8631082
1514884684.8631184
1514884684.8631265
1514884684.8631341
1514884684.8631418
1514884684.8631492
1514884686.4558392
1514884686.455866
1514884686.4558759
1514884686.455884
1514884686.4558918
1514884686.4558995
1514884686.455907
1514884688.018153
1514884688.018175
1514884688.0181842
1514884688.0181928
1514884688.0182028
1514884688.0182106
1514884688.0182185
1514884689.8909976
1514884689.8910315
1514884689.8910427
1514884689.8910525
1514884689.8910618
1514884689.8910713
1514884689.8910804
1514884691.5396836
1514884691.5397925
1514884691.5398488
1514884691.5398955
1514884691.539941
1514884691.5399857
1514884691.54003
1514884693.1467004
1514884693.1467762
1514884693.1468287
1514884693.1468763
1514884693.1469223
1514884693.1469681
1514884693.1470134
1514884694.8576665
1514884694.864054
1514884694.8640718
1514884694.8640814
1514884694.8640897
1514884694.8640976
1514884694.8641052
1514884696.3356526
1514884696.3356793
1514884696.3356898
1514884696.3356988
1514884696.3357077
1514884696.3357162
1514884696.335725
1514884697.6699462
1514884697.6700208
1514884697.670072
1514884697.670119
1514884697.670165
1514884697.6702106
1514884697.6702554
1514884698.7971072
1514884698.797431
1514884698.797447
1514884698.797456
1514884698.797464
1514884698.7974715
1514884698.7974792
1514884700.1870935
1514884700.1871202
1514884700.1871295
1514884700.1871376
1514884700.1871455
1514884700.187153
1514884700.1871607
1514884701.4618974
1514884701.4619198
1514884701.4619293
1514884701.4619374
1514884701.4619453
1514884701.4619532
1514884701.4619608
1514884702.1821022
1514884702.1821299
1514884702.1821396
1514884702.182148
1514884702.1821556
1514884702.1821635
1514884702.1821713
1514884702.6331809
1514884702.6332035
1514884702.633213
1514884702.6332211
1514884702.6332288
1514884702.6332364
1514884702.6332438
1514884702.935166
1514884702.935193
1514884702.9352026
1514884702.9352105
1514884702.9352183
1514884702.9352267
1514884702.935234
1514884703.2236512
1514884703.2236748
1514884703.2236836
1514884703.2236915
1514884703.223699
1514884703.2237067
1514884703.2237144
1514884703.3697498
1514884703.3697839
1514884703.369796
1514884703.3698063
1514884703.3698163