
1514884665.4103742
1514884668.1631162
1514884668.1631413
1514884668.1631513
1514884668.1631594
1514884668.1631682
1514884668.163176
1514884668.1631837
1514884668.1835546
1514884668.183652
1514884668.1837058
1514884668.1837537
1514884668.1837997
1514884668.1838443
1514884668.1838892
1514884669.1525779
1514884669.1526785
1514884669.1527367
1514884669.1527874
1514884669.152836
1514884669.1529007
1514884669.152954
1514884672.5734687
1514884672.5735004
1514884672.5735123
1514884672.5735226
1514884672.5735338
1514884672.5735433
1514884672.5735528
1514884674.5240774
1514884674.5243447
1514884674.5243602
1514884674.5243695
1514884674.5243776
1514884674.5243855
1514884674.5243933
1514884676.7337606
1514884676.734439
1514884676.734457
1514884676.7344701
1514884676.7344794
1514884676.734488
1514884676.7344966
1514884678.7026427
1514884678.7026672
1514884678.7026772
1514884678.7026856
1514884678.7026956
1514884678.7027035
1514884678.7027116
1514884680.3113003
1514884680.3113272
1514884680.3113532
1514884680.3113637
1514884680.3113718
1514884680.3113797
1514884680.3113875
1514884681.61991
1514884681.6199403
1514884681.6199522
1514884681.6203268
1514884681.6203473
1514884681.6203573
1514884681.620366
1514884682.782016
1514884682.782046
1514884682.7820563
1514884682.7820652
1514884682.7820735
1514884682.7820818
1514884682.7820897
1514884683.9230146
1514884683.9230487
1514884683.9230616
1514884683.923072
1514884683.9230819
1514884683.9230914
1514884683.923101
1514884684.9861913
1514884684.9862182
1514884684.9862278
1514884684.986236
1514884684.986244
1514884684.986252
1514884684.98626
1514884686.3267422
1514884686.3267717
1514884686.326782
1514884686.3267903
1514884686.3268003
1514884686.3268085
1514884686.3268163
1514884687.6831775
1514884687.6832013
1514884687.6832118
1514884687.6832206
1514884687.6832287
1514884687.683237
1514884687.6832454
1514884689.0321367
1514884689.0321631
1514884689.0321727
1514884689.0321808
1514884689.032189
1514884689.0321968
1514884689.0322046
1514884690.4677567
1514884690.4677918
1514884690.467803
1514884690.4678123
1514884690.4678211
1514884690.4678302
1514884690.4678388
1514884691.8979626
1514884691.898237
1514884691.8982527
1514884691.8982618
1514884691.8982704
1514884691.8982782
1514884691.898286
1514884693.187505
1514884693.1875377
1514884693.1875484
1514884693.1875577
1514884693.1875668
1514884693.187576
1514884693.1875849
1514884694.398884
1514884694.3989134
1514884694.4009087
1514884694.400933
1514884694.4009428
1514884694.4009516
1514884694.4009597
1514884695.5215468
1514884695.521837
1514884695.5218532
1514884695.5218632
1514884695.5218713
1514884695.5218794
1514884695.5218873
1514884696.6445527
1514884696.644581
1514884696.644591
1514884696.6445994
1514884696.644608
1514884696.6446166
1514884696.644625
1514884697.761355
1514884697.7618418
1514884697.7618725
1514884697.7618914
1514884697.7619083
1514884697.761925
1514884697.7619412
1514884698.783062
1514884698.7830894
1514884698.7830992
1514884698.7831075
1514884698.7831156
1514884698.7831235
1514884698.7831316
1514884699.7077048
1514884699.7082174
1514884699.7082634
1514884699.7082784
1514884699.7082887
1514884699.7082984
1514884699.7083077
1514884700.521494
1514884700.5215688
1514884700.5216231
1514884700.5216744
1514884700.5217247
1514884700.5217779
1514884700.5218272
1514884701.3200972
1514884701.3201318
1514884701.3201435
1514884701.3201537
1514884701.3201637
1514884701.3201735
1514884701.3201833
1514884701.9085226
1514884701.908547
1514884701.9085565
1514884701.9085646
1514884701.9085727
1514884701.9085805
1514884701.9085884
1514884701.9999619