
1514884665.3982255
1514884668.4125967
1514884668.4126427
1514884668.4126532
1514884668.4126613
1514884668.4126697
1514884668.4126773
1514884668.4126847
1514884668.413039
1514884668.4131231
1514884668.4131756
1514884668.4132233
1514884668.4132688
1514884668.4133132
1514884668.4133573
1514884669.318493
1514884669.3186069
1514884669.3186662
1514884669.3187168
1514884669.3187652
1514884669.3188133
1514884669.318861
1514884672.3776827
1514884672.3777108
1514884672.3777206
1514884672.3777287
1514884672.3777375
1514884672.3777454
1514884672.3777528
1514884674.2195613
1514884674.2295732
1514884674.2296004
1514884674.231098
1514884674.2311187
1514884674.2311285
1514884674.2311366
1514884676.1456702
1514884676.1456974
1514884676.1457074
1514884676.1457162
1514884676.1457248
1514884676.145733
1514884676.1457412
1514884678.1161015
1514884678.1161277
1514884678.116137
1514884678.116145
1514884678.1161547
1514884678.1161623
1514884678.11617
1514884679.6037564
1514884679.60379
1514884679.6038024
1514884679.6038134
1514884679.6038237
1514884679.6038342
1514884679.6038444
1514884680.8361483
1514884680.8361757
1514884680.8361857
1514884680.8361938
1514884680.8362014
1514884680.836209
1514884680.8362164
1514884681.9314923
1514884681.9315245
1514884681.931534
1514884681.9315422
1514884681.9315498
1514884681.9315574
1514884681.9315648
1514884683.0059905
1514884683.0066965
1514884683.006709
1514884683.0067174
1514884683.0067253
1514884683.0067332
1514884683.0067406
1514884684.1850233
1514884684.1850555
1514884684.1850662
1514884684.1850748
1514884684.1850834
1514884684.1850917
1514884684.1851
1514884685.8381302
1514884685.83864
1514884685.8386555
1514884685.8386643
1514884685.8386753
1514884685.8386831
1514884685.8386908
1514884687.6672542
1514884687.6672857
1514884687.6672974
1514884687.6673079
1514884687.6673179
1514884687.6673276
1514884687.6673608
1514884689.1596146
1514884689.159649
1514884689.1596591
1514884689.159667
1514884689.1596746
1514884689.1596823
1514884689.1596901
1514884690.7040894
1514884690.7041223
1514884690.7041326
1514884690.7041416
1514884690.7041504
1514884690.704159
1514884690.7041676
1514884692.099017
1514884692.0990453
1514884692.0990558
1514884692.0990644
1514884692.0990727
1514884692.099081
1514884692.0990891
1514884693.3593955
1514884693.3597617
1514884693.3597791
1514884693.3597891
1514884693.359798
1514884693.3598068
1514884693.3598156
1514884694.8754437
1514884694.8754654
1514884694.8754745
1514884694.8754823
1514884694.87549
1514884694.8754976
1514884694.8755052
1514884696.1362453
1514884696.1362712
1514884696.1362805
1514884696.136289
1514884696.1362967
1514884696.1363046
1514884696.1363122
1514884697.284261
1514884697.2843041
1514884697.2843237
1514884697.2843413
1514884697.2843575
1514884697.2843738
1514884697.28439
1514884698.2947118
1514884698.297091
1514884698.297109
1514884698.297118
1514884698.2971253
1514884698.2971332
1514884698.2971406
1514884698.9430232
1514884698.943464
1514884698.9434843
1514884698.9434955