
1514884665.4280992
1514884668.1494355
1514884668.1494565
1514884668.1494644
1514884668.149471
1514884668.1494784
1514884668.1494846
1514884668.1494908
1514884668.1498208
1514884668.1499038
1514884668.1499546
1514884668.150001
1514884668.1500456
1514884668.1500895
1514884668.1501334
1514884669.2269392
1514884669.2270305
1514884669.2270863
1514884669.2271352
1514884669.2271821
1514884669.227228
1514884669.2272732
1514884670.5042756
1514884670.5043075
1514884670.5043225
1514884670.504336
1514884670.5043502
1514884670.5043628
1514884670.5043752
1514884672.1751459
1514884672.17518
1514884672.1751914
1514884672.1752012
1514884672.175211
1514884672.1752205
1514884672.1752298
1514884673.616668
1514884673.6171048
1514884673.6171308
1514884673.617147
1514884673.6171608
1514884673.6171744
1514884673.617188
1514884674.986101
1514884674.9861283
1514884674.9861379
1514884674.986146
1514884674.9861557
1514884674.9861639
1514884674.9861715
1514884676.3146842
1514884676.3147137
1514884676.3147235
1514884676.3147318
1514884676.3147397
1514884676.3147476
1514884676.3147552
1514884677.9326627
1514884677.9326906
1514884677.932702
1514884677.9327104
1514884677.9327183
1514884677.932726
1514884677.9327335
1514884680.358658
1514884680.3586798
1514884680.3586895
1514884680.358698
1514884680.3587055
1514884680.3587132
1514884680.3587208
1514884682.25701
1514884682.2570415
1514884682.257054
1514884682.2570624
1514884682.2570703
1514884682.2570782
1514884682.2570863
1514884684.0709405
1514884684.0709696
1514884684.070979
1514884684.0709872
1514884684.0709949
1514884684.0710027
1514884684.0710104
1514884686.0576847
1514884686.0577157
1514884686.0577266
1514884686.057736
1514884686.0577478
1514884686.0577605
1514884686.05777
1514884687.9564233
1514884687.9564505
1514884687.95646
1514884687.9564679
1514884687.9564757
1514884687.9564834
1514884687.956491
1514884689.6473572
1514884689.6473873
1514884689.6473968
1514884689.6474047
1514884689.6474125
1514884689.6474202
1514884689.6474278
1514884691.2266455
1514884691.2266846
1514884691.2266984
1514884691.2267094
1514884691.22672
1514884691.2267308
1514884691.226741
1514884692.7583334
1514884692.758615
1514884692.7586305
1514884692.7586398
1514884692.7586482
1514884692.7586563
1514884692.758664
1514884694.1133938
1514884694.1139438
1514884694.1139715
1514884694.1139886
1514884694.1140041
1514884694.1140196
1514884694.114035
1514884696.055321
1514884696.055382
1514884696.0553956
1514884696.0554066
1514884696.0554175
1514884696.055428
1514884696.0554388
1514884697.7539625
1514884697.7542374
1514884697.754253
1514884697.7542622
1514884697.7542703
1514884697.7542782
1514884697.7542865
1514884699.071246
1514884699.0712721
1514884699.0712817
1514884699.0712898
1514884699.0712974
1514884699.071355
1514884699.0713658
1514884700.3213978
1514884700.3217962
1514884700.3218155
1514884700.3218265
1514884700.3218365
1514884700.3218462
1514884700.3218558
1514884701.4343066
1514884701.4346464
1514884701.434663
1514884701.4346726
1514884701.4346817
1514884701.4346902
1514884701.434699
1514884702.122715
1514884702.1278353
1514884702.1278543
1514884702.1278632
1514884702.127871
1514884702.1289718
1514884702.128992
1514884702.6049616
1514884702.6049945
1514884702.6050072
1514884702.6050186
1514884702.6050298
1514884702.6050425
1514884702.6050537
1514884702.9632714
1514884702.963295
1514884702.9633045
1514884702.9633129
1514884702.9633205
1514884702.9633281
1514884702.9633512
1514884703.1874444
1514884703.1874735
1514884703.1874826
1514884703.1874907
1514884703.1874983