
1515063415.122989
1515063421.4714456
1515063421.4714746
1515063421.4714847
1515063421.8161638
1515063421.8161924
1515063421.816202
1515063422.373429
1515063422.3735008
1515063422.3735294
1515063422.8719165
1515063422.871948
1515063422.8719597
1515063423.4823086
1515063423.4823334
1515063423.4823425
1515063424.0655599
1515063424.0655825
1515063424.0655918
1515063424.7370598
1515063424.737081
1515063424.7370908
1515063425.4212587
1515063425.4212904
1515063425.4212997
1515063426.4203134
1515063426.4203382
1515063426.4203482
1515063426.9342902
1515063426.9343195
1515063426.9343293
1515063427.558154
1515063427.5581944
1515063427.5582047
1515063428.1829457
1515063428.182972
1515063428.1829827
1515063428.8725693
1515063428.8731072
1515063428.8731258
1515063429.4787157
1515063429.4787793
1515063429.4787955
1515063429.9971254
1515063429.9971583
1515063429.9971685
1515063430.6767612
1515063430.6767874
1515063430.6767972
1515063431.0473177
1515063431.0473464
1515063431.0473557
1515063431.6383657
1515063431.638446
1515063431.6384573
1515063432.195723
1515063432.1957645
1515063432.195777
1515063432.7362957
1515063432.7363226
1515063432.7363322
1515063433.5808115
1515063433.5808344
1515063433.580844
1515063434.3557706
1515063434.355795
1515063434.3558044
1515063435.198354
1515063435.1983774
1515063435.198387
1515063435.9545
1515063435.9545345
1515063435.9545486
1515063436.280877
1515063436.2809074
1515063436.2809174
1515063436.9362767
1515063436.9363115
1515063436.9363213
1515063437.5728438
1515063437.5728662
1515063437.5728755
1515063438.1139855
1515063438.1140144
1515063438.1140237
1515063438.696428
1515063438.696504
1515063438.6965535
1515063439.3611138
1515063439.361137
1515063439.361147
1515063439.9115925
1515063439.9116273
1515063439.9116426
1515063440.3930647
1515063440.39309
1515063440.3930993
1515063440.8578057
1515063440.8578448
1515063440.857864
1515063441.3176541
1515063441.3176866
1515063441.317696
1515063441.814314
1515063441.8143559
1515063441.8143697
1515063442.4553845
1515063442.4554658
1515063442.455478
1515063442.970797
1515063442.9708416
1515063442.9708533
1515063443.4872053
1515063443.48723
1515063443.4872394
1515063444.0068355
1515063444.0068617
1515063444.0068712
1515063444.572639
1515063444.5726662
1515063444.5726757
1515063445.0806456
1515063445.0806723
1515063445.0806818
1515063445.670357
1515063445.6703956
1515063445.6704059
1515063446.28833
1515063446.2883573
1515063446.288367
1515063446.5894315
1515063446.5894582
1515063446.5894678
1515063447.180447
1515063447.180478
1515063447.1810365
1515063447.8701642
1515063447.8701942
1515063447.8702044
1515063448.6645706
1515063448.6645963
1515063448.6646056
1515063449.379078
1515063449.3791053
1515063449.3791168
1515063449.9676256
1515063449.9676514
1515063449.9676614
1515063450.6666942
1515063450.6667287
1515063450.666739
1515063451.1078699
1515063451.1079187
1515063451.1079288
1515063451.8117669
1515063451.8118062
1515063451.8118155
1515063452.190216
1515063452.1902568
1515063452.1902678
1515063452.7307124
1515063452.73074
1515063452.7307494
1515063453.4696531
1515063453.4696817
1515063453.4696913
1515063454.075822
1515063454.075848
1515063454.0758576
1515063454.489445
1515063454.4894772
1515063454.4894903
1515063454.9728012
1515063454.9728248
1515063454.9728348
1515063455.5883844
1515063455.5884094
1515063455.5884192
1515063456.1766713
1515063456.1767082
1515063456.1767182
1515063456.5149536
1515063456.5149865
1515063456.514997
1515063456.8310378
1515063456.831061
1515063456.8310707
1515063457.1614501
1515063457.1620255
1515063457.162038
1515063457.51557
1515063457.515608
1515063457.515619
1515063457.7812414
1515063457.781291
1515063457.7813141
1515063458.0039215
1515063458.0039668