
1515063415.0896149
1515063416.6138294
1515063416.613859
1515063416.613869
1515063416.6138868
1515063416.6138966
1515063416.6139047
1515063416.6139185
1515063416.613927
1515063416.6139352
1515063416.6139483
1515063416.6139565
1515063416.6139643
1515063416.6143622
1515063416.6144593
1515063416.6145146
1515063417.9350035
1515063417.935033
1515063417.9350429
1515063417.9350593
1515063417.9350686
1515063417.9350765
1515063417.9350903
1515063417.9350986
1515063417.9351063
1515063417.9351196
1515063417.9351285
1515063417.935136
1515063417.9355314
1515063417.9356227
1515063417.9356756
1515063419.3151097
1515063419.3151367
1515063419.3151467
1515063419.315162
1515063419.3151705
1515063419.3151805
1515063419.3151944
1515063419.3152025
1515063419.3152103
1515063419.3152235
1515063419.3152313
1515063419.315239
1515063419.3159316
1515063419.3160276
1515063419.3160825
1515063420.6756904
1515063420.6757343
1515063420.675753
1515063421.1285841
1515063421.1286168
1515063421.1286263
1515063421.6453214
1515063421.645359
1515063421.6453793
1515063422.1959186
1515063422.1959474
1515063422.1959574
1515063422.56489
1515063422.5649447
1515063422.5649576
1515063423.3450673
1515063423.3476837
1515063423.3476963
1515063424.0209324
1515063424.020962
1515063424.0209734
1515063424.7863128
1515063424.7863443
1515063424.7863536
1515063425.7002754
1515063425.7003782
1515063425.700452
1515063426.4027183
1515063426.4027495
1515063426.4027612
1515063426.9046128
1515063426.904654
1515063426.9046721
1515063427.5652812
1515063427.5653076
1515063427.5653195
1515063428.1969743
1515063428.1970062
1515063428.1970158
1515063428.909648
1515063428.9096925
1515063428.9097104
1515063429.5181556
1515063429.518185
1515063429.5181947
1515063429.986746
1515063429.9867718
1515063429.986781
1515063430.8119738
1515063430.812073
1515063430.8134813
1515063431.6349483
1515063431.634983
1515063431.6349962
1515063432.4789824
1515063432.4790103
1515063432.4790199
1515063433.4059083
1515063433.4059403
1515063433.4059541
1515063433.9841516
1515063433.9841821
1515063433.984193
1515063434.504625
1515063434.5046637
1515063434.5046802
1515063435.2930894
1515063435.293115
1515063435.2931247
1515063436.0829937
1515063436.0830162
1515063436.0830262
1515063436.8938642
1515063436.8939002
1515063436.8939147
1515063437.7012281
1515063437.7012494
1515063437.7012587
1515063438.4447865
1515063438.4448206
1515063438.4448345
1515063438.9584744
1515063438.9587903
1515063438.9588056
1515063439.4692805
1515063439.4693065
1515063439.469316
1515063440.1762142
1515063440.1762362
1515063440.1762457
1515063440.9519181
1515063440.9519446
1515063440.951954
1515063441.5379586
1515063441.5379853
1515063441.5379949
1515063442.2204964
1515063442.2211087
1515063442.221122
1515063442.8992743
1515063442.8993034
1515063442.899314
1515063443.5513587
1515063443.5513833
1515063443.5513928
1515063444.176103
1515063444.1761317
1515063444.176142
1515063444.7476852
1515063444.748496
1515063444.7485144
1515063445.3925319
1515063445.3925645
1515063445.393619
1515063445.8798265
1515063445.879863
1515063445.879874
1515063446.4602337
1515063446.4602587
1515063446.4602685
1515063447.0320249
1515063447.032472
1515063447.0324936
1515063447.694359
1515063447.694436
1515063447.6944902
1515063448.548384
1515063448.548407
1515063448.5484202
1515063449.1259816
1515063449.1260078
1515063449.126018
1515063449.6862512
1515063449.6862795
1515063449.6862915
1515063450.2985156
1515063450.298537
1515063450.2985463
1515063451.073497
1515063451.0735188
1515063451.073528
1515063451.8544514
1515063451.8544798
1515063451.8544903
1515063452.586143
1515063452.5861654
1515063452.5861752
1515063453.206426
1515063453.2064533
1515063453.206463
1515063453.6370182
1515063453.6370459
1515063453.6370552
1515063454.1755874
1515063454.1756217
1515063454.1756315
1515063454.6645744
1515063454.6646044
1515063454.6646152
1515063455.075262
1515063455.075289
1515063455.075299
1515063455.58315
1515063455.5831769
1515063455.5831861
1515063456.17143
1515063456.171465
1515063456.1714747
1515063456.807408
1515063456.8074358
1515063456.8074455
1515063457.4757776
1515063457.475813
1515063457.475827
1515063458.0763824
1515063458.0764046
1515063458.076414
1515063458.6043477
1515063458.604374
1515063458.6043847
1515063459.1145895
1515063459.1146169
1515063459.1146266
1515063459.5852947
1515063459.585323
1515063459.5853329
1515063460.0784698
1515063460.0785077
1515063460.0785224
1515063460.417729
1515063460.4177642
1515063460.4177778
1515063460.731842
1515063460.73191
1515063460.7319272
1515063461.011084
1515063461.0111172
1515063461.011127
1515063461.356525
1515063461.3565536
1515063461.3565657