
1515063415.1284103
1515063421.710973
1515063421.7109976
1515063421.711007
1515063422.4441009
1515063422.4441376
1515063422.4441519
1515063423.207333
1515063423.2073593
1515063423.20737
1515063423.923722
1515063423.9237616
1515063423.9237726
1515063424.529463
1515063424.529489
1515063424.5294988
1515063425.2662883
1515063425.2663217
1515063425.2663333
1515063425.8853152
1515063425.885345
1515063425.8853543
1515063426.670475
1515063426.6705048
1515063426.6705167
1515063427.3983035
1515063427.3983388
1515063427.398369
1515063428.1111262
1515063428.111157
1515063428.111167
1515063428.689904
1515063428.6899266
1515063428.6899352
1515063429.2538557
1515063429.2538826
1515063429.2538967
1515063429.9983122
1515063429.998339
1515063429.9983497
1515063430.80222
1515063430.802302
1515063430.8023179
1515063431.5404167
1515063431.5404449
1515063431.5404546
1515063432.039414
1515063432.0394382
1515063432.0394485
1515063432.570934
1515063432.5709612
1515063432.570971
1515063433.3588808
1515063433.3589144
1515063433.3589258
1515063433.7988396
1515063433.7988694
1515063433.798879
1515063434.3901787
1515063434.390208
1515063434.390217
1515063435.2732263
1515063435.2732553
1515063435.2732663
1515063436.0720425
1515063436.0720677
1515063436.0720773
1515063436.8760018
1515063436.8760278
1515063436.8760371
1515063437.5672166
1515063437.5672457
1515063437.5672555
1515063438.1298957
1515063438.1299233
1515063438.129933
1515063438.7653043
1515063438.7653344
1515063438.7653437
1515063439.4357624
1515063439.4357977
1515063439.4358077
1515063440.1717196
1515063440.1717453
1515063440.1717546
1515063440.9064467
1515063440.906486
1515063440.9065044
1515063441.429756
1515063441.4297833
1515063441.4297936
1515063442.0164769
1515063442.016929
1515063442.0169451
1515063442.8036828
1515063442.8037126
1515063442.8037238
1515063443.419152
1515063443.4191804
1515063443.4191902
1515063444.022675
1515063444.022702
1515063444.0227127
1515063444.7158124
1515063444.7159703
1515063444.7160583
1515063445.3315914
1515063445.3316207
1515063445.3316302
1515063445.7337735
1515063445.7338095
1515063445.7338197
1515063446.4076989
1515063446.4077256
1515063446.4077349
1515063446.8734493
1515063446.8734772
1515063446.8734875
1515063447.5034292
1515063447.503454
1515063447.5034635
1515063448.0640132
1515063448.0640383
1515063448.0640478
1515063448.7073545
1515063448.70738
1515063448.7073905
1515063449.4986594
1515063449.498694
1515063449.4987044
1515063450.289342
1515063450.2893846
1515063450.289396
1515063451.0804424
1515063451.0804663
1515063451.0804758
1515063451.8642542
1515063451.8643064
1515063451.8643172
1515063452.6124713
1515063452.6124988
1515063452.6125078
1515063453.4464695
1515063453.4465086
1515063453.4465241
1515063454.1925063
1515063454.1925287
1515063454.192538
1515063454.9446182
1515063454.9446583
1515063454.944668
1515063455.6127484
1515063455.61277
1515063455.6127799
1515063456.2254064
1515063456.2254312
1515063456.2254405
1515063456.8237863
1515063456.8238134
1515063456.8238232
1515063457.400652
1515063457.4007409
1515063457.400807
1515063457.6147752
1515063457.6148553
1515063457.6149585
1515063458.055932
1515063458.0559604
1515063458.05597
1515063458.496112
1515063458.496144
1515063458.4961565
1515063458.7607539
1515063458.7608001
1515063458.7608154
1515063459.1661646
1515063459.1661892
1515063459.1662023
1515063459.6323495
1515063459.632377
1515063459.6323864
1515063460.111432
1515063460.11147
1515063460.1114795
1515063460.577641
1515063460.5776837
1515063460.5776963