
1515063415.112295
1515063421.6923056
1515063421.6923404
1515063421.6923506
1515063422.5740643
1515063422.574095
1515063422.5741076
1515063423.4175718
1515063423.417596
1515063423.417606
1515063424.20392
1515063424.2039497
1515063424.203962
1515063424.8668118
1515063424.8668327
1515063424.8668425
1515063425.778456
1515063425.7784967
1515063425.7785072
1515063426.5688412
1515063426.568865
1515063426.5688744
1515063427.2687044
1515063427.2687316
1515063427.2687416
1515063428.0579894
1515063428.058024
1515063428.0580335
1515063428.5908263
1515063428.5908556
1515063428.5908654
1515063429.1891916
1515063429.1892278
1515063429.1892424
1515063429.953979
1515063429.9540145
1515063429.9540284
1515063430.755671
1515063430.7557049
1515063430.7557158
1515063431.5794523
1515063431.579482
1515063431.579493
1515063432.021338
1515063432.0213869
1515063432.021402
1515063432.5422673
1515063432.5422962
1515063432.542306
1515063433.1757028
1515063433.175734
1515063433.1757433
1515063433.731068
1515063433.7310915
1515063433.7311013
1515063434.3994853
1515063434.399511
1515063434.3995209
1515063435.2665725
1515063435.2666025
1515063435.2666125
1515063436.1211257
1515063436.1211648
1515063436.1211746
1515063436.9898744
1515063436.989902
1515063436.9899125
1515063437.7717283
1515063437.7717564
1515063437.7717657
1515063438.585302
1515063438.5853288
1515063438.5853386
1515063439.3273072
1515063439.3273458
1515063439.3273566
1515063440.1359034
1515063440.135932
1515063440.1359415
1515063440.7079027
1515063440.707931
1515063440.7079413
1515063441.0924423
1515063441.0924726
1515063441.0924842
1515063441.5684545
1515063441.5684824
1515063441.5684946
1515063441.9331336
1515063441.933159
1515063441.9331686
1515063442.4070647
1515063442.4089782
1515063442.4090042
1515063442.8389637
1515063442.8390007
1515063442.839011
1515063443.2982554
1515063443.2982838
1515063443.2982938
1515063443.753329
1515063443.7533598
1515063443.7533796
1515063444.2794719
1515063444.279498
1515063444.2795074
1515063444.7447631
1515063444.7448437
1515063444.7448952
1515063445.1847043
1515063445.184733
1515063445.1847444
1515063445.6265855
1515063445.6266139
1515063445.6266236
1515063446.0817022
1515063446.0817318
1515063446.0819945
1515063446.5234873
1515063446.523521
1515063446.5235305
1515063446.9484599
1515063446.9484918
1515063446.9485016
1515063447.3343248
1515063447.3343565
1515063447.3343697
1515063447.780684
1515063447.7807724
1515063447.7808347
1515063448.1344655
1515063448.134491
1515063448.1345005
1515063448.5455651
1515063448.5456154
1515063448.5456283
1515063448.8698738
1515063448.8699157
1515063448.869931
1515063449.218473
1515063449.2185025
1515063449.218514
1515063449.6461465
1515063449.646177
1515063449.6461883
1515063450.0147324
1515063450.0147612
1515063450.0147727
1515063450.2747602
1515063450.2747898
1515063450.2748008
1515063450.6031737
1515063450.6032085
1515063450.6032197
1515063451.0480478
1515063451.0480754
1515063451.048085
1515063451.4732988
1515063451.4733272
1515063451.4733372
1515063451.897458
1515063451.8974953
1515063451.897505
1515063452.3078349
1515063452.3078597
1515063452.3078692
1515063452.6772165
1515063452.6772394
1515063452.6772485
1515063453.16664
1515063453.1666713
1515063453.1666822
1515063453.5556786
1515063453.5557177
1515063453.555728
1515063453.9958172
1515063453.9958503
1515063453.9958622
1515063454.3250601
1515063454.3250952
1515063454.3251095
1515063454.8406122
1515063454.840638
1515063454.8406477
1515063455.2613225
1515063455.2613704
1515063455.2613955
1515063455.592883
1515063455.5929062