
1515063415.0916643
1515063421.1657765
1515063421.1658137
1515063421.1658247
1515063421.6056733
1515063421.6057072
1515063421.6057172
1515063422.1635294
1515063422.1635594
1515063422.163571
1515063422.4982898
1515063422.4983172
1515063422.4983265
1515063422.9536333
1515063422.9536612
1515063422.953673
1515063423.409904
1515063423.4099438
1515063423.4099543
1515063424.1794727
1515063424.1795013
1515063424.1795106
1515063424.5606756
1515063424.5606992
1515063424.5607085
1515063424.9722502
1515063424.9722776
1515063424.9722893
1515063425.515367
1515063425.5154016
1515063425.5154142
1515063425.9813921
1515063425.9822598
1515063425.9822834
1515063426.6127288
1515063426.6127613
1515063426.6127727
1515063427.2346096
1515063427.2349155
1515063427.2349312
1515063427.8827326
1515063427.8827596
1515063427.8827686
1515063428.403511
1515063428.4035397
1515063428.4035497
1515063429.0753796
1515063429.075404
1515063429.0754132
1515063429.970885
1515063429.970909
1515063429.970919
1515063430.8954356
1515063430.895466
1515063430.8954806
1515063431.7983325
1515063431.7983558
1515063431.798365
1515063432.6057308
1515063432.6057568
1515063432.6057665
1515063433.3933837
1515063433.3934278
1515063433.393446
1515063433.7475903
1515063433.747616
1515063433.7476256
1515063434.3142505
1515063434.3142776
1515063434.3142874
1515063434.6688685
1515063434.6689134
1515063434.6689255
1515063435.2552242
1515063435.2552474
1515063435.255257
1515063435.7757256
1515063435.775755
1515063435.7757657
1515063436.147349
1515063436.1473708
1515063436.1473799
1515063436.8991761
1515063436.8992045
1515063436.8992152
1515063437.2591255
1515063437.2591574
1515063437.2591667
1515063437.7819767
1515063437.7820148
1515063437.7820253
1515063438.5516565
1515063438.5516841
1515063438.551695
1515063439.1228034
1515063439.1228347
1515063439.1228447
1515063439.5960393
1515063439.5960708
1515063439.5960832
1515063440.085355
1515063440.0853913
1515063440.0854008
1515063440.564355
1515063440.5643804
1515063440.56439
1515063441.13731
1515063441.1373363
1515063441.1373458
1515063441.7378278
1515063441.738188
1515063441.7382066
1515063442.1926844
1515063442.1927173
1515063442.19273
1515063442.790537
1515063442.790569
1515063442.7905786
1515063443.3218863
1515063443.3219135
1515063443.3219264
1515063443.9529436
1515063443.9529722
1515063443.9529817
1515063444.575931
1515063444.5759554
1515063444.5765245
1515063445.0207355
1515063445.0207698
1515063445.0207806
1515063445.66622
1515063445.6662421
1515063445.6662517
1515063446.2039187
1515063446.2039478
1515063446.2042944
1515063446.5835836
1515063446.5836072
1515063446.5836163
1515063447.2115886
1515063447.2126093
1515063447.2126887
1515063447.9515617
1515063447.951587
1515063447.9515963
1515063448.6425462
1515063448.642576
1515063448.6425853
1515063449.0888827
1515063449.088919
1515063449.0889308
1515063449.6010242
1515063449.6010566
1515063449.601066
1515063450.2051804
1515063450.2052066
1515063450.2052157
1515063450.8977199
1515063450.8977466
1515063450.8977563
1515063451.382334
1515063451.3833566
1515063451.3833787
1515063451.9167523
1515063451.9167793
1515063451.9167893
1515063452.5957422
1515063452.5961087
1515063452.5961251
1515063453.0908272
1515063453.0908575
1515063453.0908678
1515063453.5078788
1515063453.5079396
1515063453.5079525
1515063453.8617077
1515063453.8617482
1515063453.861759
1515063454.2183557
1515063454.2183774
1515063454.2183867
1515063454.5804057
1515063454.580433
1515063454.5804422