
1515063415.1160927
1515063421.6417668
1515063421.641796
1515063421.641812
1515063422.5474522
1515063422.5474818
1515063422.5474913
1515063423.382105
1515063423.382143
1515063423.3821554
1515063424.1112988
1515063424.1113312
1515063424.1113405
1515063424.8564217
1515063424.856448
1515063424.8564577
1515063425.5724545
1515063425.5724893
1515063425.5724998
1515063426.0127335
1515063426.0127592
1515063426.0127687
1515063426.683057
1515063426.6831307
1515063426.6831822
1515063427.3600829
1515063427.3601174
1515063427.3601286
1515063428.0141323
1515063428.0141618
1515063428.014174
1515063428.504627
1515063428.5046585
1515063428.5046732
1515063429.02021
1515063429.0202367
1515063429.0202484
1515063429.7777576
1515063429.7777991
1515063429.7778106
1515063430.2032647
1515063430.2032955
1515063430.2033072
1515063430.9160776
1515063430.9161108
1515063430.9161222
1515063431.6825097
1515063431.6825395
1515063431.6825526
1515063432.3412516
1515063432.341284
1515063432.3412936
1515063432.8948166
1515063432.894854
1515063432.8948684
1515063433.5792172
1515063433.5792456
1515063433.5792563
1515063434.2283363
1515063434.2283647
1515063434.2283745
1515063434.7089078
1515063434.7089381
1515063434.7089498
1515063435.305825
1515063435.3058615
1515063435.3058722
1515063436.0662222
1515063436.06625
1515063436.0662594
1515063436.8495622
1515063436.8495991
1515063436.8496087
1515063437.5169115
1515063437.5169547
1515063437.5169654
1515063437.9946146
1515063437.994641
1515063437.9946513
1515063438.6178858
1515063438.6179135
1515063438.617923
1515063439.2100418
1515063439.2100816
1515063439.2100945
1515063439.6378298
1515063439.6378548
1515063439.637867
1515063440.159638
1515063440.1596723
1515063440.1596837
1515063440.8260734
1515063440.8260965
1515063440.8261063
1515063441.3845992
1515063441.3846357
1515063441.3846457
1515063441.972013
1515063441.9720395
1515063441.972049
1515063442.5933297
1515063442.5933638
1515063442.5933857
1515063443.0991247
1515063443.099181
1515063443.0991962
1515063443.639744
1515063443.639772
1515063443.6397817
1515063444.3715963
1515063444.3716233
1515063444.3716333
1515063444.9980505
1515063444.9983423
1515063444.9983587
1515063445.663125
1515063445.663153
1515063445.663163
1515063446.4843037
1515063446.484331
1515063446.4843407
1515063447.1721087
1515063447.1721416
1515063447.1721535
1515063447.911585
1515063447.9116056
1515063447.9116151
1515063448.2721562
1515063448.272182
1515063448.2721918
1515063448.6605237
1515063448.6605513
1515063448.6605613
1515063449.1684904
1515063449.1685197
1515063449.1685297
1515063449.6710155
1515063449.671044
1515063449.6710558
1515063450.0729449
1515063450.0729764
1515063450.0729883
1515063450.4615233
1515063450.4615517
1515063450.4615614
1515063450.8675823
1515063450.8676093
1515063450.8676188
1515063451.362493
1515063451.3625255
1515063451.3625379
1515063451.8039703
1515063451.8040087
1515063451.8040218
1515063452.2749512
1515063452.275304
1515063452.2753217
1515063452.6984503
1515063452.6984773
1515063452.698487
1515063453.2917092
1515063453.2917373
1515063453.2917473
1515063453.7124863
1515063453.7125835
1515063453.712659
1515063454.2386873
1515063454.2387228
1515063454.2387333
1515063454.8172262
1515063454.8172636
1515063454.8172793
1515063455.5002556
1515063455.5002909
1515063455.5003076
1515063455.9788082
1515063455.9788418
1515063455.9788547
1515063456.2646563
1515063456.2646961
1515063456.2647133
1515063456.814069
1515063456.8140993
1515063456.8141103
1515063457.485556
1515063457.4855783
1515063457.485588
1515063458.0752134
1515063458.0752413
1515063458.0752518
1515063458.575966
1515063458.5759935
1515063458.576003
1515063459.1350625
1515063459.1350844
1515063459.135094
1515063459.6368673
1515063459.636901
1515063459.6369114
1515063460.139455
1515063460.139482
1515063460.1394918
1515063460.6367526
1515063460.6367815
1515063460.636795