
1515063415.136904
1515063421.7185748
1515063421.7186053
1515063421.7186155
1515063422.3696127
1515063422.369648
1515063422.3696578
1515063423.1859982
1515063423.186101
1515063423.1861196
1515063424.0386746
1515063424.038706
1515063424.038718
1515063424.962267
1515063424.9622927
1515063424.9623024
1515063425.8167815
1515063425.816822
1515063425.8168328
1515063426.7472935
1515063426.7473798
1515063426.7474332
1515063427.5045362
1515063427.5045633
1515063427.5045729
1515063428.212018
1515063428.212045
1515063428.2120838
1515063428.9247074
1515063428.9247322
1515063428.9247415
1515063429.963097
1515063429.9631221
1515063429.963133
1515063430.6171308
1515063430.6171582
1515063430.6171696
1515063430.9947877
1515063430.9951172
1515063430.9951339
1515063431.5883904
1515063431.58842
1515063431.5884304
1515063431.9812837
1515063431.9813118
1515063431.9813218
1515063432.3866632
1515063432.3866878
1515063432.3866973
1515063432.7453048
1515063432.745327
1515063432.7453368
1515063433.2610514
1515063433.2613635
1515063433.261393
1515063433.7398038
1515063433.739833
1515063433.7398427
1515063434.2984684
1515063434.298505
1515063434.2985141
1515063434.7224267
1515063434.7224529
1515063434.7224631
1515063435.476087
1515063435.4761155
1515063435.4761262
1515063436.1089518
1515063436.108979
1515063436.108988
1515063436.9228356
1515063436.9228663
1515063436.9228766
1515063437.7004952
1515063437.70052
1515063437.7005296
1515063438.5826612
1515063438.5826876
1515063438.582698
1515063439.4400477
1515063439.440088
1515063439.4401057
1515063440.222641
1515063440.2226684
1515063440.2226782
1515063441.0624926
1515063441.0629783
1515063441.0629895
1515063441.7903225
1515063441.7903981
1515063441.7904494
1515063442.6352825
1515063442.635309
1515063442.6353188
1515063443.2660882
1515063443.266117
1515063443.2661269
1515063443.9801362
1515063443.9801657
1515063443.9801774
1515063444.8233178
1515063444.8233886
1515063444.823487
1515063445.6750782
1515063445.6750994
1515063445.6751087
1515063446.571358
1515063446.5713875
1515063446.571397
1515063447.37655
1515063447.3769095
1515063447.3769286
1515063447.9754727
1515063447.9754977
1515063447.9755068
1515063448.6781573
1515063448.6781838
1515063448.6781933
1515063449.3413537
1515063449.3414035
1515063449.3414176
1515063449.9200642
1515063449.9200895
1515063449.9200988
1515063450.4411404
1515063450.441176
1515063450.4411895
1515063451.0616717
1515063451.061693
1515063451.0617025
1515063451.81281
1515063451.8128366
1515063451.8128479
1515063452.5177457
1515063452.5177755
1515063452.5177865
1515063453.062174
1515063453.0622034
1515063453.0622144
1515063453.5903542
1515063453.590408
1515063453.59042
1515063454.1887476
1515063454.1887755
1515063454.1887846
1515063454.8409464
1515063454.8409746
1515063454.8409886
1515063455.5444107
1515063455.5444417
1515063455.5444527
1515063456.2052104
1515063456.2052324
1515063456.2052417
1515063456.8424306
1515063456.8425004
1515063456.8425503
1515063457.461006
1515063457.4610338
1515063457.4610445
1515063457.9946103
1515063457.994638
1515063457.9946473
1515063458.3572886
1515063458.3573163
1515063458.3573258
1515063458.6470714
1515063458.6470969
1515063458.6471064
1515063459.0937173
1515063459.0937476
1515063459.0937586
1515063459.5205648
1515063459.5206048
1515063459.520618
1515063459.9187362
1515063459.9188178
1515063459.9188693
1515063460.1999335
1515063460.19996
1515063460.199969
1515063460.6085021
1515063460.6085293
1515063460.608539
1515063460.9133449
1515063460.9133768
1515063460.9133995
1515063461.1502192
1515063461.1502476
1515063461.1502573
1515063461.415111
1515063461.4151487
1515063461.4151642
1515063461.6800513
1515063461.680088
1515063461.6800992
1515063461.967656
1515063461.967688
1515063461.9677014
1515063462.2094936
1515063462.209526
1515063462.209537
1515063462.4819498
1515063462.4819832
1515063462.481995
1515063462.743054
1515063462.74309
1515063462.7431035
1515063462.9870532
1515063462.9874427
1515063462.9874651
1515063463.2476444
1515063463.2476802
1515063463.2476938
1515063463.4989295
1515063463.4989655
1515063463.4989789
1515063463.803336
1515063463.8033702
1515063463.8033824
1515063464.0561767
1515063464.0562067
1515063464.0562177
1515063464.2366931
1515063464.236741