
1515063415.1053905
1515063421.4520402
1515063421.4520693
1515063421.452079
1515063422.082531
1515063422.0825646
1515063422.0825777
1515063422.6804063
1515063422.6804411
1515063422.6804528
1515063423.4407494
1515063423.4407797
1515063423.4407914
1515063424.61853
1515063424.6185648
1515063424.6185775
1515063425.1579695
1515063425.157997
1515063425.1580067
1515063425.730432
1515063425.7305293
1515063425.7306
1515063426.1778438
1515063426.1778822
1515063426.177896
1515063426.6393766
1515063426.6394098
1515063426.6394207
1515063427.1229
1515063427.1232183
1515063427.1232338
1515063427.8008962
1515063427.8009615
1515063427.800979
1515063428.3787954
1515063428.3788433
1515063428.378856
1515063429.0460198
1515063429.0460458
1515063429.0460565
1515063429.8701234
1515063429.8701582
1515063429.8701696
1515063430.5832806
1515063430.5833087
1515063430.5833182
1515063431.17148
1515063431.1715138
1515063431.1715264
1515063431.8065834
1515063431.8066056
1515063431.8066154
1515063432.595142
1515063432.5951686
1515063432.5971212
1515063433.1946144
1515063433.1949832
1515063433.1950045
1515063433.7124012
1515063433.7124486
1515063433.7124615
1515063434.3849657
1515063434.3849928
1515063434.3850021
1515063435.0825996
1515063435.082627
1515063435.0826366
1515063435.3991723
1515063435.3992012
1515063435.3992112
1515063436.078563
1515063436.0785892
1515063436.0785987
1515063436.9224863
1515063436.9225163
1515063436.9225285
1515063437.722135
1515063437.7221591
1515063437.7221684
1515063438.4714336
1515063438.4714625
1515063438.4714751
1515063438.9633799
1515063438.9634066
1515063438.9634163
1515063439.5128944
1515063439.5129297
1515063439.5129395
1515063440.2765923
1515063440.276618
1515063440.2766275
1515063441.1516004
1515063441.1516237
1515063441.1516337
1515063441.9670467
1515063441.9671226
1515063441.9671736
1515063442.8901463
1515063442.890184
1515063442.8901966
1515063443.6812155
1515063443.6812496
1515063443.6812606
1515063444.3942962
1515063444.3943243
1515063444.394871
1515063444.9782467
1515063444.9782853
1515063444.9782953
1515063445.6548054
1515063445.654834
1515063445.6548436
1515063446.531419
1515063446.5314493
1515063446.5314617
1515063447.2157028
1515063447.2157283
1515063447.2157383
1515063447.9058757
1515063447.9059052
1515063447.9059198
1515063448.7099168
1515063448.709941
1515063448.7099502
1515063449.517903
1515063449.5179446
1515063449.517959
1515063450.1695263
1515063450.1695614
1515063450.169572
1515063450.8983312
1515063450.8986003
1515063450.8986156
1515063451.6596234
1515063451.6599333
1515063451.6599448
1515063452.2545562
1515063452.2546332
1515063452.2546852
1515063452.7535343
1515063452.7535603
1515063452.75357
1515063453.4200766
1515063453.4201045
1515063453.4201143
1515063454.0037975
1515063454.003827
1515063454.0038378
1515063454.4775524
1515063454.4775784
1515063454.4776196
1515063454.9472888
1515063454.9473174
1515063454.9473271
1515063455.5723484
1515063455.572377
1515063455.5723865
1515063456.1789083
1515063456.1789334
1515063456.1789432
1515063456.6967146
1515063456.6967945
1515063456.6968486
1515063456.9695046
1515063456.9695482
1515063456.969561
1515063457.481683
1515063457.4817104
1515063457.48172
1515063458.0583432
1515063458.0583658
1515063458.0583754
1515063458.5350072
1515063458.5350401
1515063458.535053
1515063458.8726673
1515063458.8726945
1515063458.8727038
1515063459.1748602
1515063459.1748867
1515063459.1748962
1515063459.6253688
1515063459.6254115
1515063459.6254215
1515063460.121884
1515063460.1219091
1515063460.1219187
1515063460.6316943
1515063460.6317182
1515063460.6317277
1515063460.9777136
1515063460.9777544
1515063460.9777708
1515063461.3432302
1515063461.3432565
1515063461.3432658
1515063461.6678002
1515063461.6678274
1515063461.6678388
1515063461.9494197
1515063461.9494545
1515063461.9494674
1515063462.2269423
1515063462.2269838
1515063462.2269967
1515063462.5005682
1515063462.500647
1515063462.5007043