
1515063415.1243613
1515063421.4725196
1515063421.4725597
1515063421.472571
1515063422.3041036
1515063422.3041267
1515063422.3041363
1515063423.210163
1515063423.2101843
1515063423.2101943
1515063424.1449034
1515063424.144934
1515063424.1449459
1515063425.002263
1515063425.002288
1515063425.0022974
1515063425.847034
1515063425.84741
1515063425.847431
1515063426.6425748
1515063426.6426036
1515063426.6426144
1515063427.347793
1515063427.351078
1515063427.3510993
1515063428.149537
1515063428.1495807
1515063428.1495948
1515063428.770318
1515063428.7703521
1515063428.7703676
1515063429.2769558
1515063429.276991
1515063429.2770019
1515063429.8543491
1515063429.8543766
1515063429.8543875
1515063430.3577638
1515063430.357791
1515063430.3578012
1515063430.8849432
1515063430.8850403
1515063430.8851135
1515063431.7578986
1515063431.7579372
1515063431.757947
1515063432.2824411
1515063432.282471
1515063432.282481
1515063432.72655
1515063432.7279582
1515063432.7279758
1515063433.5413513
1515063433.5413914
1515063433.5414014
1515063434.3079183
1515063434.3079536
1515063434.3079636
1515063435.0685623
1515063435.068594
1515063435.068605
1515063435.4359298
1515063435.4359577
1515063435.4359677
1515063436.0340223
1515063436.0344393
1515063436.0344555
1515063436.6288362
1515063436.6288643
1515063436.6288743
1515063436.9783514
1515063436.9783816
1515063436.978391
1515063437.654684
1515063437.65473
1515063437.6547477
1515063438.1541224
1515063438.1541798
1515063438.1541915
1515063438.6345544
1515063438.6345794
1515063438.634589
1515063439.0676942
1515063439.0677211
1515063439.067731
1515063439.5207334
1515063439.5207822
1515063439.5207965
1515063440.1382544
1515063440.138275
1515063440.1382842
1515063440.8250754
1515063440.8251007
1515063440.82511
1515063441.3215115
1515063441.3215334
1515063441.321543
1515063441.846717
1515063441.8467581
1515063441.8467689
1515063442.4063246
1515063442.4063642
1515063442.4063785
1515063442.9013312
1515063442.901365
1515063442.9013982
1515063443.447533
1515063443.4475703
1515063443.447582
1515063443.9649825
1515063443.9650092
1515063443.9650187
1515063444.4423766
1515063444.4424038
1515063444.4424136
1515063444.8450363
1515063444.8450682
1515063444.8450801
1515063445.4426131
1515063445.4426441
1515063445.4426565
1515063445.7565331
1515063445.7565727
1515063445.7565875
1515063446.3568382
1515063446.3569124
1515063446.356963
1515063446.6917162
1515063446.6917505
1515063446.6917613
1515063447.3358674
1515063447.335913
1515063447.3359227
1515063447.9137094
1515063447.9137313
1515063447.9137414
1515063448.59928
1515063448.5993178
1515063448.599328
1515063449.218503
1515063449.2185254
1515063449.2185347
1515063449.7479472
1515063449.7479734
1515063449.7479825
1515063450.3126857
1515063450.3127098
1515063450.3127198
1515063450.989798
1515063450.9898262
1515063450.989836
1515063451.5609472
1515063451.5610273
1515063451.5610423
1515063451.992461
1515063451.9925032
1515063451.992514
1515063452.5832188
1515063452.583247
1515063452.5832562
1515063453.0461764
1515063453.0462084
1515063453.0462205
1515063453.220728