
1515063415.1231537
1515063421.4878542
1515063421.4879131
1515063421.4879293
1515063422.352406
1515063422.352434
1515063422.3524432
1515063422.8531597
1515063422.8531923
1515063422.8532052
1515063423.2754388
1515063423.2754693
1515063423.2754788
1515063423.6589258
1515063423.6589534
1515063423.6589646
1515063424.0514212
1515063424.0514486
1515063424.0514584
1515063424.439556
1515063424.4395828
1515063424.4395928
1515063424.8965642
1515063424.8965886
1515063424.8965979
1515063425.4390256
1515063425.4390633
1515063425.4390774
1515063425.9331253
1515063425.9331613
1515063425.9331746
1515063426.5314014
1515063426.5314353
1515063426.5314455
1515063427.079235
1515063427.0792634
1515063427.0792751
1515063427.7503912
1515063427.7504191
1515063427.750429
1515063428.2560697
1515063428.2561035
1515063428.2561145
1515063428.885152
1515063428.885176
1515063428.885184
1515063429.6858706
1515063429.6859605
1515063429.6860235
1515063430.1418676
1515063430.1418958
1515063430.141905
1515063430.911369
1515063430.9114144
1515063430.9114285
1515063431.7688868
1515063431.768911
1515063431.76892
1515063432.5476747
1515063432.5477014
1515063432.5477111
1515063433.5131688
1515063433.5131946
1515063433.5132043
1515063434.3490875
1515063434.3491302
1515063434.34914
1515063435.1976633
1515063435.197699
1515063435.1977124
1515063435.9718025
1515063435.9718637
1515063435.9718738
1515063436.4977264
1515063436.497754
1515063436.4977639
1515063436.9900138
1515063436.9901295
1515063436.9902039
1515063437.7244864
1515063437.7245188
1515063437.7245288
1515063438.5762773
1515063438.576858
1515063438.5768697
1515063439.3974595
1515063439.397487
1515063439.3974962
1515063440.2453458
1515063440.2453845
1515063440.245395
1515063441.1223497
1515063441.1223776
1515063441.1223872
1515063441.8591628
1515063441.859199
1515063441.8592124
1515063442.571151
1515063442.571177
1515063442.5711865
1515063443.2228181
1515063443.222877
1515063443.2228928
1515063444.0126112
1515063444.012636
1515063444.0126457
1515063444.8189921
1515063444.8190188
1515063444.8190281
1515063445.6035326
1515063445.6035538
1515063445.6035633
1515063446.3760426
1515063446.3760846
1515063446.3760948
1515063446.9772446
1515063446.977273
1515063446.9772832
1515063447.81403
1515063447.8140554
1515063447.8140657
1515063448.7587354
1515063448.7587585
1515063448.7587683
1515063449.6447237
1515063449.644771
1515063449.6447842
1515063450.3658254
1515063450.3658676
1515063450.365887
1515063451.061471
1515063451.0614977
1515063451.0615072
1515063451.880843
1515063451.8808842
1515063451.8808951
1515063452.6441758
1515063452.6442025
1515063452.6442115
1515063453.3796062
1515063453.3796327
1515063453.3796422
1515063453.9625006
1515063453.9625502
1515063453.9625618
1515063454.465117
1515063454.4651442
1515063454.465154
1515063454.9707425
1515063454.9707723
1515063454.9707816
1515063455.5844448
1515063455.5844672
1515063455.5844767
1515063456.197334
1515063456.1973681
1515063456.1973906
1515063456.8419595
1515063456.841986
1515063456.8419957
1515063457.443944
1515063457.443975
1515063457.4439855
1515063457.8419502
1515063457.8419871
1515063457.8419974
1515063458.1344838
1515063458.1345148
1515063458.1345253
1515063458.5892985
1515063458.5893333
1515063458.5893438
1515063458.9694881
1515063458.9695368
1515063458.9695487
1515063459.2167933
1515063459.216821
1515063459.2168307
1515063459.6325583
1515063459.6325817
1515063459.6325917
1515063460.112219
1515063460.1122487
1515063460.11229
1515063460.6182706
1515063460.618308
1515063460.6183186
1515063460.9675481
1515063460.967584
1515063460.967595
1515063461.3145015
1515063461.3145313
1515063461.314542
1515063461.6036606
1515063461.6037037
1515063461.6037154
1515063461.7038198