
1515063415.1121957
1515063420.93958
1515063420.9396176
1515063420.9396284
1515063421.376095
1515063421.376124
1515063421.3761344
1515063421.7547143
1515063421.7547424
1515063421.7547526
1515063422.287726
1515063422.2877555
1515063422.287767
1515063422.6847851
1515063422.6848135
1515063422.6848233
1515063423.0759032
1515063423.0759432
1515063423.0759559
1515063423.4416084
1515063423.4416306
1515063423.44164
1515063423.9778981
1515063423.9779286
1515063423.9779406
1515063424.379064
1515063424.3790917
1515063424.3791013
1515063424.804445
1515063424.804471
1515063424.8044806
1515063425.285181
1515063425.2852073
1515063425.285217
1515063425.868588
1515063425.8686836
1515063425.8687582
1515063426.3608015
1515063426.3608308
1515063426.3608403
1515063426.7514303
1515063426.7517436
1515063426.7517593
1515063427.2749646
1515063427.274988
1515063427.2749977
1515063427.8230186
1515063427.8230562
1515063427.8230665
1515063428.2436287
1515063428.2436612
1515063428.2436705
1515063428.7378643
1515063428.7378979
1515063428.7379096
1515063429.2487757
1515063429.2488062
1515063429.2488165
1515063429.8793004
1515063429.8793387
1515063429.879349
1515063430.2991447
1515063430.2991738
1515063430.2992165
1515063430.8782804
1515063430.878317
1515063430.8783307
1515063431.67947
1515063431.6794975
1515063431.6795065
1515063432.5793111
1515063432.579342
1515063432.5793517
1515063433.1207778
1515063433.121886
1515063433.121904
1515063433.5681014
1515063433.5681298
1515063433.5681396
1515063433.9446068
1515063433.944634
1515063433.9446433
1515063434.3865
1515063434.3865337
1515063434.3865447
1515063434.8426654
1515063434.8426938
1515063434.8427038
1515063435.2527153
1515063435.2527442
1515063435.2527535
1515063435.688846
1515063435.6889305
1515063435.688989
1515063436.1440365
1515063436.1440635
1515063436.1440732
1515063436.8637793
1515063436.863818
1515063436.863828
1515063437.1429222
1515063437.1429546
1515063437.1429842
1515063437.6918445
1515063437.6918726
1515063437.6918974
1515063438.3654728
1515063438.3655071
1515063438.3655198
1515063438.8408844
1515063438.8409286
1515063438.840939
1515063439.462625
1515063439.4626484
1515063439.4626572
1515063440.1092615
1515063440.1092887
1515063440.1092982
1515063440.7620418
1515063440.7620668
1515063440.7620764
1515063441.3498068
1515063441.3498325
1515063441.3498423
1515063441.9386551
1515063441.9386868
1515063441.9386973
1515063442.5331159
1515063442.5331442
1515063442.5331538
1515063443.164358
1515063443.164386
1515063443.1643958
1515063443.8225598
1515063443.822593
1515063443.822604
1515063444.5005245
1515063444.5005534
1515063444.5005631
1515063445.1623828
1515063445.1624165
1515063445.1628177
1515063445.6920216
1515063445.6920457
1515063445.6920552
1515063446.5467613
1515063446.5467927
1515063446.5468028
1515063447.4649067
1515063447.465487
1515063447.4654977
1515063448.0415325
1515063448.041557
1515063448.0415666
1515063448.7481985
1515063448.748234
1515063448.7482443
1515063449.4430742
1515063449.4431064
1515063449.4431183
1515063450.214186
1515063450.2142167
1515063450.2142286
1515063451.0639818
1515063451.0640044
1515063451.0640142
1515063451.9388163
1515063451.938841
1515063451.9388502
1515063452.672201
1515063452.6722274
1515063452.672237
1515063453.5224838
1515063453.5225112
1515063453.5225239
1515063454.2104483
1515063454.2104774
1515063454.210487
1515063454.8337295
1515063454.8337543
1515063454.8337634
1515063455.519692
1515063455.5197299
1515063455.5197453
1515063456.1526442
1515063456.1526706
1515063456.1526797
1515063456.7896326
1515063456.7896705
1515063456.7896807
1515063457.33215
1515063457.3321793
1515063457.332189
1515063457.5668015
1515063457.5668283
1515063457.566838
1515063458.053911
1515063458.053939
1515063458.0539503
1515063458.6081195
1515063458.6081457
1515063458.608156
1515063459.148257
1515063459.1482909
1515063459.1483011
1515063459.654664
1515063459.654689
1515063459.6546981
1515063460.146093
1515063460.1461143
1515063460.146124
1515063460.5956442
1515063460.5956771
1515063460.5956867
1515063460.7131605