
1515063415.100248
1515063416.6861923
1515063416.6862211
1515063416.686231
1515063416.6862485
1515063416.6862574
1515063416.6862652
1515063416.6862788
1515063416.686287
1515063416.686295
1515063416.686308
1515063416.6863163
1515063416.686324
1515063416.6867142
1515063416.6868026
1515063416.6868556
1515063417.9880216
1515063417.9880488
1515063417.9880583
1515063417.9880745
1515063417.9880831
1515063417.988091
1515063417.988105
1515063417.988113
1515063417.9881208
1515063417.988134
1515063417.9881423
1515063417.98815
1515063417.988534
1515063417.9886234
1515063417.9886768
1515063419.3394375
1515063419.3394601
1515063419.3394701
1515063419.3394854
1515063419.339494
1515063419.3395038
1515063419.3395176
1515063419.339526
1515063419.3395338
1515063419.339547
1515063419.3395548
1515063419.3395624
1515063419.3403718
1515063419.3404686
1515063419.3405287
1515063421.4187818
1515063421.4188154
1515063421.418825
1515063422.3418217
1515063422.3418503
1515063422.3418596
1515063422.9119105
1515063422.9119437
1515063422.9119563
1515063423.3798172
1515063423.379845
1515063423.3798544
1515063424.1535301
1515063424.1535535
1515063424.1535628
1515063424.9429626
1515063424.9429922
1515063424.9430017
1515063425.8070986
1515063425.8071256
1515063425.8071349
1515063426.5591862
1515063426.5592225
1515063426.5592363
1515063427.0831666
1515063427.08319
1515063427.0831993
1515063427.777266
1515063427.7772958
1515063427.7773056
1515063428.3599467
1515063428.3599808
1515063428.3599906
1515063429.0635135
1515063429.063535
1515063429.0635443
1515063429.9073873
1515063429.907415
1515063429.9074244
1515063430.6505222
1515063430.6505456
1515063430.650555
1515063431.2335596
1515063431.233591
1515063431.2336023
1515063431.741586
1515063431.7421205
1515063431.7421372
1515063432.3163233
1515063432.3163514
1515063432.3163607
1515063432.8380299
1515063432.838057
1515063432.8380668
1515063433.5041392
1515063433.5041692
1515063433.5041788
1515063434.023139
1515063434.0231671
1515063434.0231776
1515063434.4454975
1515063434.4455276
1515063434.4455373
1515063435.1697266
1515063435.1697557
1515063435.169765
1515063435.7502408
1515063435.7505865
1515063435.7506044
1515063436.149747
1515063436.1497707
1515063436.1497808
1515063436.9255576
1515063436.9255924
1515063436.925607
1515063437.5447083
1515063437.5447395
1515063437.54475
1515063437.9598365
1515063437.959865
1515063437.9598746
1515063438.5398307
1515063438.5398667
1515063438.5439816
1515063438.9717925
1515063438.972122
1515063438.9721408
1515063439.5865045
1515063439.5865307
1515063439.5865405
1515063440.2595353
1515063440.2595594
1515063440.2595687
1515063441.0864985
1515063441.0865233
1515063441.0865326
1515063441.8100593
1515063441.8100965
1515063441.81011
1515063442.6223013
1515063442.6223302
1515063442.622341
1515063443.1787722
1515063443.1788008
1515063443.1788104
1515063443.9246633
1515063443.9257698
1515063443.925811
1515063444.7166996
1515063444.7167728
1515063444.7168217
1515063445.373607
1515063445.3736346
1515063445.3736444
1515063445.8126347
1515063445.8126729
1515063445.8126853
1515063446.4390917
1515063446.439141
1515063446.43916
1515063447.0061312
1515063447.0061586
1515063447.0061684
1515063447.8181098
1515063447.8181353
1515063447.8181462
1515063448.7010262
1515063448.7010531
1515063448.7010648
1515063449.5235384
1515063449.5235658
1515063449.5235777
1515063450.207738
1515063450.207761
1515063450.2077706
1515063451.0879939
1515063451.0880163
1515063451.0880256
1515063451.9362402
1515063451.9362686
1515063451.936278
1515063452.7023168
1515063452.7023387
1515063452.702348
1515063453.4836276
1515063453.4836583
1515063453.4836698
1515063454.2171469
1515063454.2171686
1515063454.2171783
1515063454.8203075
1515063454.82033
1515063454.8203397
1515063455.4453626
1515063455.4454014
1515063455.4454117
1515063455.8356428
1515063455.8356807
1515063455.835694
1515063456.21245
1515063456.2124755
1515063456.2124853
1515063456.7611403
1515063456.7612894
1515063456.761394
1515063457.2471483
1515063457.2471805
1515063457.2471921
1515063457.5396855
1515063457.5397143
1515063457.5397239
1515063458.0760672
1515063458.0760884
1515063458.076098
1515063458.6116166
1515063458.611648
1515063458.6116602
1515063459.132696
1515063459.1327229
1515063459.132733
1515063459.586205
1515063459.586235
1515063459.5862453
1515063460.0970101
1515063460.097063
1515063460.097074
1515063460.5104682
1515063460.5105035
1515063460.5105178
1515063460.7675838
1515063460.7676196
1515063460.76763
1515063461.0431361
1515063461.0431652
1515063461.0431757
1515063461.369546
1515063461.369571
1515063461.3695815
1515063461.667248
1515063461.6672919
1515063461.667305