
1515063415.094218
1515063421.259596
1515063421.259626
1515063421.2596354
1515063421.7088814
1515063421.7089088
1515063421.70892
1515063422.4485347
1515063422.448567
1515063422.4485815
1515063423.1563053
1515063423.1563373
1515063423.1563475
1515063423.683957
1515063423.6840494
1515063423.684111
1515063424.115583
1515063424.1156113
1515063424.1156216
1515063424.6650195
1515063424.6650493
1515063424.6650589
1515063425.2004762
1515063425.2005098
1515063425.200526
1515063425.849425
1515063425.8495016
1515063425.8495512
1515063426.3360524
1515063426.3360853
1515063426.3360953
1515063426.767841
1515063426.7679381
1515063426.767991
1515063427.3643134
1515063427.3643422
1515063427.3643558
1515063427.9869187
1515063427.9872744
1515063427.9872925
1515063428.4865491
1515063428.486575
1515063428.4865832
1515063429.0615077
1515063429.0615375
1515063429.061548
1515063429.970918
1515063429.9709585
1515063429.9709697
1515063430.5407138
1515063430.5407484
1515063430.5407612
1515063430.9217045
1515063430.9217985
1515063430.9218712
1515063431.4471793
1515063431.4472167
1515063431.4472322
1515063431.7917016
1515063431.7917516
1515063431.7917662
1515063432.4246829
1515063432.4247093
1515063432.4247189
1515063432.910003
1515063432.9100332
1515063432.9100468
1515063433.512214
1515063433.5122423
1515063433.5122526
1515063434.0040255
1515063434.004061
1515063434.004072
1515063434.4461703
1515063434.4461958
1515063434.4462066
1515063435.126362
1515063435.1263902
1515063435.1263993
1515063435.4461477
1515063435.4461713
1515063435.4461808
1515063436.1153917
1515063436.1154282
1515063436.1154385
1515063436.5780354
1515063436.578079
1515063436.5780911
1515063436.9683475
1515063436.9683762
1515063436.9683862
1515063437.676604
1515063437.6766324
1515063437.6766422
1515063438.2856975
1515063438.285734
1515063438.285746
1515063438.6771324
1515063438.677162
1515063438.6771712
1515063439.1947703
1515063439.1948078
1515063439.1948214
1515063439.637309
1515063439.6373339
1515063439.6373434
1515063440.2058103
1515063440.205837
1515063440.2058463
1515063440.8015563
1515063440.8015852
1515063440.8015947
1515063441.3205307
1515063441.3208704
1515063441.320898
1515063441.9187152
1515063441.9187515
1515063441.918765
1515063442.472355
1515063442.4723878
1515063442.4723995
1515063442.9440427
1515063442.9440715
1515063442.944081
1515063443.4537673
1515063443.453795
1515063443.4538045
1515063443.979147
1515063443.9791753
1515063443.9791853
1515063444.5106854
1515063444.5107079
1515063444.5107174
1515063444.9705203
1515063444.9705467
1515063444.970556
1515063445.6423612
1515063445.6423907
1515063445.6424003
1515063446.0739346
1515063446.0739615
1515063446.0739713
1515063446.5454526
1515063446.5454803
1515063446.54549
1515063447.0328963
1515063447.0329251
1515063447.0329359
1515063447.508513
1515063447.508539
1515063447.5085506
1515063448.07432
1515063448.0743403
1515063448.0743499
1515063448.8105266
1515063448.8105545
1515063448.810564
1515063449.5324614
1515063449.5324838
1515063449.532493
1515063450.230528
1515063450.2305622
1515063450.2305722
1515063451.0026164
1515063451.0026436
1515063451.0026531
1515063451.697626
1515063451.6976595
1515063451.6976726
1515063452.0394597
1515063452.0394893
1515063452.0394986
1515063452.4755936
1515063452.4756327