
1515063415.1003017
1515063421.1682525
1515063421.1682804
1515063421.1682913
1515063421.6890063
1515063421.6890388
1515063421.6890483
1515063422.3895934
1515063422.3896189
1515063422.3896286
1515063423.1734042
1515063423.173429
1515063423.1734383
1515063424.0654879
1515063424.065515
1515063424.065527
1515063424.7134845
1515063424.713521
1515063424.7144136
1515063425.3548915
1515063425.3549197
1515063425.3549294
1515063426.0118678
1515063426.0119321
1515063426.0119448
1515063426.7215908
1515063426.7216754
1515063426.721726
1515063427.409563
1515063427.4095962
1515063427.4096096
1515063428.1709337
1515063428.1709714
1515063428.1709816
1515063428.8424191
1515063428.842445
1515063428.8424556
1515063429.385516
1515063429.3855464
1515063429.3855567
1515063429.9607809
1515063429.9608076
1515063429.960817
1515063430.6424716
1515063430.6425087
1515063430.6425223
1515063431.0498743
1515063431.0499477
1515063431.050006
1515063431.703141
1515063431.7031674
1515063431.703177
1515063432.3801074
1515063432.3801463
1515063432.3801572
1515063432.9615457
1515063432.9615762
1515063432.9615858
1515063433.649269
1515063433.6493
1515063433.6493094
1515063434.4052281
1515063434.405254
1515063434.4052634
1515063435.2838035
1515063435.2838297
1515063435.2838392
1515063436.0482407
1515063436.0482693
1515063436.0482795
1515063436.8009913
1515063436.8010187
1515063436.801028
1515063437.1864069
1515063437.186437
1515063437.186446
1515063437.9650834
1515063437.965115
1515063437.965129
1515063438.6209557
1515063438.6209881
1515063438.6209989
1515063439.3398004
1515063439.3398314
1515063439.3398438
1515063440.0170913
1515063440.0171175
1515063440.0171268
1515063440.511133
1515063440.5111606
1515063440.5111706
1515063441.0395749
1515063441.0396085
1515063441.0396228
1515063441.5628777
1515063441.5629075
1515063441.562917
1515063442.0467584
1515063442.0473065
1515063442.0473285
1515063442.6513703
1515063442.651396
1515063442.6514056
1515063443.1372478
1515063443.1372755
1515063443.1372845
1515063443.7074356
1515063443.707467
1515063443.7074776
1515063444.2472258
1515063444.2472546
1515063444.247264
1515063444.797075
1515063444.7973807
1515063444.7973988
1515063445.6013865
1515063445.6014152
1515063445.6014245
1515063446.5549965
1515063446.555019
1515063446.5550284
1515063447.2718725
1515063447.2719126
1515063447.2719226
1515063447.8665192
1515063447.8667912
1515063447.8668065
1515063448.4969835
1515063448.4970136
1515063448.4970253
1515063448.8948345
1515063448.894861
1515063448.8948705
1515063449.4996512
1515063449.4996736
1515063449.4996831
1515063450.1261296
1515063450.1261692
1515063450.1261876
1515063450.8438625
1515063450.8439102
1515063450.8439212
1515063451.3525116
1515063451.352543
1515063451.352555
1515063451.921629
1515063451.9216557
1515063451.921687
1515063452.5440655
1515063452.544091
1515063452.5441015
1515063452.8790686
1515063452.8790956
1515063452.8791053
1515063453.3426704
1515063453.3427353
1515063453.3427548
1515063453.698029
1515063453.698056
1515063453.698066
1515063454.1349263
1515063454.1349592
1515063454.1349719
1515063454.4592264
1515063454.4592657
1515063454.4592793
1515063454.9020507
1515063454.902079
1515063454.9020886
1515063455.3370168
1515063455.3370442
1515063455.3370538
1515063455.6159863
1515063455.616009
1515063455.616019
1515063456.2016132
1515063456.2016408
1515063456.2016506
1515063456.4444864
1515063456.4445267
1515063456.444537
1515063456.855487
1515063456.8555102
1515063456.85552
1515063457.0139425