
1515063415.112447
1515063421.5620089
1515063421.5620556
1515063421.5620754
1515063422.303385
1515063422.3034143
1515063422.303426
1515063422.9309173
1515063422.930941
1515063422.9309514
1515063423.4436762
1515063423.443699
1515063423.4437082
1515063424.3148077
1515063424.3148344
1515063424.3148437
1515063424.7297454
1515063424.729776
1515063424.7297895
1515063425.200085
1515063425.2001235
1515063425.2001412
1515063425.794131
1515063425.7942095
1515063425.7942593
1515063426.294139
1515063426.294185
1515063426.2941952
1515063426.7904196
1515063426.7904484
1515063426.790458
1515063427.4006186
1515063427.400646
1515063427.4006572
1515063428.2277515
1515063428.2277734
1515063428.2277842
1515063428.94225
1515063428.9422717
1515063428.9422812
1515063429.722479
1515063429.722568
1515063429.7226276
1515063430.1696582
1515063430.1696851
1515063430.1696942
1515063430.9203308
1515063430.920357
1515063430.9203665
1515063431.761741
1515063431.7617724
1515063431.7617862
1515063432.6026492
1515063432.6026716
1515063432.6026812
1515063433.484553
1515063433.4845808
1515063433.484591
1515063434.1898274
1515063434.1898782
1515063434.1898901
1515063434.6537151
1515063434.6537466
1515063434.6537578
1515063435.2588146
1515063435.2588372
1515063435.2588465
1515063436.122859
1515063436.1228814
1515063436.1228907
1515063436.9456453
1515063436.9456787
1515063436.9456918
1515063437.608355
1515063437.6083825
1515063437.6083918
1515063438.2168238
1515063438.216851
1515063438.2168603
1515063438.6891882
1515063438.6892123
1515063438.6892219
1515063439.36031
1515063439.360337
1515063439.3603463
1515063440.0219357
1515063440.0219564
1515063440.021966
1515063440.6546853
1515063440.6547112
1515063440.6547213
1515063441.2274158
1515063441.2285707
1515063441.2285879
1515063441.880913
1515063441.8809385
1515063441.8809483
1515063442.83251
1515063442.8325367
1515063442.8325465
1515063443.5363405
1515063443.5363677
1515063443.536377
1515063444.3261912
1515063444.3262184
1515063444.3262277
1515063444.924576
1515063444.9246154
1515063444.9246325
1515063445.537891
1515063445.537919
1515063445.537929
1515063446.0360284
1515063446.0360594
1515063446.0360703
1515063446.5519135
1515063446.5519364
1515063446.5519462
1515063447.243873
1515063447.244475
1515063447.24449
1515063447.8333473
1515063447.8333805
1515063447.8333914
1515063448.402971
1515063448.4029977
1515063448.4030073
1515063448.8681967
1515063448.8682256
1515063448.8682716
1515063449.485506
1515063449.485533
1515063449.4855425
1515063450.2374187
1515063450.2374403
1515063450.2374501
1515063451.0205178
1515063451.020546
1515063451.0205555
1515063451.7992895
1515063451.7993224
1515063451.7993343
1515063452.533984
1515063452.5340247
1515063452.5340362
1515063453.1332037
1515063453.1332312
1515063453.133241
1515063453.5899477
1515063453.5899785
1515063453.5899878
1515063454.1896951
1515063454.189727
1515063454.1897373
1515063454.7146642
1515063454.7146957
1515063454.7147074
1515063455.1538377
1515063455.1538713
1515063455.153884
1515063455.6083434
1515063455.6083698
1515063455.6083794
1515063456.1382902
1515063456.1383183
1515063456.1383278
1515063456.6419485
1515063456.6419795
1515063456.6419907
1515063456.9359212
1515063456.9363751
1515063456.9363918
1515063457.483734
1515063457.4837592
1515063457.4837697
1515063457.9715567
1515063457.9715939
1515063457.9716082
1515063458.260222
1515063458.260252
1515063458.2602634
1515063458.6223624
1515063458.6223898
1515063458.6223996
1515063459.051782
1515063459.051813
1515063459.0518246
1515063459.340824
1515063459.3408728
1515063459.3408864