
1514636168.7515314
1514636175.9766867
1514636175.9767144
1514636175.9767244
1514636175.9767327
1514636175.9767418
1514636175.9767497
1514636175.9767575
1514636177.5859756
1514636177.586004
1514636177.5860155
1514636177.5860248
1514636177.5860338
1514636177.5860426
1514636177.5860517
1514636178.867425
1514636178.8674545
1514636178.8674653
1514636178.8674731
1514636178.8674808
1514636178.8674884
1514636178.867496
1514636180.1415937
1514636180.141622
1514636180.1416328
1514636180.141642
1514636180.141652
1514636180.141661
1514636180.1416698
1514636181.2646523
1514636181.264675
1514636181.2646844
1514636181.2646928
1514636181.2647007
1514636181.2647085
1514636181.2647164
1514636182.4456074
1514636182.4456356
1514636182.4456453
1514636182.4456534
1514636182.4456613
1514636182.445669
1514636182.4456766
1514636183.5891325
1514636183.5891643
1514636183.589175
1514636183.589495
1514636183.5895162
1514636183.5895255
1514636183.5895336
1514636184.821859
1514636184.8218853
1514636184.8218956
1514636184.8219044
1514636184.8219132
1514636184.8219218
1514636184.8219306
1514636185.8296647
1514636185.8296955
1514636185.8297074
1514636185.8297167
1514636185.8297255
1514636185.8297338
1514636185.8297422
1514636187.0201564
1514636187.0201828
1514636187.0201924
1514636187.0202005
1514636187.0202084
1514636187.0202165
1514636187.020224
1514636188.7123425
1514636188.7124119
1514636188.712464
1514636188.7125118
1514636188.7125587
1514636188.7126048
1514636188.71265
1514636190.2366452
1514636190.2366745
1514636190.236684
1514636190.2366927
1514636190.2367005
1514636190.2367086
1514636190.2367167
1514636191.6802154
1514636191.6802464
1514636191.6802568
1514636191.6802654
1514636191.6802769
1514636191.6802852
1514636191.6802938
1514636193.0115645
1514636193.0115907
1514636193.0116003
1514636193.0116084
1514636193.0116165
1514636193.0116243
1514636193.0116322
1514636193.999862
1514636193.9998896
1514636193.9998994
1514636193.9999108
1514636193.9999192
1514636193.999927
1514636193.9999347
1514636194.8697639
1514636194.8700712
1514636194.87009
1514636194.8701015
1514636194.8701117
1514636194.8701217
1514636194.870131
1514636195.618031
1514636195.6180537
1514636195.6180632
1514636195.6180716
1514636195.6180794
1514636195.6180873
1514636195.6180952
1514636196.4617171
1514636196.4617503
1514636196.4617612
1514636196.4617703
1514636196.4617786
1514636196.4617875
1514636196.461796
1514636197.2754073
1514636197.27547
1514636197.2754807
1514636197.275489
1514636197.275497
1514636197.2755046
1514636197.2755125
1514636198.1099403
1514636198.1102355
1514636198.1102521
1514636198.110262
1514636198.110271
1514636198.1102803
1514636198.1102889
1514636198.7519076
1514636198.7519333
1514636198.751943
1514636198.7519517
1514636198.7519603
1514636198.7519684
1514636198.751977
1514636199.4162269
1514636199.416257
1514636199.4162662
1514636199.4162743
1514636199.416282
1514636199.4162893
1514636199.4162972
1514636199.9838667
1514636199.9838912
1514636199.9839005
1514636199.983909
1514636199.9839168
1514636199.9839246
1514636199.9839325
1514636200.5690675
1514636200.5690982
1514636200.5691104
1514636200.5691204
1514636200.5691302
1514636200.5691397
1514636200.569149
1514636201.2012465
1514636201.2087488
1514636201.2087677
1514636201.2087772
1514636201.208785
1514636201.2087963
1514636201.2088044
1514636201.7575445
1514636201.7575984
1514636201.7576103
1514636201.7576194
1514636201.757628
1514636201.7576368
1514636201.7576451
1514636202.4356894
1514636202.4357321
1514636202.4357467
1514636202.4357593
1514636202.4357715
1514636202.4357831
1514636202.435795
1514636202.9700603
1514636202.9700892
1514636202.9700987
1514636202.9701068
1514636202.9701147
1514636202.9701226
1514636202.9701302
1514636203.487186
1514636203.4872417
1514636203.4872549
1514636203.4872632
1514636203.487271
1514636203.4872804
1514636203.4872885
1514636204.0635943
1514636204.0636182
1514636204.0636277
1514636204.0636358
1514636204.0636437
1514636204.0636516
1514636204.0636592
1514636204.6614382
1514636204.6614656
1514636204.6614752
1514636204.6614833
1514636204.6614912
1514636204.6614988
1514636204.6615067
1514636205.1930394
1514636205.1930628
1514636205.1930726
1514636205.193081
1514636205.193089
1514636205.1930966
1514636205.1931043
1514636205.7493887
1514636205.7494159
1514636205.7494256
1514636205.7494338
1514636205.7494416
1514636205.7494495
1514636205.7494571
1514636206.099785
1514636206.0998137
1514636206.0998254
1514636206.099834
1514636206.0998418
1514636206.09985
1514636206.0998576
1514636206.2422361
1514636206.242309
1514636206.2423592
1514636206.2424066