
1514636025.78114
1514636030.6919098
1514636031.664706
1514636033.2264018
1514636168.721995
1514636174.6881204
1514636174.688149
1514636174.6881588
1514636174.688167
1514636174.688176
1514636174.6881835
1514636174.6881912
1514636175.6594274
1514636175.659464
1514636175.6594777
1514636175.6594896
1514636175.6595008
1514636175.6595123
1514636175.6595237
1514636176.3599257
1514636176.3599603
1514636176.3599763
1514636176.3599846
1514636176.3599923
1514636176.3599997
1514636176.3600073
1514636177.3070216
1514636177.3070447
1514636177.3070545
1514636177.307063
1514636177.307072
1514636177.3070798
1514636177.3070874
1514636178.3486514
1514636178.348675
1514636178.3486874
1514636178.3486958
1514636178.3487039
1514636178.3487117
1514636178.3487449
1514636179.3609293
1514636179.361278
1514636179.3612952
1514636179.3613048
1514636179.3613129
1514636179.361321
1514636179.3613286
1514636180.40796
1514636180.4080172
1514636180.4080286
1514636180.4080539
1514636180.4080663
1514636180.4080746
1514636180.4080832
1514636181.6194184
1514636181.6194534
1514636181.6194665
1514636181.6194775
1514636181.6194878
1514636181.6194985
1514636181.6195087
1514636182.9402697
1514636182.9406312
1514636182.940651
1514636182.940661
1514636182.9406698
1514636182.9406784
1514636182.940687
1514636184.2116256
1514636184.211654
1514636184.2116632
1514636184.2116716
1514636184.2116795
1514636184.2116873
1514636184.211695
1514636185.7902806
1514636185.790353
1514636185.7904043
1514636185.7905002
1514636185.790548
1514636185.7905927
1514636185.790637
1514636187.6037862
1514636187.603827
1514636187.6038423
1514636187.6038556
1514636187.6038682
1514636187.6038804
1514636187.6038928
1514636189.2174869
1514636189.2178743
1514636189.2178981
1514636189.2179124
1514636189.2179263
1514636189.2179391
1514636189.217958
1514636190.4059517
1514636190.4059782
1514636190.4059875
1514636190.4059956
1514636190.4060032
1514636190.4060113
1514636190.4060192
1514636191.5843825
1514636191.5844138
1514636191.5844247
1514636191.5844336
1514636191.5844424
1514636191.584451
1514636191.5844593
1514636192.7260356
1514636192.7263517
1514636192.7263694
1514636192.7263794
1514636192.726389
1514636192.7263982
1514636192.7264073
1514636193.7768645
1514636193.7768922
1514636193.7769015
1514636193.7769096
1514636193.7769175
1514636193.7769253
1514636193.7769332
1514636194.7070765
1514636194.7071042
1514636194.7071133
1514636194.707122
1514636194.70713
1514636194.7071378
1514636194.7071455
1514636195.596356
1514636195.596383
1514636195.5963926
1514636195.60625
1514636195.6062787
1514636195.6068075
1514636195.6068218
1514636196.4211102
1514636196.4211364
1514636196.4211466
1514636196.421156
1514636196.4211645
1514636196.421173
1514636196.4211814
1514636197.3104205
1514636197.310448
1514636197.3104577
1514636197.310466
1514636197.310474
1514636197.3104815
1514636197.3104894
1514636198.192337
1514636198.1926138
1514636198.1926308
1514636198.1926403
1514636198.1926486
1514636198.192979
1514636198.1929955
1514636198.9905293
1514636198.991914
1514636198.9919505
1514636198.9919736
1514636198.991983
1514636198.991991
1514636198.9919994
1514636199.876938
1514636199.876967
1514636199.8769767
1514636199.8769848
1514636199.8769925
1514636199.8770003
1514636199.877008
1514636200.6324291
1514636200.632461
1514636200.6324708
1514636200.632479
1514636200.6324868
1514636200.6324952
1514636200.6325028
1514636201.3198774
1514636201.320162
1514636201.320178
1514636201.320187
1514636201.320195
1514636201.3202028
1514636201.3202105
1514636202.1362638
1514636202.1362891
1514636202.1363
1514636202.1363096
1514636202.1363184
1514636202.136327
1514636202.1363358
1514636202.789208
1514636202.7895672
1514636202.789583
1514636202.789592
1514636202.7896001
1514636202.789608
1514636202.7896159
1514636203.4221776
1514636203.422207
1514636203.422217
1514636203.4222257
1514636203.4222343
1514636203.4222434
1514636203.4222517
1514636203.9748113
1514636203.9751189
1514636203.9751363
1514636203.9751465
1514636203.9751556
1514636203.9751644
1514636203.9751735
1514636204.5160837
1514636204.5169303
1514636204.516949
1514636204.516958
1514636204.516966
1514636204.516974
1514636204.5169818
1514636204.8818917
1514636204.8819199
1514636204.8819292
1514636204.8819373
1514636204.8819447
1514636204.8819525
1514636204.8819602
1514636205.2205184
1514636205.220543
1514636205.2205522
1514636205.22056
1514636205.220568
1514636205.2205753
1514636205.220583
1514636205.6461432
1514636205.6461737
1514636205.6461852
1514636205.6461947
1514636205.6462042
1514636205.6462138
1514636205.646223
1514636205.7308095
1514636205.730848