
1514636168.7329543
1514636176.5273025
1514636176.5273266
1514636176.5273533
1514636176.5273638
1514636176.527373
1514636176.5273807
1514636176.5273883
1514636178.416602
1514636178.4166265
1514636178.4166362
1514636178.4166443
1514636178.416652
1514636178.4166594
1514636178.4166672
1514636179.921396
1514636179.9214213
1514636179.9214325
1514636179.921441
1514636179.9214487
1514636179.9214563
1514636179.9214642
1514636181.4655128
1514636181.4655447
1514636181.4655557
1514636181.465565
1514636181.4655762
1514636181.4655852
1514636181.465594
1514636182.9393919
1514636182.939426
1514636182.9394364
1514636182.939445
1514636182.9394538
1514636182.9394627
1514636182.9394717
1514636184.0473964
1514636184.0474198
1514636184.047429
1514636184.0474374
1514636184.047445
1514636184.047453
1514636184.0474606
1514636185.2732337
1514636185.2732568
1514636185.273266
1514636185.2732742
1514636185.273284
1514636185.2732918
1514636185.2732997
1514636186.4001205
1514636186.4001486
1514636186.4001584
1514636186.4001667
1514636186.4001744
1514636186.4001822
1514636186.4001899
1514636187.5407257
1514636187.5407538
1514636187.5407646
1514636187.5407727
1514636187.5407803
1514636187.5407882
1514636187.5407958
1514636188.7002447
1514636188.7003152
1514636188.7003684
1514636188.7004166
1514636188.7004635
1514636188.7005098
1514636188.7005556
1514636189.7062445
1514636189.7062716
1514636189.7062821
1514636189.7062902
1514636189.7062976
1514636189.7063053
1514636189.706313
1514636190.6181846
1514636190.6182106
1514636190.6182199
1514636190.6182277
1514636190.6182356
1514636190.6182432
1514636190.6182508
1514636191.6325626
1514636191.632589
1514636191.6325996
1514636191.6326087
1514636191.6326182
1514636191.632627
1514636191.6326356
1514636192.659242
1514636192.659269
1514636192.6592784
1514636192.659287
1514636192.6592948
1514636192.6593027
1514636192.6593106
1514636193.7026184
1514636193.7026458
1514636193.702655
1514636193.7026632
1514636193.7026713
1514636193.7027025
1514636193.70272
1514636194.714116
1514636194.7141926
1514636194.7142494
1514636194.7143002
1514636194.7143488
1514636194.7143958
1514636194.7144432
1514636195.618834
1514636195.6189458
1514636195.6190028
1514636195.6190515
1514636195.619098
1514636195.6191447
1514636195.6191912
1514636196.5267978
1514636196.526821
1514636196.5268304
1514636196.5268388
1514636196.526847
1514636196.5268548
1514636196.5268626
1514636197.3667095
1514636197.3667355
1514636197.366745
1514636197.3667533
1514636197.3667612
1514636197.366769
1514636197.3667767
1514636198.398792
1514636198.3988178
1514636198.398829
1514636198.398839
1514636198.3988483
1514636198.3988576
1514636198.398867
1514636199.3103395
1514636199.310376
1514636199.3103883
1514636199.310399
1514636199.3104093
1514636199.3104193
1514636199.3104296
1514636200.1294625
1514636200.12949
1514636200.1294994
1514636200.129508
1514636200.1295161
1514636200.129524
1514636200.1295319
1514636200.8898978
1514636200.889924
1514636200.8899336
1514636200.8899415
1514636200.8899493
1514636200.889957
1514636200.8899646
1514636201.57643
1514636201.5764565
1514636201.5764658
1514636201.5764742
1514636201.576482
1514636201.57649
1514636201.5764976
1514636202.357224
1514636202.3572552
1514636202.3572674
1514636202.3572776
1514636202.3572874
1514636202.3572981
1514636202.3573077
1514636203.0781603
1514636203.0781884
1514636203.0781982
1514636203.078206
1514636203.078214
1514636203.0782218
1514636203.0782294
1514636203.7633586
1514636203.7636364
1514636203.7636526
1514636203.763662
1514636203.7636702
1514636203.7636783
1514636203.763686
1514636204.5165062
1514636204.516529
1514636204.5165384
1514636204.5165462
1514636204.5165544
1514636204.516562
1514636204.5165696
1514636205.0457852
1514636205.0458124
1514636205.0458217
1514636205.0458298
1514636205.0458379
1514636205.045846
1514636205.0458539
1514636205.4393861
1514636205.4394143
1514636205.4394236
1514636205.439432
1514636205.4394395
1514636205.4394474
1514636205.4394553
1514636205.8039386
1514636205.8039656
1514636205.803975
1514636205.8039834
1514636205.8039913
1514636205.8039992
1514636205.8040068
1514636206.1612985
1514636206.1613243
1514636206.1613338
1514636206.1613417
1514636206.1613789
1514636206.161393
1514636206.1614008
1514636206.417701
1514636206.4177344
1514636206.4177475
1514636206.4177594
1514636206.4177706
1514636206.4177816
1514636206.4177926
1514636206.510543
1514636206.5105736
1514636206.5105855