
1514636168.7477016
1514636174.93239
1514636174.932425
1514636174.9324377
1514636174.9324481
1514636174.9324586
1514636174.9324684
1514636174.9324782
1514636176.511401
1514636176.5114305
1514636176.5114408
1514636176.5114493
1514636176.5114574
1514636176.5114658
1514636176.511474
1514636178.3435035
1514636178.343531
1514636178.343542
1514636178.3435504
1514636178.3435583
1514636178.3435662
1514636178.343574
1514636180.1188319
1514636180.118859
1514636180.118871
1514636180.1188812
1514636180.118893
1514636180.118903
1514636180.1189127
1514636181.24862
1514636181.248644
1514636181.2486537
1514636181.248662
1514636181.24867
1514636181.2486777
1514636181.2486856
1514636182.6791694
1514636182.6792696
1514636182.6793306
1514636182.6794224
1514636182.6794808
1514636182.679536
1514636182.6795902
1514636184.2467234
1514636184.246751
1514636184.2467604
1514636184.2467687
1514636184.2467782
1514636184.2467859
1514636184.2467937
1514636185.7355895
1514636185.7356713
1514636185.7357228
1514636185.7357733
1514636185.7358181
1514636185.7358618
1514636185.7359104
1514636187.5428293
1514636187.5428507
1514636187.542862
1514636187.5428703
1514636187.5428784
1514636187.5428863
1514636187.5428941
1514636189.122009
1514636189.1220315
1514636189.1220412
1514636189.1220496
1514636189.1220574
1514636189.1220653
1514636189.1232698
1514636190.8032072
1514636190.8035367
1514636190.8035536
1514636190.8035626
1514636190.803571
1514636190.8035789
1514636190.8035867
1514636192.2131987
1514636192.213232
1514636192.2132428
1514636192.2132518
1514636192.2132604
1514636192.213269
1514636192.2132773
1514636193.410486
1514636193.4105074
1514636193.410517
1514636193.4105253
1514636193.4105349
1514636193.4105427
1514636193.4105504
1514636194.5570085
1514636194.5570366
1514636194.557048
1514636194.557058
1514636194.5570672
1514636194.5570767
1514636194.557086
1514636195.6476424
1514636195.6476665
1514636195.647676
1514636195.6476839
1514636195.6476917
1514636195.6476994
1514636195.6477072
1514636196.5613284
1514636196.5613618
1514636196.5613725
1514636196.5613816
1514636196.5613902
1514636196.561399
1514636196.5614076
1514636197.347707
1514636197.3477337
1514636197.3477435
1514636197.3477519
1514636197.34776
1514636197.3477676
1514636197.3477752
1514636198.327092
1514636198.3273747
1514636198.327391
1514636198.3274002
1514636198.3274088
1514636198.327417
1514636198.3274248
1514636199.1485443
1514636199.148576
1514636199.1485872
1514636199.1485968
1514636199.148606
1514636199.1486151
1514636199.148624
1514636199.82657
1514636199.8265991
1514636199.8266098
1514636199.8266187
1514636199.8266273
1514636199.8266356
1514636199.826644
1514636200.545559
1514636200.5455859
1514636200.5455954
1514636200.5456035
1514636200.5456114
1514636200.5456192
1514636200.545627
1514636201.234755
1514636201.2347782
1514636201.2347877
1514636201.234796
1514636201.2348037
1514636201.2348115
1514636201.2348194
1514636202.005611
1514636202.0056446
1514636202.0056584
1514636202.0056696
1514636202.0056808
1514636202.0056915
1514636202.0057023
1514636202.6981246
1514636202.6981514
1514636202.6981606
1514636202.698169
1514636202.6981769
1514636202.6981845
1514636202.6981921
1514636203.3740325
1514636203.374065
1514636203.3740757
1514636203.3740852
1514636203.3740945
1514636203.374104
1514636203.374113
1514636204.0255408
1514636204.0255673
1514636204.0255766
1514636204.025585
1514636204.025597
1514636204.0256052
1514636204.0256128
1514636204.5682323
1514636204.5682614
1514636204.5682707
1514636204.5682793
1514636204.5682871
1514636204.568295
1514636204.568303
1514636205.0747097
1514636205.0747328
1514636205.0747426
1514636205.0747507
1514636205.0747585
1514636205.0747666
1514636205.0747743
1514636205.3163826
1514636205.316409
1514636205.3164186
1514636205.3164265
1514636205.3164341
1514636205.3164425
1514636205.3164504
1514636205.7526124
1514636205.7526424
1514636205.752656
1514636205.752668
1514636205.7526793
1514636205.7526906
1514636205.752702
1514636206.1228008
1514636206.1228354
1514636206.1228483
1514636206.1228595
1514636206.1228704
1514636206.1228812
1514636206.1228917
1514636206.3771305
1514636206.3771634
1514636206.3771753
1514636206.3771856
1514636206.3771954
1514636206.3772051
1514636206.377215
1514636206.5973096
1514636206.5973423
1514636206.597354
1514636206.5973642
1514636206.5973737
1514636206.5973833
1514636206.5973926
1514636206.7195873
1514636206.7196226
1514636206.7196383
1514636206.7196486