
1514636168.755528
1514636170.3056602
1514636170.3056955
1514636170.3057067
1514636170.305716
1514636170.305726
1514636170.3057346
1514636170.3057437
1514636170.3057618
1514636170.305772
1514636170.3057806
1514636170.3057892
1514636170.3057978
1514636170.3058062
1514636170.3058147
1514636170.3058302
1514636170.3058395
1514636170.3058484
1514636170.305857
1514636170.3058655
1514636170.305874
1514636170.3058825
1514636170.3058975
1514636170.3059065
1514636170.305915
1514636170.3059237
1514636170.3059323
1514636170.3059406
1514636170.3059494
1514636170.3059645
1514636170.3059735
1514636170.305982
1514636170.3059905
1514636170.3059988
1514636170.3060071
1514636170.3060157
1514636170.3064556
1514636171.3871443
1514636171.387177
1514636171.3871877
1514636171.387197
1514636171.3872058
1514636171.3872147
1514636171.3872235
1514636171.387241
1514636171.3872507
1514636171.3872592
1514636171.387269
1514636171.3872774
1514636171.3872857
1514636171.387294
1514636171.387309
1514636171.3873236
1514636171.3873322
1514636171.3873649
1514636171.3873742
1514636171.3873827
1514636171.3873913
1514636171.3874
1514636171.387417
1514636171.3874266
1514636171.3874352
1514636171.3874435
1514636171.3874524
1514636171.387461
1514636171.3874695
1514636171.3878899
1514636171.3879821
1514636171.3880384
1514636171.3880904
1514636171.3881402
1514636171.388189
1514636171.3882377
1514636172.5654297
1514636172.565457
1514636172.5654666
1514636172.565475
1514636172.5654829
1514636172.5654907
1514636172.5654986
1514636172.5655146
1514636172.5655234
1514636172.5655344
1514636172.565543
1514636172.5655508
1514636172.5655587
1514636172.5655665
1514636172.5655808
1514636172.565589
1514636172.565599
1514636172.5656068
1514636172.565615
1514636172.5656226
1514636172.5656307
1514636172.5656443
1514636172.5656524
1514636172.5656602
1514636172.565668
1514636172.565676
1514636172.5656836
1514636172.5656912
1514636172.5657046
1514636172.5663464
1514636172.5664427
1514636172.566497
1514636172.566547
1514636172.5665941
1514636172.5666425
1514636172.5667048
1514636173.6985204
1514636173.6985455
1514636173.6985557
1514636173.6985643
1514636173.6985724
1514636173.6985803
1514636173.6985884
1514636174.607928
1514636174.6079586
1514636174.6079693
1514636174.6079788
1514636174.6079876
1514636174.6079962
1514636174.6080048
1514636175.4736133
1514636175.4736414
1514636175.473651
1514636175.4736588
1514636175.473669
1514636175.4736772
1514636175.4736848
1514636176.5147367
1514636176.5147603
1514636176.51477
1514636176.5147786
1514636176.5147867
1514636176.514795
1514636176.5148032
1514636177.7714953
1514636177.7715216
1514636177.771531
1514636177.7715392
1514636177.771547
1514636177.7715547
1514636177.7715626
1514636178.9258938
1514636178.9259217
1514636178.9259758
1514636178.9259858
1514636178.9259942
1514636178.926005
1514636178.926013
1514636180.1155252
1514636180.115559
1514636180.115571
1514636180.1155815
1514636180.1155918
1514636180.115602
1514636180.1156118
1514636181.1696627
1514636181.1696908
1514636181.1697001
1514636181.1697083
1514636181.1697161
1514636181.1697242
1514636181.1697316
1514636182.0347047
1514636182.0347314
1514636182.0347407
1514636182.034749
1514636182.0347579
1514636182.0347655
1514636182.0347736
1514636183.0333846
1514636183.0334244
1514636183.03344
1514636183.0334527
1514636183.0334644
1514636183.033476
1514636183.0334876
1514636183.8743832
1514636183.874411
1514636183.874421
1514636183.8744287
1514636183.8744369
1514636183.8744447
1514636183.8744526
1514636184.8212883
1514636184.821316
1514636184.8213255
1514636184.8213336
1514636184.8213415
1514636184.8213496
1514636184.8213573
1514636185.6869469
1514636185.6870298
1514636185.6870847
1514636185.6871355
1514636185.6871846
1514636185.6872337
1514636185.6872826
1514636186.846079
1514636186.8461103
1514636186.8461218
1514636186.846131
1514636186.8461401
1514636186.846149
1514636186.8461576
1514636187.9441764
1514636187.9442062
1514636187.9442167
1514636187.944226
1514636187.944235
1514636187.944244
1514636187.9442527
1514636189.1685069
1514636189.168539
1514636189.1685498
1514636189.1685588
1514636189.1685677
1514636189.1685762
1514636189.1685846
1514636190.4248886
1514636190.424914
1514636190.4249234
1514636190.4249315
1514636190.4249392
1514636190.4249468
1514636190.4249544
1514636191.594057
1514636191.5940866
1514636191.5940988
1514636191.5941095
1514636191.5941195
1514636191.594129
1514636191.5941427
1514636192.821582
1514636192.8216166
1514636192.8216293
1514636192.82164
1514636192.8216505
1514636192.8216612
1514636192.8216717
1514636193.7984679
1514636193.7984934
1514636193.798503
1514636193.7985108
1514636193.7985187
1514636193.7985263
1514636193.7985337
1514636194.8371673
1514636194.8371942
1514636194.8372037
1514636194.8372118
1514636194.8372197
1514636194.8372273
1514636194.8372352
1514636195.7614844
1514636195.7615123
1514636195.7615216
1514636195.7615297
1514636195.7615376
1514636195.7615454
1514636195.761553
1514636196.6075373
1514636196.6075633
1514636196.6075735
1514636196.6075826
1514636196.6075914
1514636196.6076
1514636196.607609
1514636197.3806956
1514636197.3807192
1514636197.3807287
1514636197.380737
1514636197.380745
1514636197.380753
1514636197.3807607
1514636198.3012652
1514636198.3015387
1514636198.3015544
1514636198.3015637
1514636198.301572
1514636198.3015804
1514636198.3015926
1514636199.0429614
1514636199.0430014
1514636199.0430193
1514636199.0430355
1514636199.0430503
1514636199.043065
1514636199.0430832
1514636199.606767
1514636199.6067958
1514636199.6068065
1514636199.6068158
1514636199.606825
1514636199.606834
1514636199.6068428
1514636200.3331935
1514636200.3332257
1514636200.3332386
1514636200.33325
1514636200.333261
1514636200.333272
1514636200.333283
1514636200.9615486
1514636200.961581
1514636200.9615934
1514636200.9616044
1514636200.9616148
1514636200.9616258
1514636200.9616363
1514636201.5092447
1514636201.5092795
1514636201.5092897
1514636201.5092983
1514636201.5093064
1514636201.5097783
1514636201.509797
1514636202.1238756
1514636202.1239052
1514636202.1239166
1514636202.1239266
1514636202.1239364
1514636202.123946
1514636202.1239555
1514636202.691976
1514636202.6920083
1514636202.692018
1514636202.6920264
1514636202.6920345
1514636202.692042
1514636202.6920495
1514636203.2390454
1514636203.2390757
1514636203.239086
1514636203.2390947
1514636203.2391033
1514636203.239112