
1514636168.738404
1514636170.1455538
1514636170.1455822
1514636170.145592
1514636170.1456
1514636170.1456087
1514636170.1456165
1514636170.1456244
1514636170.1456416
1514636170.1456563
1514636170.1456647
1514636170.1456726
1514636170.1456802
1514636170.145688
1514636170.1456957
1514636170.1457036
1514636170.1457174
1514636170.1457262
1514636170.145734
1514636170.145742
1514636170.1457496
1514636170.1457574
1514636170.145765
1514636170.145779
1514636170.145787
1514636170.1457949
1514636170.145803
1514636170.1458106
1514636170.1458182
1514636170.145826
1514636170.1468027
1514636170.1468968
1514636170.1469533
1514636170.1470025
1514636170.1470485
1514636170.147094
1514636170.14714
1514636171.0480046
1514636171.0480385
1514636171.0480494
1514636171.0480583
1514636171.048067
1514636171.0480757
1514636171.0480921
1514636171.0481117
1514636171.0481215
1514636171.0481303
1514636171.0481412
1514636171.0481498
1514636171.0481584
1514636171.0481668
1514636171.0481818
1514636171.0481908
1514636171.048199
1514636171.0482073
1514636171.0482152
1514636171.0482235
1514636171.0482316
1514636171.0482461
1514636171.0482564
1514636171.0482652
1514636171.0482736
1514636171.048282
1514636171.0482903
1514636171.0482986
1514636171.0487413
1514636171.0488381
1514636171.0488946
1514636171.0489464
1514636171.0489953
1514636171.0490425
1514636171.0490901
1514636172.1739283
1514636172.174053
1514636172.174167
1514636172.1742458
1514636172.1743095
1514636172.1743712
1514636172.174437
1514636172.1749952
1514636172.1750915
1514636172.1751547
1514636172.1752148
1514636172.175354
1514636172.1754344
1514636172.1754956
1514636172.1756177
1514636172.1771395
1514636172.1771638
1514636172.1771767
1514636172.1771874
1514636172.1771977
1514636172.177208
1514636172.1772416
1514636172.1772552
1514636172.1772654
1514636172.1772754
1514636172.1772857
1514636172.1772954
1514636172.1773255
1514636172.177708
1514636172.1778018
1514636172.1778686
1514636172.1779299
1514636172.177995
1514636172.1780815
1514636172.1781433
1514636173.6722414
1514636173.672281
1514636173.672296
1514636173.6723094
1514636173.6723225
1514636173.672335
1514636173.6723473
1514636174.7248285
1514636174.724853
1514636174.7248626
1514636174.724871
1514636174.724879
1514636174.724887
1514636174.7248948
1514636176.0200346
1514636176.0200582
1514636176.0200677
1514636176.0200758
1514636176.020084
1514636176.0200918
1514636176.0201015
1514636177.2813973
1514636177.2814193
1514636177.2814286
1514636177.2814367
1514636177.2814445
1514636177.2814522
1514636177.28146
1514636178.3918836
1514636178.3919108
1514636178.3919203
1514636178.3919287
1514636178.3919368
1514636178.3919446
1514636178.3919523
1514636179.8361669
1514636179.8364224
1514636179.8364382
1514636179.8364475
1514636179.8364556
1514636179.8364635
1514636179.836471
1514636181.189474
1514636181.1895037
1514636181.1895134
1514636181.1895218
1514636181.1895294
1514636181.189537
1514636181.1895447
1514636182.3700483
1514636182.3700757
1514636182.370085
1514636182.3700929
1514636182.3701005
1514636182.3701081
1514636182.3701158
1514636183.5246193
1514636183.5246465
1514636183.5246563
1514636183.5246646
1514636183.5246725
1514636183.5246801
1514636183.5246875
1514636184.7037354
1514636184.7037635
1514636184.7037733
1514636184.703782
1514636184.7037926
1514636184.7038007
1514636184.7038083
1514636185.7660553
1514636185.766497
1514636185.7665138
1514636185.7665238
1514636185.7665327
1514636185.7665412
1514636185.7665498
1514636186.9931524
1514636186.9931798
1514636186.9931893
1514636186.9931974
1514636186.9932055
1514636186.9932132
1514636186.9932208
1514636188.5674784
1514636188.5675104
1514636188.5675218
1514636188.5675313
1514636188.5675402
1514636188.5675495
1514636188.5675583
1514636189.8176813
1514636189.8177092
1514636189.8177187
1514636189.8177269
1514636189.8177357
1514636189.8177435
1514636189.8177512
1514636191.1170118
1514636191.1170375
1514636191.1170478
1514636191.1170566
1514636191.1170657
1514636191.1170743
1514636191.1170828
1514636192.2648213
1514636192.2651415
1514636192.265158
1514636192.265168
1514636192.2651765
1514636192.2651856
1514636192.265194
1514636193.4069004
1514636193.4069254
1514636193.406935
1514636193.406943
1514636193.406951
1514636193.4069588
1514636193.4069664
1514636194.5240202
1514636194.5243392
1514636194.5243533
1514636194.5243618
1514636194.52437
1514636194.5243778
1514636194.5243855
1514636195.447893
1514636195.4479222
1514636195.447932
1514636195.4479403
1514636195.4479485
1514636195.447956
1514636195.447964
1514636196.3848603
1514636196.384892
1514636196.3849025
1514636196.3849115
1514636196.3849204
1514636196.3849292
1514636196.3849375
1514636197.2935295
1514636197.293556
1514636197.2935653
1514636197.2935734
1514636197.2935812
1514636197.2935889
1514636197.2935967
1514636198.5896454
1514636198.5896854
1514636198.5896993
1514636198.5897112
1514636198.5897226
1514636198.5897338
1514636198.5897448
1514636199.4585505
1514636199.458573
1514636199.4585822
1514636199.4585903
1514636199.4585981
1514636199.458606
1514636199.4586139
1514636200.2644494
1514636200.2644942
1514636200.264513
1514636200.2645295
1514636200.2645442
1514636200.2645593
1514636200.2645738
1514636201.1087828
1514636201.108812
1514636201.1088219
1514636201.1088307
1514636201.108839
1514636201.1088476
1514636201.1088557
1514636201.8106267
1514636201.8106556
1514636201.8106654
1514636201.8106737
1514636201.8106925
1514636201.810701
1514636201.8107088
1514636202.5651228
1514636202.5651565
1514636202.5651667
1514636202.5651753
1514636202.5651836
1514636202.565192
1514636202.5651999
1514636203.2636666
1514636203.2636907
1514636203.2637005
1514636203.2637086
1514636203.2637165
1514636203.2637243
1514636203.263732
1514636203.823276
1514636203.8233063
1514636203.8233163
1514636203.8233252
1514636203.8233516
1514636203.8233645
1514636203.823373
1514636204.4864774
1514636204.4865048
1514636204.4865143
1514636204.4865224
1514636204.4865303
1514636204.4865382
1514636204.4865458
1514636204.6888435
1514636204.6888688
1514636204.6888778
1514636204.688886