
1514636168.7393968
1514636174.7045646
1514636174.7045963
1514636174.704607
1514636174.704616
1514636174.704626
1514636174.7046347
1514636174.7046432
1514636175.1570942
1514636175.1571236
1514636175.1571343
1514636175.157143
1514636175.1571517
1514636175.15716
1514636175.1571681
1514636175.6874144
1514636175.6874547
1514636175.6874695
1514636175.6874807
1514636175.6874912
1514636175.6875014
1514636175.6875117
1514636176.127671
1514636176.1276994
1514636176.1277099
1514636176.1277184
1514636176.1277275
1514636176.1277356
1514636176.1277435
1514636176.6279838
1514636176.6286466
1514636176.628666
1514636176.6286764
1514636176.6286864
1514636176.6286957
1514636176.6287053
1514636177.2770963
1514636177.2771242
1514636177.2771335
1514636177.2771416
1514636177.2771494
1514636177.2771573
1514636177.277165
1514636177.781577
1514636177.7816133
1514636177.7816231
1514636177.7816312
1514636177.7816412
1514636177.7816489
1514636177.7816567
1514636178.3557658
1514636178.3557873
1514636178.3557966
1514636178.3558044
1514636178.3558125
1514636178.3558204
1514636178.3558283
1514636178.8515747
1514636178.8520007
1514636178.8520224
1514636178.8520336
1514636178.8520432
1514636178.8520522
1514636178.8520615
1514636179.3259027
1514636179.3259306
1514636179.3259404
1514636179.3259485
1514636179.3259563
1514636179.3259645
1514636179.3259723
1514636179.825878
1514636179.8261602
1514636179.8261764
1514636179.8261857
1514636179.8261938
1514636179.8262017
1514636179.8262098
1514636180.6798663
1514636180.6798944
1514636180.6799045
1514636180.679913
1514636180.6799216
1514636180.6799295
1514636180.6799376
1514636181.0667045
1514636181.066733
1514636181.0667422
1514636181.0667505
1514636181.0667593
1514636181.0667672
1514636181.066775
1514636181.6941028
1514636181.6941302
1514636181.69414
1514636181.6941483
1514636181.6941562
1514636181.6941638
1514636181.6941717
1514636182.2882516
1514636182.2882798
1514636182.2882893
1514636182.2882974
1514636182.2883177
1514636182.2883265
1514636182.2883341
1514636182.7488685
1514636182.7489493
1514636182.7490005
1514636182.7490473
1514636182.7490923
1514636182.7491372
1514636182.7491813
1514636183.3606966
1514636183.3607285
1514636183.3607395
1514636183.3607485
1514636183.3607576
1514636183.3607664
1514636183.3607755
1514636184.0293503
1514636184.0293775
1514636184.0293865
1514636184.0293949
1514636184.0294027
1514636184.0294104
1514636184.029418
1514636184.8037205
1514636184.8037534
1514636184.8037636
1514636184.8037727
1514636184.8037813
1514636184.8037899
1514636184.8037984
1514636185.2400458
1514636185.2400732
1514636185.2400827
1514636185.2400906
1514636185.2400985
1514636185.2401063
1514636185.2401142
1514636185.8161578
1514636185.8162332
1514636185.816285
1514636185.816332
1514636185.816377
1514636185.816421
1514636185.8164642
1514636186.256474
1514636186.2565036
1514636186.2565138
1514636186.256523
1514636186.2565315
1514636186.25654
1514636186.2565484
1514636186.5930874
1514636186.593114
1514636186.5931234
1514636186.5931318
1514636186.5931394
1514636186.593147
1514636186.5931547
1514636187.123779
1514636187.1238081
1514636187.1238194
1514636187.1238296
1514636187.1238422
1514636187.1238515
1514636187.1238604
1514636187.6308985
1514636187.6309257
1514636187.630935
1514636187.6309433
1514636187.6309512
1514636187.6309595
1514636187.6309676
1514636188.0905924
1514636188.0906212
1514636188.090631
1514636188.090639
1514636188.090647
1514636188.0906546
1514636188.0906625
1514636188.6122642
1514636188.612298
1514636188.61231
1514636188.6123204
1514636188.6123307
1514636188.6123405
1514636188.6123505
1514636189.0929701
1514636189.0930495
1514636189.093104
1514636189.0931542
1514636189.093202
1514636189.093249
1514636189.0932963
1514636189.711837
1514636189.7118595
1514636189.7118688
1514636189.7118769
1514636189.7118847
1514636189.7118928
1514636189.7119007
1514636190.2781286
1514636190.2781563
1514636190.2781658
1514636190.2781982
1514636190.2782087
1514636190.2782166
1514636190.2782245
1514636190.7578588
1514636190.7578878
1514636190.7578976
1514636190.7579057
1514636190.7579155
1514636190.757924
1514636190.757938
1514636191.2811074
1514636191.2811394
1514636191.2811525
1514636191.2811637
1514636191.2811742
1514636191.2811844
1514636191.281195
1514636191.9273663
1514636191.9274936
1514636191.9275844
1514636191.9276679
1514636191.9277494
1514636191.92783
1514636191.9279091
1514636192.511319
1514636192.5113745
1514636192.5113862
1514636192.511395
1514636192.5114033
1514636192.5114117
1514636192.5114222
1514636193.10248
1514636193.1025088
1514636193.1025183
1514636193.1025264
1514636193.1025345
1514636193.1025424
1514636193.10255