
1514636168.748234
1514636170.4083693
1514636170.4084086
1514636170.40842
1514636170.408429
1514636170.408439
1514636170.4084475
1514636170.4084558
1514636170.4084747
1514636170.408485
1514636170.4084933
1514636170.4085016
1514636170.4085102
1514636170.4085188
1514636170.4085271
1514636170.4085422
1514636170.408557
1514636170.4085665
1514636170.4085748
1514636170.4085834
1514636170.4085915
1514636170.4085999
1514636170.4086082
1514636170.408623
1514636170.408632
1514636170.4086401
1514636170.4086487
1514636170.408657
1514636170.4086654
1514636170.4086735
1514636170.409665
1514636170.4097736
1514636170.4098318
1514636170.409886
1514636170.4099364
1514636170.4099853
1514636170.4100351
1514636171.4007533
1514636171.4007802
1514636171.4007897
1514636171.4007978
1514636171.400806
1514636171.4008138
1514636171.4008217
1514636171.4008381
1514636171.400847
1514636171.4008548
1514636171.400864
1514636171.4008715
1514636171.400879
1514636171.4008868
1514636171.400901
1514636171.400909
1514636171.4009163
1514636171.400924
1514636171.4009316
1514636171.400939
1514636171.4009466
1514636171.4009602
1514636171.4009695
1514636171.4009771
1514636171.4009848
1514636171.4009924
1514636171.4009998
1514636171.4010074
1514636171.4010208
1514636171.4010289
1514636171.4010365
1514636171.401044
1514636171.4010513
1514636171.401059
1514636171.4010663
1514636171.4014554
1514636172.4993625
1514636172.4993968
1514636172.4994066
1514636172.4994147
1514636172.4994226
1514636172.4994302
1514636172.499438
1514636172.4994545
1514636172.4994638
1514636172.4994717
1514636172.4994795
1514636172.4994872
1514636172.4994948
1514636172.4995024
1514636172.4995167
1514636172.499525
1514636172.4995348
1514636172.4995425
1514636172.4995503
1514636172.499558
1514636172.4995656
1514636172.4995794
1514636172.4995878
1514636172.4995954
1514636172.499603
1514636172.4996107
1514636172.4996183
1514636172.4996257
1514636172.499639
1514636172.4996474
1514636172.499655
1514636172.4996624
1514636172.4996698
1514636172.4996777
1514636172.4996862
1514636172.5001085
1514636173.698846
1514636173.6988897
1514636173.6989062
1514636173.6989193
1514636173.6989322
1514636173.6989448
1514636173.6989574
1514636174.5342329
1514636174.5342705
1514636174.5342824
1514636174.5342925
1514636174.534302
1514636174.5343113
1514636174.534321
1514636175.1847146
1514636175.1847384
1514636175.1847472
1514636175.184755
1514636175.1847656
1514636175.1847734
1514636175.1847813
1514636175.849842
1514636175.8498755
1514636175.8498883
1514636175.8498993
1514636175.8499103
1514636175.8499207
1514636175.8499312
1514636176.4032843
1514636176.4033115
1514636176.4033213
1514636176.4033294
1514636176.4033544
1514636176.4033637
1514636176.4033716
1514636176.9655004
1514636176.9657853
1514636176.9658017
1514636176.9658113
1514636176.9658196
1514636176.965829
1514636176.965837
1514636177.5378463
1514636177.537894
1514636177.5379114
1514636177.537927
1514636177.5379417
1514636177.5379562
1514636177.537971
1514636178.3003511
1514636178.300379
1514636178.3003883
1514636178.3003964
1514636178.300404
1514636178.3004117
1514636178.3004193
1514636179.0310812
1514636179.0314636
1514636179.0314813
1514636179.03149
1514636179.0314982
1514636179.0315058
1514636179.0315135
1514636179.7158422
1514636179.716147
1514636179.7161663
1514636179.7161753
1514636179.7161832
1514636179.716191
1514636179.7161984
1514636180.4534245
1514636180.453452
1514636180.4534614
1514636180.45347
1514636180.4534776
1514636180.4534853
1514636180.453493
1514636181.2114406
1514636181.2114692
1514636181.2114787
1514636181.211487
1514636181.2114947
1514636181.2115023
1514636181.211515
1514636182.0777068
1514636182.0777376
1514636182.0777478
1514636182.0777562
1514636182.077764
1514636182.077772
1514636182.0777798
1514636182.8308108
1514636182.830838
1514636182.8308482
1514636182.8308566
1514636182.8308647
1514636182.8308725
1514636182.8308804
1514636183.471579
1514636183.4716063
1514636183.471616
1514636183.4716241
1514636183.471632
1514636183.4716399
1514636183.4716475
1514636184.104966
1514636184.1049926
1514636184.1050057
1514636184.1050146
1514636184.1050224
1514636184.1050303
1514636184.105038
1514636184.8397572
1514636184.8397841
1514636184.8397946
1514636184.8398035
1514636184.8398123
1514636184.8398209
1514636184.8398294
1514636185.7612455
1514636185.7613244
1514636185.7613776
1514636185.7614274
1514636185.761476
1514636185.761524
1514636185.7615764
1514636186.7443595
1514636186.7444003
1514636186.7444134
1514636186.7444246
1514636186.7444353
1514636186.7444456
1514636186.744456
1514636187.6506991
1514636187.6507287
1514636187.6507404
1514636187.6507514
1514636187.6507614
1514636187.6507714
1514636187.6507814
1514636188.6486864
1514636188.648717
1514636188.648727
1514636188.6487358
1514636188.6487443
1514636188.648753
1514636188.648761
1514636189.7169855
1514636189.717007
1514636189.7170165
1514636189.7170248
1514636189.7170327
1514636189.7170403
1514636189.717048
1514636190.8372746
1514636190.8372996
1514636190.8373091
1514636190.837317
1514636190.8373246
1514636190.8373325
1514636190.83734
1514636191.882329
1514636191.8826957
1514636191.8827162
1514636191.8827274
1514636191.8827374
1514636191.8827472
1514636191.8827565
1514636192.9290872
1514636192.9291255
1514636192.929141
1514636192.9291542
1514636192.9291668
1514636192.9291797
1514636192.929192
1514636193.8127248
1514636193.8127484
1514636193.812758
1514636193.812766
1514636193.8127737
1514636193.8127813
1514636193.812789
1514636194.741454
1514636194.741526
1514636194.7415762
1514636194.7416244
1514636194.7416704
1514636194.741716
1514636194.741761
1514636195.5006175
1514636195.500645
1514636195.5006545
1514636195.5006626
1514636195.5006702
1514636195.500678
1514636195.500686
1514636196.3327217
1514636196.3327491
1514636196.3327587
1514636196.3327668
1514636196.3327746
1514636196.3327837
1514636196.3327918
1514636197.0938473
1514636197.0938854
1514636197.0938995
1514636197.0939116
1514636197.093923
1514636197.0939343
1514636197.0939457
1514636197.622038
1514636197.6220782
1514636197.6220925
1514636197.6221042
1514636197.6221159
1514636197.622127
1514636197.622138
1514636198.4175282
1514636198.4175544
1514636198.4175646
1514636198.417574
1514636198.4175823
1514636198.4175909
1514636198.4175997
1514636199.1990116
1514636199.1990378
1514636199.1990473
1514636199.1990554
1514636199.1990635
1514636199.1990714
1514636199.1990793
1514636199.9473245
1514636199.9473693
1514636199.947379
1514636199.9473872
1514636199.947395
1514636199.9474032
1514636199.9474108
1514636200.3071172
1514636200.3071446
1514636200.3071544