
1514636168.7288313
1514636175.0366697
1514636175.036715
1514636175.0367332
1514636175.0367484
1514636175.036765
1514636175.0367796
1514636175.0367942
1514636176.01216
1514636176.0121942
1514636176.0122058
1514636176.0122154
1514636176.0122247
1514636176.012234
1514636176.0122433
1514636176.8192532
1514636176.8195856
1514636176.8196042
1514636176.8196137
1514636176.819622
1514636176.81963
1514636176.8196375
1514636177.7305224
1514636177.7305515
1514636177.7305613
1514636177.7305706
1514636177.7305796
1514636177.730588
1514636177.7305963
1514636178.7173374
1514636178.7174242
1514636178.717484
1514636178.71754
1514636178.7175946
1514636178.7176478
1514636178.7177002
1514636179.7831283
1514636179.7834377
1514636179.7834544
1514636179.7834642
1514636179.7834725
1514636179.7834806
1514636179.7834888
1514636180.8728223
1514636180.8728545
1514636180.8728662
1514636180.872876
1514636180.8728862
1514636180.8728955
1514636180.8729048
1514636182.004231
1514636182.0042586
1514636182.0042682
1514636182.0042763
1514636182.0042841
1514636182.004292
1514636182.0042994
1514636183.1529362
1514636183.152967
1514636183.1529794
1514636183.1529887
1514636183.1529975
1514636183.153006
1514636183.153015
1514636184.292347
1514636184.2923727
1514636184.2923825
1514636184.2923908
1514636184.2923987
1514636184.2924066
1514636184.2924142
1514636185.621913
1514636185.621951
1514636185.6219637
1514636185.621974
1514636185.621984
1514636185.6219933
1514636185.622003
1514636187.0723846
1514636187.0727048
1514636187.0727296
1514636187.0727413
1514636187.0727518
1514636187.0727618
1514636187.0727713
1514636188.33248
1514636188.3325133
1514636188.3325257
1514636188.3325365
1514636188.3325489
1514636188.332559
1514636188.332569
1514636189.6781962
1514636189.6782238
1514636189.6782331
1514636189.6782413
1514636189.678249
1514636189.6782565
1514636189.6782641
1514636191.0515368
1514636191.051565
1514636191.0515745
1514636191.0515826
1514636191.0515907
1514636191.0515983
1514636191.0516062
1514636192.2826672
1514636192.2827117
1514636192.2827218
1514636192.28273
1514636192.282738
1514636192.2827458
1514636192.2827535
1514636193.38915
1514636193.3894405
1514636193.389451
1514636193.3894594
1514636193.3894675
1514636193.3894753
1514636193.389483
1514636194.4170558
1514636194.4170861
1514636194.4170961
1514636194.417105
1514636194.4171133
1514636194.4171214
1514636194.4171295
1514636195.0975099
1514636195.0975394
1514636195.0975492
1514636195.0975583
1514636195.0975666
1514636195.0975752
1514636195.0975838
1514636195.820532
1514636195.8205714
1514636195.8205843
1514636195.820595
1514636195.8206055
1514636195.8206158
1514636195.820626
1514636196.4874892
1514636196.4875162
1514636196.4875255
1514636196.4875336
1514636196.487542
1514636196.4875495
1514636196.4875574
1514636197.2947433
1514636197.2947664
1514636197.2947762
1514636197.2947848
1514636197.294793
1514636197.294801
1514636197.2948086
1514636198.158326
1514636198.158592
1514636198.1586068
1514636198.1586165
1514636198.1586254
1514636198.1586332
1514636198.158641
1514636198.7427142
1514636198.742748
1514636198.7427583
1514636198.7427676
1514636198.7427764
1514636198.742785
1514636198.7427936
1514636199.448193
1514636199.4482162
1514636199.4482257
1514636199.4482338
1514636199.4482417
1514636199.4482503
1514636199.4485128
1514636200.0336914
1514636200.033718
1514636200.0337274
1514636200.0337355
1514636200.0337431
1514636200.0337512
1514636200.0337589
1514636200.6462445
1514636200.6462667
1514636200.6462758
1514636200.6462839
1514636200.6462917
1514636200.6462996
1514636200.6463077
1514636201.2606254
1514636201.2608986
1514636201.260915
1514636201.2609246
1514636201.260933
1514636201.2609441
1514636201.2609558
1514636201.8867252
1514636201.8867526
1514636201.8867626
1514636201.8867707
1514636201.8867786
1514636201.886787
1514636201.8867946
1514636202.610905
1514636202.6109366
1514636202.6109493
1514636202.6109595
1514636202.6109693
1514636202.610979
1514636202.610989
1514636203.3188841
1514636203.3189092
1514636203.3189192
1514636203.3189273
1514636203.3189354
1514636203.3189433
1514636203.318951
1514636203.4759035
1514636203.47594