
1514636168.737771
1514636175.7683184
1514636175.7683463
1514636175.768356
1514636175.7683642
1514636175.7683728
1514636175.7683806
1514636175.7683885
1514636177.2809458
1514636177.280969
1514636177.2809784
1514636177.2809868
1514636177.2809947
1514636177.2810025
1514636177.2810104
1514636178.7726946
1514636178.7727208
1514636178.7727315
1514636178.7727396
1514636178.7727475
1514636178.7727554
1514636178.7727633
1514636180.1901848
1514636180.1902106
1514636180.1902199
1514636180.1902282
1514636180.190237
1514636180.1902452
1514636180.190253
1514636181.3171024
1514636181.3171299
1514636181.3171394
1514636181.3171477
1514636181.3171556
1514636181.3171632
1514636181.3171709
1514636182.414118
1514636182.414148
1514636182.4141574
1514636182.4141657
1514636182.4141738
1514636182.4141815
1514636182.414189
1514636183.495836
1514636183.495862
1514636183.4958715
1514636183.49588
1514636183.4958885
1514636183.4958963
1514636183.4959042
1514636184.7060244
1514636184.7060606
1514636184.7060733
1514636184.7060843
1514636184.7060952
1514636184.706106
1514636184.7061164
1514636185.5886815
1514636185.588714
1514636185.588727
1514636185.588737
1514636185.5887465
1514636185.588756
1514636185.5887654
1514636186.448893
1514636186.4489205
1514636186.44893
1514636186.4489381
1514636186.448946
1514636186.4489539
1514636186.4489617
1514636187.469647
1514636187.4696822
1514636187.4696946
1514636187.4697032
1514636187.4697113
1514636187.4697192
1514636187.469727
1514636188.6857228
1514636188.6857975
1514636188.6858482
1514636188.6858954
1514636188.6859412
1514636188.6859865
1514636188.686031
1514636189.8652966
1514636189.8653233
1514636189.8653326
1514636189.8653407
1514636189.8653495
1514636189.8653574
1514636189.865365
1514636191.0912716
1514636191.0913055
1514636191.091316
1514636191.091325
1514636191.0913534
1514636191.091368
1514636191.091377
1514636192.253707
1514636192.2537327
1514636192.2537432
1514636192.253752
1514636192.2537608
1514636192.2537696
1514636192.2537785
1514636193.3583333
1514636193.3583622
1514636193.358372
1514636193.3583803
1514636193.3583882
1514636193.358396
1514636193.3584037
1514636194.4443064
1514636194.4443355
1514636194.4443457
1514636194.4443548
1514636194.444363
1514636194.4443715
1514636194.4443798
1514636195.3981142
1514636195.3981452
1514636195.3981562
1514636195.3981657
1514636195.3981748
1514636195.398184
1514636195.3981931
1514636196.3625734
1514636196.362597
1514636196.3626063
1514636196.3626144
1514636196.3626223
1514636196.36263
1514636196.3626375
1514636197.3160174
1514636197.3160393
1514636197.3160486
1514636197.3160572
1514636197.3160653
1514636197.3160732
1514636197.316081
1514636198.3974643
1514636198.3974996
1514636198.3975108
1514636198.3975205
1514636198.39753
1514636198.3975394
1514636198.397549
1514636199.4558816
1514636199.4559076
1514636199.4559174
1514636199.4559255
1514636199.455933
1514636199.455941
1514636199.4559484
1514636200.3494453
1514636200.3494709
1514636200.3494806
1514636200.3494887
1514636200.3494966
1514636200.3495042
1514636200.349512
1514636201.2253368
1514636201.2255974
1514636201.225613
1514636201.2256224
1514636201.2256305
1514636201.2256386
1514636201.2256463
1514636202.0673013
1514636202.0753741
1514636202.0754025
1514636202.0754163
1514636202.0754285
1514636202.075444
1514636202.0754557
1514636202.7715342
1514636202.7715676
1514636202.771577
1514636202.771585
1514636202.7715926
1514636202.7716002
1514636202.7716079
1514636203.460145
1514636203.4601767
1514636203.4601872
1514636203.4601963
1514636203.460205
1514636203.4602141
1514636203.460223
1514636204.1608872
1514636204.160923
1514636204.160935
1514636204.1609447
1514636204.160954
1514636204.1609633
1514636204.1609724
1514636204.706308
1514636204.7063324
1514636204.7063422
1514636204.7063534
1514636204.7063615
1514636204.706372
1514636204.7064037
1514636205.1899536
1514636205.1899817
1514636205.1899908
1514636205.1899989
1514636205.1900065
1514636205.1900144
1514636205.190022
1514636205.7609377
1514636205.7609694
1514636205.7609835
1514636205.7609951
1514636205.7610068
1514636205.7610183
1514636205.7610302
1514636206.1065528
1514636206.1065745
1514636206.106584
1514636206.106592
1514636206.1065998
1514636206.1066082
1514636206.1066155
1514636206.3098226
1514636206.3098538
1514636206.309865
1514636206.3098748
1514636206.3098838