
1515059580.246446
1515059584.5036724
1515059584.5037057
1515059584.503716
1515059584.5037246
1515059584.5037334
1515059584.5037413
1515059584.5037494
1515059584.9999917
1515059585.0021539
1515059585.0021782
1515059585.0021896
1515059585.0022
1515059585.00221
1515059585.0022194
1515059585.6636906
1515059585.663717
1515059585.663728
1515059585.6637366
1515059585.6637444
1515059585.6637526
1515059585.6637607
1515059586.0063722
1515059586.0064003
1515059586.0064101
1515059586.0064185
1515059586.0064278
1515059586.0064356
1515059586.0064435
1515059586.4033723
1515059586.4034007
1515059586.4034104
1515059586.4034188
1515059586.403427
1515059586.403435
1515059586.4034426
1515059586.77411
1515059586.7741377
1515059586.774148
1515059586.7741568
1515059586.7741652
1515059586.7741733
1515059586.7741814
1515059587.210694
1515059587.210722
1515059587.2107322
1515059587.2107406
1515059587.2107503
1515059587.2107584
1515059587.2107666
1515059587.6493483
1515059587.64938
1515059587.6493895
1515059587.649398
1515059587.649406
1515059587.6494138
1515059587.6494217
1515059588.1463225
1515059588.1463766
1515059588.1463912
1515059588.1464
1515059588.1464086
1515059588.146417
1515059588.146425
1515059588.5924015
1515059588.5924363
1515059588.5924494
1515059588.5924609
1515059588.5924716
1515059588.5924826
1515059588.5924935
1515059589.030545
1515059589.0315275
1515059589.0315523
1515059589.031562
1515059589.0315704
1515059589.031589
1515059589.0315974
1515059589.5222871
1515059589.5223143
1515059589.5223246
1515059589.5223334
1515059589.5223417
1515059589.52235
1515059589.5223582
1515059589.892187
1515059589.8922873
1515059589.8923552
1515059589.892417
1515059589.8924782
1515059589.8925369
1515059589.892595
1515059590.235702
1515059590.2357278
1515059590.2357373
1515059590.2357457
1515059590.2357538
1515059590.235762
1515059590.2357697
1515059590.585435
1515059590.58546
1515059590.5854707
1515059590.5854802
1515059590.5854893
1515059590.585498
1515059590.5855067
1515059590.9961975
1515059590.9962327
1515059590.9962456
1515059590.9962568
1515059590.9962678
1515059590.9962785
1515059590.996289
1515059591.4369898
1515059591.4370322
1515059591.4370472
1515059591.43706
1515059591.4370725
1515059591.4370847
1515059591.4370968
1515059591.9562576
1515059591.956287
1515059591.9562972
1515059591.956306
1515059591.9563143
1515059591.9563227
1515059591.956331
1515059592.521443
1515059592.5214708
1515059592.5214813
1515059592.5214899
1515059592.521498
1515059592.5215058
1515059592.521514
1515059592.9061315
1515059592.9062078
1515059592.9062603
1515059592.906308
1515059592.9063654
1515059592.9064648
1515059592.9065785
1515059593.4251084
1515059593.425134
1515059593.425144
1515059593.425152
1515059593.42516
1515059593.4251678
1515059593.4251757
1515059594.0012386
1515059594.0012822
1515059594.0012927
1515059594.001301
1515059594.0013092
1515059594.001317
1515059594.0013251
1515059594.479984
1515059594.4800174
1515059594.4800277
1515059594.4800365
1515059594.4800453
1515059594.4800541
1515059594.480063
1515059594.9810443
1515059594.9810803
1515059594.9810953
1515059594.9811082
1515059594.9811203
1515059594.9811325
1515059594.9811447
1515059595.4709306
1515059595.470959
1515059595.4709706
1515059595.4709806
1515059595.4709904
1515059595.4710011
1515059595.471011
1515059595.806828
1515059595.806858
1515059595.8068717
1515059595.806883