
1515059580.240617
1515059581.0276911
1515059581.0277252
1515059581.0277371
1515059581.027747
1515059581.0277572
1515059581.0277662
1515059581.0277755
1515059581.028169
1515059581.028274
1515059581.0283382
1515059581.0283954
1515059581.0284514
1515059581.0285056
1515059581.0285583
1515059581.238585
1515059581.238697
1515059581.2387574
1515059581.2388089
1515059581.2388585
1515059581.2389069
1515059581.2389553
1515059581.4693632
1515059581.4694757
1515059581.469535
1515059581.469588
1515059581.4696407
1515059581.4696925
1515059581.4697423
1515059581.7420237
1515059581.7421293
1515059581.7421906
1515059581.7422445
1515059581.742296
1515059581.7423465
1515059581.7423966
1515059581.9921963
1515059581.9923148
1515059581.992385
1515059581.9924483
1515059581.9925077
1515059581.9925666
1515059581.992624
1515059582.2536902
1515059582.253803
1515059582.253867
1515059582.2539222
1515059582.2539783
1515059582.2540307
1515059582.2540827
1515059582.4839299
1515059582.4840386
1515059582.4841027
1515059582.48416
1515059582.4842145
1515059582.4842675
1515059582.48432
1515059582.732442
1515059582.7325633
1515059582.73263
1515059582.7326891
1515059582.732746
1515059582.7328007
1515059582.732856
1515059582.9567063
1515059582.9568272
1515059582.9568942
1515059582.9569554
1515059582.9570134
1515059582.9570696
1515059582.957132
1515059583.172806
1515059583.1729152
1515059583.1729848
1515059583.1730425
1515059583.173099
1515059583.1731575
1515059583.1732142
1515059583.3950608
1515059583.3952024
1515059583.3952837
1515059583.395358
1515059583.3954358
1515059583.3955092
1515059583.395592
1515059583.6293108
1515059583.629424
1515059583.629489
1515059583.629546
1515059583.6296031
1515059583.6296563
1515059583.629709
1515059584.3656754
1515059584.3657055
1515059584.3657167
1515059584.365726
1515059584.365735
1515059584.3657439
1515059584.3657527
1515059584.837089
1515059584.8371189
1515059584.8371296
1515059584.837139
1515059584.8371477
1515059584.8371568
1515059584.8371658
1515059585.2209797
1515059585.2210183
1515059585.221034
1515059585.2210474
1515059585.2210603
1515059585.2210736
1515059585.2210865
1515059585.6095712
1515059585.6096036
1515059585.609614
1515059585.6096225
1515059585.6096306
1515059585.6096387
1515059585.610246
1515059586.1526372
1515059586.1526659
1515059586.1526756
1515059586.1526842
1515059586.1526923
1515059586.1527004
1515059586.1527085
1515059586.6196172
1515059586.6196432
1515059586.619654
1515059586.6196628
1515059586.6196713
1515059586.6196797
1515059586.619688
1515059587.0625248
1515059587.062554
1515059587.0625658
1515059587.062576
1515059587.062586
1515059587.0625958
1515059587.0626094
1515059587.4935825
1515059587.4936209
1515059587.493633
1515059587.4936433
1515059587.493653
1515059587.4936628
1515059587.4936726
1515059587.8344283
1515059587.8344548
1515059587.8344646
1515059587.834473
1515059587.8344808
1515059587.8344889
1515059587.8344967
1515059588.271332
1515059588.2713578
1515059588.271369
1515059588.271379
1515059588.2713885
1515059588.2713978
1515059588.2714071
1515059588.7217486
1515059588.7217867
1515059588.7217982
1515059588.721808
1515059588.7218173
1515059588.7218266
1515059588.721836
1515059589.1192822
1515059589.1193128
1515059589.119324
1515059589.119334
1515059589.1193435
1515059589.1193545
1515059589.1193643
1515059589.534524
1515059589.5345476
1515059589.534557
1515059589.5345654
1515059589.5345736
1515059589.5345814
1515059589.5345895
1515059590.1545095
1515059590.1545382
1515059590.154548
1515059590.1545563
1515059590.1545649
1515059590.1545727
1515059590.1545808
1515059590.806856
1515059590.8074725
1515059590.807491
1515059590.8075013
1515059590.8075106
1515059590.8075197
1515059590.8075287
1515059591.4769115
1515059591.4769413
1515059591.4769514
1515059591.4769602
1515059591.4769685
1515059591.476979
1515059591.4769876
1515059592.0625887
1515059592.0626268
1515059592.0626385
1515059592.0626488
1515059592.0626585
1515059592.0626686
1515059592.0626783
1515059592.625818
1515059592.6258492
1515059592.6258607
1515059592.6258702
1515059592.6258798
1515059592.625889
1515059592.6258981
1515059593.0821953
1515059593.0822213
1515059593.0822313
1515059593.0822396
1515059593.0822477
1515059593.0822558
1515059593.0822637
1515059593.552018
1515059593.5520477
1515059593.552058
1515059593.5520663
1515059593.5520744
1515059593.5520825
1515059593.5520906
1515059593.9530373
1515059593.9530644
1515059593.9530754
1515059593.9537454
1515059593.953767
1515059593.9537768
1515059593.9537852
1515059594.3300178
1515059594.3300493
1515059594.3300605
1515059594.33007
1515059594.3300788
1515059594.3300877
1515059594.3300967
1515059594.7219684
1515059594.7219949
1515059594.7220047
1515059594.7220135
1515059594.7220218
1515059594.72203
1515059594.722038
1515059595.0762455
1515059595.0762765
1515059595.0762885
1515059595.0762985
1515059595.0763083
1515059595.0763185
1515059595.0763285
1515059595.4982975
1515059595.4983242
1515059595.4983351
1515059595.4983447
1515059595.4983537
1515059595.498363
1515059595.498372
1515059595.888317
1515059595.8883958
1515059595.8884492
1515059595.8884997
1515059595.8885477
1515059595.888595
1515059595.8886423
1515059596.0356119
1515059596.035652
1515059596.0356672