
1515059580.263359
1515059584.6126657
1515059584.6127012
1515059584.612712
1515059584.6127205
1515059584.6127298
1515059584.612738
1515059584.6127458
1515059585.032152
1515059585.032183
1515059585.0321922
1515059585.0322013
1515059585.0322094
1515059585.0322175
1515059585.0322254
1515059585.6841657
1515059585.6842039
1515059585.6842163
1515059585.6842246
1515059585.6842327
1515059585.6842408
1515059585.6842487
1515059586.0243566
1515059586.0243838
1515059586.0243936
1515059586.0244021
1515059586.0244117
1515059586.0244198
1515059586.024428
1515059586.456765
1515059586.4567945
1515059586.456804
1515059586.4568124
1515059586.4568205
1515059586.4568286
1515059586.4568365
1515059586.9046736
1515059586.9047558
1515059586.9048123
1515059586.9048648
1515059586.9049165
1515059586.9049685
1515059586.9050193
1515059587.214185
1515059587.2142076
1515059587.214218
1515059587.2142262
1515059587.2142363
1515059587.2142441
1515059587.214252
1515059587.5996006
1515059587.599634
1515059587.5996454
1515059587.599655
1515059587.5996642
1515059587.5996735
1515059587.5996826
1515059587.991859
1515059587.9923725
1515059587.9923997
1515059587.9924126
1515059587.9924238
1515059587.9924343
1515059587.992445
1515059588.469785
1515059588.4698157
1515059588.4698265
1515059588.4698353
1515059588.4698439
1515059588.4698522
1515059588.4698606
1515059588.9835038
1515059588.9835362
1515059588.9835486
1515059588.9835594
1515059588.9835699
1515059588.983595
1515059588.983606
1515059589.4936936
1515059589.4937224
1515059589.4937327
1515059589.4937413
1515059589.4937491
1515059589.493757
1515059589.4937646
1515059589.9601574
1515059589.9602666
1515059589.9606771
1515059589.9607563
1515059589.9608283
1515059589.9608953
1515059589.9609616
1515059590.5613751
1515059590.5614097
1515059590.5614228
1515059590.5614347
1515059590.561446
1515059590.5614574
1515059590.5614686
1515059591.181554
1515059591.1815987
1515059591.1816192
1515059591.181637
1515059591.1816542
1515059591.1816711
1515059591.1816883
1515059591.5782208
1515059591.578249
1515059591.578259
1515059591.5782673
1515059591.5782754
1515059591.5782833
1515059591.5782912
1515059592.1894155
1515059592.1894436
1515059592.1894536
1515059592.189462
1515059592.1894703
1515059592.1894784
1515059592.1894865
1515059592.734987
1515059592.7350116
1515059592.735029
1515059592.7350404
1515059592.7350492
1515059592.7350574
1515059592.7350655
1515059593.4210384
1515059593.421065
1515059593.4210768
1515059593.4210873
1515059593.4210975
1515059593.4211073
1515059593.421117
1515059593.9609687
1515059593.9609923
1515059593.9610023
1515059593.9610107
1515059593.9610188
1515059593.9610267
1515059593.9610345
1515059594.4025588
1515059594.402589
1515059594.402599
1515059594.4026077
1515059594.402616
1515059594.4026244
1515059594.402633
1515059594.8247304
1515059594.8247607
1515059594.8247747
1515059594.8247874
1515059594.8247998
1515059594.8248165
1515059594.824859
1515059595.1809556
1515059595.180995
1515059595.1810088
1515059595.181021
1515059595.1810324
1515059595.181044
1515059595.1810555
1515059595.6563916
1515059595.6564252
1515059595.656437
1515059595.656447
1515059595.6564565
1515059595.656466
1515059595.6564755
1515059595.969713
1515059595.9697955
1515059595.9698489
1515059595.969898
1515059595.969945
1515059595.9699936
1515059595.9700406
1515059596.188118
1515059596.188151
1515059596.1881635
1515059596.1881747
1515059596.188185
1515059596.1881955
1515059596.1882057
1515059596.368802
1515059596.368834
1515059596.3688447
1515059596.368854
1515059596.3688626
1515059596.3688715
1515059596.36888
1515059596.401119