
1515059580.2468529
1515059581.263092
1515059581.263121
1515059581.2631311
1515059581.2631395
1515059581.2631483
1515059581.2631564
1515059581.2631643
1515059581.2634716
1515059581.2635581
1515059581.2636306
1515059581.2636805
1515059581.263728
1515059581.2637734
1515059581.2638187
1515059581.4877462
1515059581.487852
1515059581.4879448
1515059581.4880064
1515059581.4880614
1515059581.4881153
1515059581.488168
1515059581.7415736
1515059581.741677
1515059581.741732
1515059581.7417808
1515059581.7418287
1515059581.741875
1515059581.7419202
1515059581.975747
1515059581.9758623
1515059581.9759443
1515059581.975998
1515059581.9760509
1515059581.9760995
1515059581.976146
1515059582.2339735
1515059582.234091
1515059582.2341583
1515059582.2342167
1515059582.2342722
1515059582.2343261
1515059582.234379
1515059582.4659228
1515059582.4660664
1515059582.4661505
1515059582.466225
1515059582.4663007
1515059582.4663715
1515059582.4664402
1515059582.6935174
1515059582.6936305
1515059582.6936932
1515059582.693748
1515059582.6938002
1515059582.6938512
1515059582.6939373
1515059582.9218798
1515059582.9220686
1515059582.922154
1515059582.9222238
1515059582.9223478
1515059582.9224224
1515059582.9224892
1515059583.1469893
1515059583.1471157
1515059583.1471865
1515059583.1472507
1515059583.1473172
1515059583.1473992
1515059583.1474638
1515059583.3890748
1515059583.3891962
1515059583.3892744
1515059583.3893423
1515059583.3894083
1515059583.389506
1515059583.3895783
1515059583.6548512
1515059583.654971
1515059583.6550407
1515059583.6551013
1515059583.6551592
1515059583.6552153
1515059583.6552713
1515059584.187522
1515059584.1875567
1515059584.187621
1515059584.187642
1515059584.187658
1515059584.1876688
1515059584.1876793
1515059584.6899717
1515059584.6900065
1515059584.6900182
1515059584.6900284
1515059584.6900382
1515059584.690048
1515059584.6900573
1515059585.243392
1515059585.2434235
1515059585.2434356
1515059585.2434459
1515059585.243456
1515059585.2434657
1515059585.2434752
1515059586.0545583
1515059586.0545862
1515059586.054596
1515059586.0546048
1515059586.0546129
1515059586.0546207
1515059586.0546288
1515059586.7270777
1515059586.7271056
1515059586.7271152
1515059586.7271235
1515059586.7271316
1515059586.7271395
1515059586.7271476
1515059587.2663255
1515059587.2663534
1515059587.2663662
1515059587.266375
1515059587.2663832
1515059587.2663915
1515059587.2663994
1515059587.8164597
1515059587.8164918
1515059587.8165038
1515059587.8165138
1515059587.8165238
1515059587.8165333
1515059587.816543
1515059588.5125887
1515059588.5126228
1515059588.512635
1515059588.5126457
1515059588.512656
1515059588.5126662
1515059588.5126765
1515059588.9983552
1515059588.9983814
1515059588.9983907
1515059588.998399
1515059588.9984074
1515059588.9984155
1515059588.9984236
1515059589.5476277
1515059589.5476575
1515059589.547667
1515059589.5476756
1515059589.5476835
1515059589.5476916
1515059589.5476997
1515059590.11894
1515059590.1189702
1515059590.1189811
1515059590.1189904
1515059590.1189997
1515059590.1190088
1515059590.119018
1515059590.7339997
1515059590.7340314
1515059590.7340422
1515059590.7340517
1515059590.734061
1515059590.73407
1515059590.734079
1515059591.3664608
1515059591.3664951
1515059591.3665073
1515059591.3665178
1515059591.3665278
1515059591.3665383
1515059591.366548
1515059591.8816535
1515059591.881697
1515059591.8817086
1515059591.881719
1515059591.881729
1515059591.8817384
1515059591.8817482
1515059592.4075248
1515059592.4075522
1515059592.4075623
1515059592.4075708
1515059592.4075902
1515059592.407599
1515059592.407607
1515059592.804414
1515059592.804442
1515059592.8044517
1515059592.8044603
1515059592.8044684
1515059592.8044765
1515059592.8044844
1515059593.4263725
1515059593.42644
1515059593.4264529
1515059593.426462
1515059593.4264705
1515059593.4264803
1515059593.426489
1515059593.9319656
1515059593.931993
1515059593.9320025
1515059593.9320111
1515059593.932019
1515059593.932027
1515059593.932035
1515059594.2824247
1515059594.2824583
1515059594.2824707
1515059594.282482
1515059594.2824922
1515059594.2825024
1515059594.2825127
1515059594.5836527
1515059594.5836859
1515059594.5836992
1515059594.5837104
1515059594.5837212
1515059594.583732
1515059594.5837426
1515059594.9477396
1515059594.9477675
1515059594.947777
1515059594.9477851
1515059594.9477932
1515059594.9478014
1515059594.9478095
1515059595.3344796
1515059595.3345485
1515059595.3345683
1515059595.3345816
1515059595.3345942
1515059595.3346066
1515059595.334619
1515059595.708721
1515059595.7087467
1515059595.7087572
1515059595.7087662
1515059595.708775
1515059595.7087839
1515059595.708795
1515059595.9991696
1515059595.999194
1515059595.9992034
1515059595.9992118
1515059595.99922
1515059595.999228
1515059595.9992359