
1515059580.2615767
1515059584.6187868
1515059584.6188262
1515059584.6188433
1515059584.6188579
1515059584.618873
1515059584.6188867
1515059584.6189005
1515059585.1927915
1515059585.1928322
1515059585.1928506
1515059585.1928666
1515059585.1928818
1515059585.1928968
1515059585.192912
1515059585.5673892
1515059585.5674207
1515059585.5674334
1515059585.5674436
1515059585.5674531
1515059585.5674624
1515059585.567472
1515059586.0290878
1515059586.0291169
1515059586.029127
1515059586.0291355
1515059586.0291452
1515059586.0291538
1515059586.029162
1515059586.6139944
1515059586.6140242
1515059586.6140378
1515059586.6140494
1515059586.6140609
1515059586.6140723
1515059586.6140838
1515059587.1216562
1515059587.121681
1515059587.1216908
1515059587.1216996
1515059587.1217077
1515059587.1217158
1515059587.1217237
1515059587.6429448
1515059587.6429725
1515059587.6429822
1515059587.6429906
1515059587.6430008
1515059587.643009
1515059587.6430168
1515059588.196812
1515059588.1968524
1515059588.1968653
1515059588.1968794
1515059588.1968892
1515059588.1968973
1515059588.1969054
1515059588.9340255
1515059588.9349115
1515059588.9349303
1515059588.9349403
1515059588.934949
1515059588.9349573
1515059588.9349654
1515059589.588735
1515059589.5887623
1515059589.588772
1515059589.5887806
1515059589.5887887
1515059589.5887969
1515059589.5888047
1515059590.4661994
1515059590.4662383
1515059590.466256
1515059590.4662702
1515059590.4662833
1515059590.4662964
1515059590.4663093
1515059590.727488
1515059590.7275164
1515059590.7275264
1515059590.727535
1515059590.7275429
1515059590.727551
1515059590.7275589
1515059591.072133
1515059591.0721776
1515059591.072198
1515059591.0722156
1515059591.0722342
1515059591.0722513
1515059591.0722675
1515059591.5007253
1515059591.5007608
1515059591.5007715
1515059591.5007808
1515059591.5007896
1515059591.5007985
1515059591.5008073
1515059591.9469934
1515059591.9470253
1515059591.947035
1515059591.9470434
1515059591.9470513
1515059591.9470594
1515059591.9470673
1515059592.3462267
1515059592.3462713
1515059592.346289
1515059592.3463042
1515059592.3463194
1515059592.3463342
1515059592.346349
1515059592.7807803
1515059592.7808414
1515059592.780853
1515059592.7808614
1515059592.7808697
1515059592.780878
1515059592.7808862
1515059593.1556084
1515059593.155637
1515059593.155647
1515059593.1556551
1515059593.1556633
1515059593.1556711
1515059593.1556792
1515059593.502637
1515059593.502669
1515059593.5026793
1515059593.5026882
1515059593.5026963
1515059593.5027046
1515059593.5027132
1515059593.8903956
1515059593.8904297
1515059593.890441
1515059593.8904498
1515059593.8904579
1515059593.890466
1515059593.8904738
1515059594.185624
1515059594.18565
1515059594.1856596
1515059594.185668
1515059594.185676
1515059594.185684
1515059594.185692
1515059594.4826527
1515059594.4826803
1515059594.4826908
1515059594.4826996
1515059594.4827085
1515059594.4827173
1515059594.4827259
1515059594.8101022
1515059594.8101301
1515059594.8101406
1515059594.8101492
1515059594.8101575
1515059594.8101656
1515059594.8101737
1515059595.0853
1515059595.0853298
1515059595.085344
1515059595.0853567
1515059595.085369
1515059595.0853815
1515059595.085394
1515059595.4679804
1515059595.4680126
1515059595.4680245
1515059595.4680343
1515059595.468044
1515059595.468055
1515059595.4680645
1515059595.8492706
1515059595.849299
1515059595.849309
1515059595.8493176
1515059595.849326
1515059595.8493342
1515059595.849342
1515059595.9011874