
1515059580.2654867
1515059584.4342165
1515059584.4342518
1515059584.4342647
1515059584.4342752
1515059584.4342873
1515059584.4342976
1515059584.4343078
1515059584.980986
1515059584.9810135
1515059584.9810236
1515059584.981032
1515059584.9810398
1515059584.9810476
1515059584.9810557
1515059585.306988
1515059585.3070252
1515059585.3070385
1515059585.3070471
1515059585.307055
1515059585.307063
1515059585.3070712
1515059585.7361813
1515059585.736209
1515059585.7362187
1515059585.736227
1515059585.736236
1515059585.7362442
1515059585.736252
1515059586.0761085
1515059586.0761428
1515059586.0761526
1515059586.0761614
1515059586.0761695
1515059586.0761776
1515059586.0761857
1515059586.542793
1515059586.5428224
1515059586.5428336
1515059586.542843
1515059586.5428522
1515059586.542861
1515059586.54287
1515059587.05014
1515059587.0501726
1515059587.0501854
1515059587.0501962
1515059587.0502112
1515059587.050224
1515059587.0502367
1515059587.5170674
1515059587.5170984
1515059587.5171092
1515059587.5171177
1515059587.5171263
1515059587.5171347
1515059587.517143
1515059587.9472792
1515059587.947311
1515059587.9473245
1515059587.947334
1515059587.9473433
1515059587.9473524
1515059587.947362
1515059588.4760785
1515059588.4761095
1515059588.4761236
1515059588.476136
1515059588.4761477
1515059588.476159
1515059588.4761705
1515059588.9299006
1515059588.9300323
1515059588.9301276
1515059588.9302151
1515059588.9302986
1515059588.9303813
1515059588.930464
1515059589.3475018
1515059589.3475304
1515059589.3475401
1515059589.3475487
1515059589.3475568
1515059589.347565
1515059589.3475728
1515059589.6811564
1515059589.6811805
1515059589.6811905
1515059589.6811988
1515059589.6812093
1515059589.6812174
1515059589.6812253
1515059590.1875277
1515059590.187554
1515059590.1875634
1515059590.187572
1515059590.1875906
1515059590.1875992
1515059590.1876073
1515059590.7454443
1515059590.745468
1515059590.7454774
1515059590.7454855
1515059590.7454937
1515059590.7455015
1515059590.7455096
1515059591.2782118
1515059591.278262
1515059591.2782738
1515059591.278283
1515059591.2782924
1515059591.2783015
1515059591.2783105
1515059591.6471095
1515059591.647142
1515059591.6471574
1515059591.6471689
1515059591.6471791
1515059591.6471891
1515059591.6471994
1515059592.1398604
1515059592.1399224
1515059592.1399379
1515059592.1399505
1515059592.139963
1515059592.1399755
1515059592.139988
1515059592.7078552
1515059592.7078962
1515059592.7079084
1515059592.707917
1515059592.707928
1515059592.707936
1515059592.7079442
1515059593.1809812
1515059593.1812632
1515059593.181279
1515059593.1812882
1515059593.1812966
1515059593.1813047
1515059593.1813126
1515059593.5703633
1515059593.570389
1515059593.5703988
1515059593.5704074
1515059593.5704155
1515059593.5704234
1515059593.5704312