
1515059580.2359176
1515059584.5095885
1515059584.5096185
1515059584.509629
1515059584.5096376
1515059584.5096476
1515059584.5096557
1515059584.5096638
1515059584.9419167
1515059584.941958
1515059584.9419737
1515059584.941987
1515059584.942
1515059584.942013
1515059584.9420264
1515059585.2681606
1515059585.2681844
1515059585.2681959
1515059585.2682042
1515059585.2682126
1515059585.2682207
1515059585.2682285
1515059585.9121315
1515059585.9121563
1515059585.9121659
1515059585.9121742
1515059585.9121842
1515059585.9121923
1515059585.9122002
1515059586.2271469
1515059586.2272046
1515059586.2272234
1515059586.2272394
1515059586.2272544
1515059586.2272694
1515059586.2272847
1515059586.606999
1515059586.6070273
1515059586.6070375
1515059586.6070466
1515059586.607055
1515059586.6070633
1515059586.6070716
1515059587.008172
1515059587.0082068
1515059587.0082192
1515059587.0082297
1515059587.0082424
1515059587.0082529
1515059587.008263
1515059587.4042032
1515059587.404237
1515059587.4042473
1515059587.4042563
1515059587.4042652
1515059587.4042737
1515059587.4042823
1515059587.844766
1515059587.84479
1515059587.8448017
1515059587.8448102
1515059587.8448186
1515059587.8448267
1515059587.8448346
1515059588.28486
1515059588.284897
1515059588.2849073
1515059588.2849162
1515059588.2849243
1515059588.2849321
1515059588.28494
1515059588.752519
1515059588.7525527
1515059588.7525678
1515059588.7525787
1515059588.7525892
1515059588.7525997
1515059588.7526097
1515059589.081894
1515059589.0819209
1515059589.0819309
1515059589.0819395
1515059589.0819478
1515059589.081956
1515059589.081964
1515059589.4632707
1515059589.4633048
1515059589.4633186
1515059589.4633305
1515059589.4633431
1515059589.4633546
1515059589.4633658
1515059589.7766101
1515059589.7766416
1515059589.776653
1515059589.7766628
1515059589.7766726
1515059589.7766821
1515059589.7766917
1515059590.1607313
1515059590.1610222
1515059590.1610384
1515059590.1610477
1515059590.161056
1515059590.1610641
1515059590.161072
1515059590.5703902
1515059590.5704198
1515059590.5704296
1515059590.5704381
1515059590.5704465
1515059590.5704546
1515059590.5704627
1515059590.8737674
1515059590.8738022
1515059590.8738163
1515059590.8738286
1515059590.8738408
1515059590.8738565
1515059590.873869
1515059591.2268145
1515059591.2268443
1515059591.226855
1515059591.226864
1515059591.226873
1515059591.2268815
1515059591.2268903
1515059591.509825
1515059591.5098493
1515059591.509859
1515059591.5098674
1515059591.5098758
1515059591.5098836
1515059591.5098917
1515059591.9654615
1515059591.9655235
1515059591.965537
1515059591.9655466
1515059591.9655557
1515059591.9655645
1515059591.9655733
1515059592.3194773
1515059592.3195105
1515059592.3195205
1515059592.319529
1515059592.319537
1515059592.3195448
1515059592.319553
1515059592.697689
1515059592.6977189
1515059592.697729
1515059592.6977377
1515059592.697746
1515059592.697754
1515059592.697762
1515059593.0449884
1515059593.0473852
1515059593.047416
1515059593.0474353
1515059593.047453
1515059593.04747
1515059593.0474868
1515059593.412334
1515059593.412365
1515059593.4123745
1515059593.4123833
1515059593.4123912
1515059593.412399
1515059593.412407
1515059593.8393598
1515059593.839387
1515059593.8393967
1515059593.8394048
1515059593.839413
1515059593.8394232
1515059593.8394313
1515059594.1143014
1515059594.1143992
1515059594.1144648
1515059594.114526
1515059594.1145847
1515059594.1146436
1515059594.1147013
1515059594.4074259
1515059594.4074545
1515059594.4074643
1515059594.4074728
1515059594.407481
1515059594.407489
1515059594.407497
1515059594.6919563
1515059594.692026
1515059594.6920834
1515059594.6920938
1515059594.6921103
1515059594.6921198
1515059594.6921365
1515059595.0019455
1515059595.001971
1515059595.001981
1515059595.0019891
1515059595.0019972
1515059595.0020058
1515059595.0020156
1515059595.4039114
1515059595.4039438
1515059595.4039545
1515059595.4039805
1515059595.4039896
1515059595.4039984
1515059595.404007
1515059595.800308
1515059595.8003366
1515059595.8003469
1515059595.8003552
1515059595.8003814
1515059595.8003907
1515059595.8003988
1515059596.0849059
1515059596.08494
1515059596.0849528
1515059596.0849643
1515059596.084975
1515059596.0849857
1515059596.0849965
1515059596.1974695
1515059596.1975005
1515059596.1975148
1515059596.1975274