
1515059580.2400212
1515059580.71835
1515059580.7183847
1515059580.7183967
1515059580.7184067
1515059580.718417
1515059580.7184265
1515059580.7184358
1515059580.972651
1515059580.9726882
1515059580.972701
1515059580.9727123
1515059580.972723
1515059580.9727337
1515059580.9727445
1515059581.186926
1515059581.18696
1515059581.1869733
1515059581.1869836
1515059581.1869931
1515059581.1870027
1515059581.1870122
1515059581.4506178
1515059581.4506693
1515059581.4506874
1515059581.450703
1515059581.45072
1515059581.450735
1515059581.4507504
1515059581.766212
1515059581.766247
1515059581.76626
1515059581.766271
1515059581.766282
1515059581.766293
1515059581.766304
1515059582.0235038
1515059582.0235357
1515059582.023548
1515059582.0235581
1515059582.0235682
1515059582.0235932
1515059582.023604
1515059582.2784364
1515059582.278466
1515059582.278478
1515059582.2784882
1515059582.2785
1515059582.2785103
1515059582.2785206
1515059582.4922676
1515059582.4922922
1515059582.4923024
1515059582.492311
1515059582.4923193
1515059582.4923275
1515059582.4923358
1515059582.7414272
1515059582.7414544
1515059582.741467
1515059582.7414763
1515059582.7414856
1515059582.7414947
1515059582.7415037
1515059583.0067081
1515059583.006746
1515059583.0067601
1515059583.006773
1515059583.0067859
1515059583.0067985
1515059583.0068111
1515059583.2245553
1515059583.2245922
1515059583.224607
1515059583.22462
1515059583.2246325
1515059583.224645
1515059583.2246575
1515059583.4663043
1515059583.4664075
1515059583.466479
1515059583.4665508
1515059583.4666166
1515059583.466681
1515059583.4667456
1515059583.9751492
1515059583.9751966
1515059583.9752142
1515059583.9752302
1515059583.9752488
1515059583.9752636
1515059583.9752781
1515059584.466639
1515059584.4666681
1515059584.466678
1515059584.4666865
1515059584.4666946
1515059584.4667027
1515059584.4667108
1515059585.3366532
1515059585.3366792
1515059585.336689
1515059585.3366973
1515059585.336706
1515059585.336714
1515059585.3367221
1515059585.8880486
1515059585.8880804
1515059585.8880908
1515059585.8881
1515059585.8881087
1515059585.888117
1515059585.8881254
1515059586.5040536
1515059586.5040874
1515059586.5041008
1515059586.5041118
1515059586.5041223
1515059586.5041356
1515059586.504146
1515059587.1096246
1515059587.1096473
1515059587.109657
1515059587.1096654
1515059587.1096737
1515059587.109682
1515059587.1096902
1515059587.6827812
1515059587.6828072
1515059587.682817
1515059587.6828253
1515059587.682834
1515059587.682842
1515059587.6828504
1515059588.2606547
1515059588.260684
1515059588.260694
1515059588.2607026
1515059588.2607112
1515059588.2607198
1515059588.2607284
1515059588.844332
1515059588.8443606
1515059588.844371
1515059588.8443794
1515059588.8443878
1515059588.8443959
1515059588.844404
1515059589.2907503
1515059589.2917254
1515059589.2917435
1515059589.291753
1515059589.2917614
1515059589.2917697
1515059589.2917778
1515059589.6619294
1515059589.6619613
1515059589.6619732
1515059589.6619833
1515059589.6619933
1515059589.662003
1515059589.662013
1515059590.2211537
1515059590.2214363
1515059590.2214522
1515059590.2214618
1515059590.22147
1515059590.2214782
1515059590.2214863
1515059590.8352628
1515059590.8353043
1515059590.8353157
1515059590.8353248
1515059590.835333
1515059590.8353446
1515059590.8353527
1515059591.5126328
1515059591.5126605
1515059591.5126715
1515059591.5126808
1515059591.5126896
1515059591.5126984
1515059591.5127072
1515059592.12703
1515059592.127067
1515059592.1270814
1515059592.127094
1515059592.1271064
1515059592.127119
1515059592.127132
1515059592.7406383
1515059592.7406626
1515059592.7406728
1515059592.740682
1515059592.7406902
1515059592.7406988
1515059592.7407072
1515059593.3330755
1515059593.3331118
1515059593.3331256
1515059593.3331378
1515059593.3331492
1515059593.3331623
1515059593.3331742
1515059593.6248376
1515059593.6249144
1515059593.6249344
1515059593.6249511
1515059593.6249669