
1515059580.2669802
1515059584.4728324
1515059584.4728732
1515059584.472889
1515059584.4729028
1515059584.472918
1515059584.4729311
1515059584.4729443
1515059585.0575724
1515059585.0576077
1515059585.057622
1515059585.0576346
1515059585.057647
1515059585.057659
1515059585.0576708
1515059585.8253002
1515059585.8253374
1515059585.8253498
1515059585.8253586
1515059585.8253665
1515059585.8253744
1515059585.8253825
1515059586.4740272
1515059586.4756947
1515059586.475727
1515059586.4757416
1515059586.4757562
1515059586.4757686
1515059586.475781
1515059587.1083367
1515059587.1083698
1515059587.1083832
1515059587.1083944
1515059587.1084054
1515059587.108416
1515059587.1084268
1515059587.6972704
1515059587.6973004
1515059587.6973114
1515059587.6973214
1515059587.697331
1515059587.6973403
1515059587.6973534
1515059588.268866
1515059588.2688892
1515059588.268899
1515059588.2689073
1515059588.268917
1515059588.2689252
1515059588.2689335
1515059588.919102
1515059588.921301
1515059588.9213777
1515059588.9214468
1515059588.9215097
1515059588.9215708
1515059588.9216726
1515059589.5019865
1515059589.5020118
1515059589.5020256
1515059589.5020356
1515059589.502045
1515059589.502054
1515059589.502063
1515059590.217054
1515059590.217083
1515059590.2170937
1515059590.2171035
1515059590.2171128
1515059590.217122
1515059590.217131
1515059590.7992508
1515059590.799296
1515059590.799319
1515059590.799337
1515059590.799354
1515059590.7993705
1515059590.7993865
1515059591.4775767
1515059591.4776092
1515059591.4776201
1515059591.4776301
1515059591.4776392
1515059591.4776487
1515059591.477658
1515059592.1475644
1515059592.147631
1515059592.1476448
1515059592.1476574
1515059592.147673
1515059592.147685
1515059592.1476972
1515059592.78196
1515059592.781983
1515059592.781993
1515059592.7820015
1515059592.7820098
1515059592.7820182
1515059592.782026
1515059593.3940644
1515059593.394092
1515059593.3941016
1515059593.3941097
1515059593.394118
1515059593.3941264
1515059593.3941343
1515059593.9135394
1515059593.913574
1515059593.9135854
1515059593.9135952
1515059593.9136047
1515059593.913614
1515059593.913623
1515059594.3613994
1515059594.3614357
1515059594.3614457
1515059594.361454
1515059594.3614624
1515059594.3614702
1515059594.3614783
1515059594.8207257
1515059594.820751
1515059594.820761
1515059594.820769
1515059594.8207772
1515059594.820785
1515059594.820793
1515059595.2060692
1515059595.2060962
1515059595.2061057
1515059595.2061138
1515059595.2061224
1515059595.2061305
1515059595.2061386
1515059595.6859767
1515059595.686005
1515059595.686016
1515059595.6860259
1515059595.6860352
1515059595.6860447
1515059595.6860538
1515059596.0414681
1515059596.0414906
1515059596.0415006
1515059596.0415087
1515059596.0415165
1515059596.0415246
1515059596.0415325
1515059596.2464068
1515059596.2464366
1515059596.2464473
1515059596.2464566
1515059596.2464652
1515059596.2464738
1515059596.2464824
1515059596.429522
1515059596.42955
1515059596.4295616
1515059596.4295719
1515059596.4295816
1515059596.4295914
1515059596.429601
1515059596.6283805
1515059596.6284149
1515059596.6284258
1515059596.6284354
1515059596.6284447
1515059596.6284542
1515059596.6284635
1515059596.7985556
1515059596.7985842
1515059596.798594
1515059596.798603
1515059596.7986116
1515059596.7986217
1515059596.7986302
1515059596.9198167
1515059596.9198596
1515059596.9198775
1515059596.9199224