
1515059580.2364588
1515059584.5289767
1515059584.5290082
1515059584.5290184
1515059584.529027
1515059584.5290356
1515059584.5290437
1515059584.5290518
1515059585.2590802
1515059585.2591052
1515059585.259115
1515059585.2591228
1515059585.259131
1515059585.259139
1515059585.259147
1515059585.8697386
1515059585.869767
1515059585.8697789
1515059585.8697877
1515059585.8697963
1515059585.869808
1515059585.8698165
1515059586.6399608
1515059586.639999
1515059586.6400123
1515059586.6400244
1515059586.6400378
1515059586.6400492
1515059586.6400604
1515059587.3560588
1515059587.3561075
1515059587.35612
1515059587.3561308
1515059587.3561416
1515059587.3561954
1515059587.356212
1515059587.9690073
1515059587.9690366
1515059587.9690466
1515059587.969055
1515059587.969063
1515059587.969071
1515059587.9690788
1515059588.6255424
1515059588.6255689
1515059588.6255796
1515059588.6255884
1515059588.6255996
1515059588.6256084
1515059588.6256173
1515059589.4019024
1515059589.401942
1515059589.4019582
1515059589.4019728
1515059589.4019873
1515059589.4020016
1515059589.4020157
1515059590.0247762
1515059590.0248036
1515059590.024815
1515059590.0248237
1515059590.024832
1515059590.0248399
1515059590.0248477
1515059590.5962927
1515059590.5963264
1515059590.5963588
1515059590.5963736
1515059590.596387
1515059590.5964005
1515059590.5964136
1515059591.2410305
1515059591.2410553
1515059591.241066
1515059591.2410746
1515059591.2410831
1515059591.2410913
1515059591.2410994
1515059591.699263
1515059591.6992939
1515059591.699306
1515059591.6993163
1515059591.6993258
1515059591.6993356
1515059591.6993454
1515059592.20585
1515059592.2058766
1515059592.2058861
1515059592.2058945
1515059592.2059035
1515059592.2059119
1515059592.20592
1515059592.727401
1515059592.7274373
1515059592.7274504
1515059592.7274618
1515059592.7274728
1515059592.7274837
1515059592.7274945
1515059593.3456461
1515059593.3456857
1515059593.3456967
1515059593.3457062
1515059593.3457155
1515059593.345725
1515059593.3457344
1515059593.8004525
1515059593.8004906
1515059593.8005018
1515059593.8005116
1515059593.800521
1515059593.8005304
1515059593.8005395
1515059594.138772
1515059594.1387997
1515059594.1388104
1515059594.1388187
1515059594.1388268
1515059594.138835
1515059594.1388428
1515059594.5177124
1515059594.5177412
1515059594.5177515
1515059594.5177598
1515059594.517768
1515059594.5177758
1515059594.5177839
1515059594.9855146
1515059594.985545
1515059594.985572
1515059594.985585
1515059594.9855974
1515059594.9856095
1515059594.9856222
1515059595.4474266
1515059595.4474626
1515059595.4474747
1515059595.447485
1515059595.4474955
1515059595.447506
1515059595.4475162
1515059595.9022696
1515059595.9023404
1515059595.9023921
1515059595.9024403
1515059595.9024866
1515059595.9025326
1515059595.9025786
1515059596.1305716
1515059596.130617
1515059596.1306326
1515059596.1306465
1515059596.1306593
1515059596.130672
1515059596.1306846
1515059596.2472641
1515059596.247292
1515059596.2473054
1515059596.2473176