
1515079377.4733825
1515079380.307776
1515079380.307807
1515079380.3078272
1515079380.3078377
1515079380.3078532
1515079380.3078625
1515079380.307877
1515079380.3078861
1515079380.3083205
1515079380.308422
1515079382.6163645
1515079382.6163905
1515079382.6164076
1515079382.6164162
1515079382.6164296
1515079382.616438
1515079382.6164525
1515079382.6164606
1515079382.617897
1515079382.618
1515079387.173724
1515079387.1737509
1515079388.5471723
1515079388.5472143
1515079390.9201555
1515079390.9202907
1515079392.424245
1515079392.4243722
1515079393.97975
1515079393.9797838
1515079395.3635998
1515079395.3636277
1515079397.0056624
1515079397.005688
1515079398.738202
1515079398.7386217
1515079400.4414594
1515079400.4415736
1515079402.1097174
1515079402.109792
1515079403.5623484
1515079403.5623755
1515079405.8724341
1515079405.8724666
1515079406.852738
1515079408.8681445
1515079408.8681734
1515079410.102549
1515079410.1025896
1515079411.7985103
1515079411.7985368
1515079412.9848595
1515079412.9848933
1515079414.2006235
1515079414.2009697
1515079415.3703098
1515079415.3703544
1515079416.4469795
1515079416.4470103
1515079417.2192502
1515079417.2192762
1515079418.9956937
1515079418.995962
1515079420.2623804
1515079420.2624083
1515079421.2408786
1515079421.240948
1515079422.1959398
1515079422.195967
1515079423.5208504
1515079423.5208707
1515079424.9096432
1515079424.909667
1515079426.1063175
1515079426.1064353
1515079427.4676437
1515079427.467921
1515079428.3100984
1515079428.3101265
1515079429.3683887
1515079429.3684175
1515079430.2166855
1515079430.2167132
1515079431.3638387
1515079431.363958
1515079432.4928777
1515079432.4929054
1515079433.7977421
1515079433.7981567
1515079434.797581
1515079434.7976053
1515079436.220228
1515079436.2202647
1515079437.3175068
1515079437.3175375
1515079438.2991672
1515079438.2991943
1515079439.6672573
1515079439.6672862
1515079440.7496543
1515079440.7496817
1515079442.0616772
1515079442.0617056
1515079443.400802
1515079443.401272
1515079444.3209448
1515079444.3209705
1515079445.4362373
1515079445.4564571
1515079446.5590837
1515079446.5591085
1515079447.566241
1515079447.5662718
1515079449.1824372
1515079449.1824782
1515079449.9679415
1515079449.9679725
1515079451.1701462
1515079451.1701744
1515079452.3729012
1515079452.3729262
1515079453.7881532
1515079453.7881858
1515079455.0127656
1515079455.0134807
1515079456.4141014
1515079456.4141436
1515079458.0672083
1515079458.0672436
1515079459.1868653
1515079459.1868958
1515079460.3624341
1515079460.3629282
1515079461.389242
1515079461.3892698
1515079462.793759
1515079462.79379
1515079463.960678
1515079463.9610605
1515079465.48221
1515079465.4823124
1515079467.2033925
1515079467.2034159
1515079468.542302
1515079468.5423284
1515079470.5954008
1515079470.5957496
1515079472.4321513
1515079472.4321759
1515079474.4186587
1515079474.4186928
1515079475.4630802
1515079475.4634728
1515079476.6085901
1515079476.6089034
1515079477.4870367
1515079477.487078
1515079478.4456763
1515079478.4460776
1515079479.5799043
1515079479.5799353
1515079480.5749063
1515079480.5749345
1515079481.8251586
1515079481.8254647
1515079482.969759
1515079482.9697857
1515079483.9778075
1515079483.9778461
1515079484.9366589
1515079484.9366825
1515079485.8255324
1515079485.8255596
1515079486.6801026
1515079486.6801305
1515079488.020698
1515079488.02072
1515079488.7577434
1515079488.757768
1515079489.4682426
1515079489.4682715
1515079490.353547
1515079490.354321
1515079491.16788
1515079491.1685114
1515079492.028308
1515079492.0283349
1515079492.759184
1515079492.7592344
1515079493.835666
1515079493.8378003
1515079494.552521
1515079494.552552
1515079495.3965952
1515079495.396626
1515079496.3528516
1515079496.3528774
1515079497.16297
1515079497.163536