
1515079377.50922
1515079386.7599769
1515079386.7600083
1515079388.2998867
1515079388.2999141
1515079389.7044497
1515079389.7044733
1515079391.0694373
1515079391.0700758
1515079392.1309712
1515079392.1312783
1515079393.4971378
1515079393.4971662
1515079394.7517233
1515079394.751758
1515079395.821195
1515079395.8212461
1515079396.6935124
1515079396.693844
1515079397.4512548
1515079397.4516146
1515079398.4106374
1515079398.4106646
1515079400.0049634
1515079400.0050144
1515079400.9219453
1515079400.9222224
1515079402.128893
1515079402.1289167
1515079403.4627695
1515079403.4627976
1515079405.140349
1515079405.1404014
1515079406.537268
1515079406.5372953
1515079407.9433124
1515079407.9433596
1515079409.39001
1515079409.3903618
1515079411.028757
1515079411.0474412
1515079412.8757339
1515079412.8757558
1515079414.4671
1515079414.467136
1515079415.8061755
1515079415.806492
1515079416.9717312
1515079416.971774
1515079418.7665613
1515079418.7668555
1515079419.7819977
1515079419.7820942
1515079420.769999
1515079420.7700331
1515079422.0600157
1515079422.060056
1515079423.279448
1515079423.279475
1515079424.381007
1515079424.3810346
1515079425.6750596
1515079425.675831
1515079426.9210432
1515079426.921078
1515079427.7787166
1515079427.778809
1515079428.960513
1515079428.9605408
1515079430.0283873
1515079430.028419
1515079431.2223446
1515079431.222469
1515079432.5907981
1515079432.5908265
1515079434.0602465
1515079434.060269
1515079435.138392
1515079435.1384213
1515079436.5259984
1515079436.5264208
1515079437.9020252
1515079437.9020526
1515079439.545472
1515079439.5454993
1515079440.5857313
1515079440.5857594
1515079442.0622172
1515079442.0622494
1515079443.3002322
1515079443.3002648
1515079444.3019588
1515079444.301989
1515079445.5364127
1515079445.5366976
1515079446.8464987
1515079446.8465385
1515079448.106077
1515079448.106462
1515079449.4084303
1515079449.4085226
1515079451.255836
1515079451.2574537
1515079452.9335139
1515079452.9335501
1515079454.3332343
1515079454.3333259
1515079455.6089334
1515079455.6089637
1515079456.7169383
1515079456.716963
1515079458.3453462
1515079458.3457727
1515079459.644843
1515079459.6448777
1515079461.031489
1515079461.0315154
1515079462.2733784
1515079462.273406
1515079463.616517
1515079463.6170278
1515079465.2396755
1515079465.2397
1515079466.4410012
1515079466.4412782
1515079467.6137161
1515079467.613744
1515079468.8003132
1515079468.8003573
1515079469.7363162
1515079469.736637
1515079470.8017468
1515079470.802409
1515079471.9362597
1515079471.9362874
1515079472.8418956
1515079472.842431
1515079473.959237
1515079473.9592688
1515079475.270328
1515079475.2704024
1515079476.6844149
1515079476.6844423
1515079478.125837
1515079478.125884
1515079479.7754643
1515079479.7754912
1515079480.8108091
1515079480.810843
1515079481.562676
1515079481.5629992
1515079482.1750069
1515079482.1754467
1515079482.9401832
1515079482.940643
1515079483.6443405
1515079483.6443686
1515079484.3902266
1515079484.3905315
1515079485.2335036
1515079485.2335415
1515079486.1760774
1515079486.178069
1515079486.7963073
1515079486.7963355
1515079488.0259337
1515079488.0264595
1515079488.9303114
1515079488.9303489
1515079490.0598452
1515079490.0598717
1515079491.1307585
1515079491.1310945
1515079492.2524774
1515079492.252506
1515079493.0944495
1515079493.0945776
1515079494.074455
1515079494.0783055
1515079495.1031375
1515079495.103166
1515079495.7332582
1515079495.7332852
1515079496.6479025
1515079496.6479392
1515079497.456515
1515079497.4565403
1515079498.2782226
1515079498.2792466
1515079498.636213
1515079498.6362386
1515079499.0753736
1515079499.0754106
1515079499.495991
1515079499.497917
1515079500.2429972
1515079500.2430289
1515079501.125899
1515079501.1259308
1515079501.6500173
1515079501.650059
1515079502.659189
1515079502.6592243
1515079503.3190515
1515079503.319146
1515079503.6701026