
1515079377.4596474
1515079387.8964038
1515079387.8964424
1515079389.6957948
1515079389.696082
1515079391.3246677
1515079391.3249443
1515079392.4200952
1515079392.420123
1515079393.8447802
1515079393.8448174
1515079395.3183372
1515079395.3183768
1515079396.9657803
1515079396.9658122
1515079398.69908
1515079398.6991022
1515079400.3294103
1515079400.3294666
1515079401.7199812
1515079401.7200093
1515079402.9442606
1515079402.9443028
1515079403.9641848
1515079403.9642131
1515079405.338725
1515079405.3387601
1515079406.6192856
1515079406.6193218
1515079407.9562461
1515079407.956316
1515079409.2699754
1515079409.2700775
1515079410.4745138
1515079410.4745395
1515079411.7481444
1515079411.7481709
1515079412.769525
1515079412.7695684
1515079414.0726206
1515079414.080903
1515079415.5424614
1515079415.5425067
1515079416.679146
1515079416.6791737
1515079417.3224092
1515079417.3224368
1515079418.9139652
1515079418.9142642
1515079420.4584055
1515079420.4584386
1515079421.9672842
1515079421.9822562
1515079423.3283381
1515079423.328366
1515079424.8031592
1515079424.803199
1515079425.8711095
1515079425.8712246
1515079427.5418196
1515079427.5418465
1515079428.6708877
1515079428.6709096
1515079429.7677343
1515079429.7677743
1515079431.136889
1515079431.1398048
1515079432.006764
1515079432.006808
1515079433.04056
1515079433.040582
1515079434.3185213
1515079434.3185616
1515079435.225612
1515079435.2256398
1515079436.392502
1515079436.3925805
1515079437.6060028
1515079437.6060302
1515079438.5400293
1515079438.5400736
1515079439.7092772
1515079439.7093043
1515079440.697658
1515079440.697687
1515079442.078543
1515079442.078876
1515079443.6880102
1515079443.68831
1515079445.093536
1515079445.093569
1515079446.4767418
1515079446.4767702
1515079447.701578
1515079447.7026484
1515079449.2337542
1515079449.233805
1515079450.1579328
1515079450.1579661
1515079451.5047987
1515079451.5048265
1515079452.9253306
1515079452.9253619
1515079454.2758906
1515079454.2759273
1515079456.128756
1515079456.1287801
1515079457.719477
1515079457.7195039
1515079459.4850228
1515079459.485057
1515079461.0321658
1515079461.0322127
1515079462.2889738
1515079462.2889972
1515079463.6656792
1515079463.6657038
1515079465.326088
1515079465.3261127
1515079466.6314847
1515079466.6315305
1515079468.0577643
1515079468.0577903
1515079469.5285182
1515079469.5285907
1515079470.7759273
1515079470.7759585
1515079472.096398
1515079472.0964363
1515079473.4072278
1515079473.4072554
1515079475.1271424
1515079475.1271698
1515079476.597755
1515079476.5982316
1515079478.0625863
1515079478.0626311
1515079479.3019974
1515079479.3023312
1515079480.4429529
1515079480.4429855
1515079481.9873612
1515079481.9873972
1515079483.8863645
1515079483.8864086
1515079485.3959856
1515079485.3962677
1515079486.6933894
1515079486.6934128
1515079488.072725
1515079488.0727665
1515079489.8168728
1515079489.8169115
1515079491.1501114
1515079491.1501386
1515079492.4160595
1515079492.4160874
1515079493.3874881
1515079493.3884888
1515079494.185738
1515079494.1857798
1515079495.3145626
1515079495.3145905
1515079496.3346844
1515079496.3347118
1515079497.3332193
1515079497.3332446
1515079500.2663765
1515079500.2664142
1515079501.606974
1515079501.607001
1515079502.6802764
1515079502.680303
1515079503.6100717
1515079503.610102
1515079504.0046923
1515079504.0047464
1515079504.5198176
1515079504.5198417
1515079505.2190094
1515079505.2190316
1515079505.8261294
1515079505.8261585
1515079506.2939677
1515079506.2940667
1515079506.831362
1515079506.8313966
1515079507.4926012
1515079507.4926403
1515079507.8309238
1515079507.830952
1515079508.0564766