
1515079377.4694333
1515079386.8391695
1515079386.8392057
1515079388.5866952
1515079388.586979
1515079390.3970394
1515079390.3970666
1515079392.261583
1515079392.2616298
1515079394.0504303
1515079394.0504663
1515079395.818794
1515079395.821964
1515079397.0446036
1515079397.0446355
1515079398.4244235
1515079398.4246974
1515079400.1763895
1515079400.1764889
1515079401.7804677
1515079401.7804935
1515079403.3353703
1515079403.3500078
1515079404.2828157
1515079404.2828622
1515079405.1243503
1515079405.124374
1515079406.4354131
1515079406.4357424
1515079407.8667405
1515079407.8671556
1515079409.2874472
1515079409.287522
1515079410.5873275
1515079410.587399
1515079411.8450127
1515079411.8450408
1515079412.896232
1515079412.8963525
1515079413.9490097
1515079413.949052
1515079415.486725
1515079415.486763
1515079416.7844174
1515079416.7852304
1515079417.5008686
1515079417.500898
1515079418.9520388
1515079418.9520743
1515079420.378692
1515079420.3787189
1515079421.963675
1515079421.9637103
1515079423.6728475
1515079423.6728797
1515079425.6135838
1515079425.6136098
1515079426.9725063
1515079426.9725444
1515079427.9225447
1515079427.9226465
1515079429.5736651
1515079429.573693
1515079430.6049943
1515079430.6052876
1515079431.8619022
1515079431.8619964
1515079432.9654448
1515079432.9654887
1515079434.3310199
1515079434.3313174
1515079435.4332836
1515079435.4333103
1515079436.4180071
1515079436.4182837
1515079437.6843271
1515079437.6846395
1515079438.7765179
1515079438.7765577
1515079439.9649668
1515079439.9650586
1515079441.5102222
1515079441.5102496
1515079442.5248823
1515079442.5249174
1515079443.7813518
1515079443.7816677
1515079445.5046613
1515079445.5046985
1515079447.1589453
1515079447.1589727
1515079449.3043842
1515079449.3044116
1515079451.0370007
1515079451.0370405
1515079452.443421
1515079452.4434464
1515079453.8274205
1515079453.8274605
1515079455.337627
1515079455.3380406
1515079457.6067426
1515079457.6067693
1515079458.5821407
1515079458.5822089
1515079460.122804
1515079460.1228306
1515079461.3305728
1515079461.3312147
1515079463.3435447
1515079463.3436816
1515079464.6504626
1515079464.6504834
1515079465.7217166
1515079465.7217593
1515079467.2586486
1515079467.2586746
1515079468.1978128
1515079468.197867
1515079469.3596947
1515079469.3597758
1515079471.1902509
1515079471.1902754
1515079472.848331
1515079472.848443
1515079475.0944562
1515079475.094486
1515079476.9591017
1515079476.9591382
1515079478.6842897
1515079478.68454
1515079480.3423328
1515079480.3423653
1515079481.8720353
1515079481.872072
1515079483.6880064
1515079483.6880848
1515079485.3527174
1515079485.3527513
1515079486.633268
1515079486.634385
1515079488.1252613
1515079488.12529
1515079489.2399545
1515079489.2403002
1515079490.4456682
1515079490.4457438
1515079491.3411868
1515079491.341228
1515079492.5271993
1515079492.5272267
1515079493.8643181
1515079493.8643544
1515079495.1654158
1515079495.1654606
1515079496.1257093
1515079496.1257377
1515079497.1125813
1515079497.1142876
1515079501.5636275
1515079501.563654
1515079502.694023
1515079502.6940484
1515079503.8495455
1515079503.849581
1515079504.5017688
1515079504.5017958
1515079505.2070832
1515079505.207135
1515079505.8554409
1515079505.8554673
1515079506.3364005
1515079506.3364275
1515079506.8220081
1515079506.822043
1515079507.297932
1515079507.2979634
1515079507.7498755
1515079507.749915
1515079508.2002373
1515079508.2002606
1515079508.5993237
1515079508.5994143
1515079508.9332464
1515079508.9332833
1515079509.3494813
1515079509.349507
1515079509.724366
1515079509.724403
1515079510.1240728
1515079510.1241052
1515079510.4773753
1515079510.4774075
1515079510.6480486