
1515079377.4668314
1515079380.2375445
1515079380.2375731
1515079380.237591
1515079380.2376
1515079380.2376144
1515079380.2376227
1515079380.237636
1515079380.237644
1515079380.2384245
1515079380.238526
1515079382.423919
1515079382.4250538
1515079382.4250827
1515079382.4250932
1515079382.4251082
1515079382.4251168
1515079382.425132
1515079382.4251401
1515079382.426531
1515079382.4266176
1515079385.19114
1515079385.1912014
1515079386.2029216
1515079386.2029593
1515079386.9021316
1515079386.9021676
1515079387.5521116
1515079387.552141
1515079388.163759
1515079388.1638374
1515079388.8693345
1515079388.8693645
1515079389.6576262
1515079389.6576574
1515079390.2649655
1515079390.2650464
1515079390.90398
1515079390.904019
1515079391.5924642
1515079391.5928714
1515079392.1431525
1515079392.1431773
1515079393.0508566
1515079393.0508852
1515079393.991145
1515079393.9911697
1515079394.4414873
1515079395.8691761
1515079395.8692014
1515079397.119139
1515079397.119172
1515079398.1282885
1515079398.1286275
1515079398.8575091
1515079398.8575444
1515079400.0636945
1515079400.0637221
1515079401.245396
1515079401.2474015
1515079402.2599354
1515079402.2599676
1515079403.4608397
1515079403.4608634
1515079404.9072459
1515079404.9072733
1515079406.2275743
1515079406.2276464
1515079407.4662235
1515079407.4662516
1515079408.4485073
1515079408.4485383
1515079409.476464
1515079409.4773529
1515079410.85492
1515079410.8549435
1515079412.3483732
1515079412.34845
1515079413.881757
1515079413.8817909
1515079415.319971
1515079415.3199995
1515079416.6461003
1515079416.6461277
1515079417.3748
1515079417.3748758
1515079419.1772654
1515079419.1772926
1515079420.6198878
1515079420.619912
1515079422.1485775
1515079422.1488922
1515079423.6161993
1515079423.6162353
1515079424.9076443
1515079424.907666
1515079425.946746
1515079425.9467726
1515079427.3120556
1515079427.3120837
1515079428.0626934
1515079428.062971
1515079429.2103708
1515079429.2103996
1515079432.706371
1515079432.7064776
1515079434.3512814
1515079434.351392
1515079435.8905268
1515079435.8905542
1515079437.1891327
1515079437.1895092
1515079438.1332896
1515079438.1333134
1515079439.1886895
1515079439.1887174
1515079439.9070115
1515079439.907115
1515079440.9326425
1515079440.9326715
1515079442.098432
1515079442.0984552
1515079442.9680371
1515079442.9680595
1515079444.1740847
1515079444.1741116
1515079445.1972508
1515079445.1972854
1515079445.8613632
1515079445.861473
1515079446.9299176
1515079446.92995
1515079447.7351198
1515079447.7351537
1515079448.7309103
1515079448.7309387
1515079449.4089296
1515079449.4089572
1515079450.4219294
1515079450.4219592
1515079451.2361705
1515079451.2361982
1515079452.2600434
1515079452.2600713
1515079453.2687507
1515079453.2687812
1515079454.0992033
1515079454.099255
1515079455.319122
1515079455.3191502
1515079456.4791298
1515079456.4795933
1515079457.9491181
1515079457.9491417
1515079459.058413
1515079459.0584426
1515079460.087639
1515079460.0876663
1515079461.244406
1515079461.2448845
1515079463.1376462
1515079463.1382353
1515079463.923471
1515079463.9235463
1515079465.1952722
1515079465.1952965
1515079466.0387263
1515079466.0387592
1515079466.9569113
1515079466.9569387
1515079467.829187
1515079467.8292134
1515079468.9770384
1515079468.9774194
1515079470.0085928
1515079470.0088835
1515079471.173077
1515079471.173107
1515079472.4165497
1515079472.4166243
1515079473.6555688
1515079473.6556008
1515079474.7875686
1515079474.7876017
1515079475.8973014
1515079475.8973289
1515079476.9856813
1515079476.9857085
1515079478.187817
1515079478.1878526
1515079479.3146133
1515079479.3146434
1515079480.525443
1515079480.5254707
1515079481.7734046
1515079481.7742188
1515079482.9534256
1515079482.9534473
1515079484.023836
1515079484.0238662
1515079485.0509844
1515079485.0540934
1515079486.0293562
1515079486.0296721
1515079486.869608
1515079486.8696306
1515079487.8299172
1515079487.831922
1515079488.745022
1515079488.7453136
1515079489.8190296
1515079489.8190522
1515079491.146022
1515079491.1460972
1515079492.6078236
1515079492.6078498
1515079493.6530416
1515079493.6530688
1515079494.5793307
1515079494.5793824
1515079495.1806653
1515079500.6051712
1515079500.6052096
1515079501.5907848
1515079501.5908113
1515079502.4843972
1515079502.484426
1515079502.895523
1515079502.8955696
1515079503.8177955
1515079503.8178282
1515079504.4827719
1515079504.4828026
1515079505.175537
1515079505.1755695
1515079505.8224218
1515079505.822818
1515079506.2666123
1515079506.2666965
1515079506.7968855
1515079506.796914
1515079507.2996888
1515079507.299711
1515079507.7283487
1515079507.7283828
1515079508.1715462
1515079508.171576
1515079508.5683658
1515079508.5684104
1515079508.9241834
1515079508.9242132
1515079509.3112895
1515079509.3113863
1515079509.6884313
1515079509.688461