
1515079377.4572349
1515079386.35311
1515079386.353144
1515079387.7299087
1515079387.7299497
1515079388.6743755
1515079388.6747155
1515079390.0739174
1515079390.0739498
1515079391.6403377
1515079391.6408515
1515079392.234998
1515079392.2350345
1515079392.8737323
1515079392.8737602
1515079393.6337926
1515079393.6338215
1515079395.0621119
1515079395.0621588
1515079396.2568402
1515079396.2568736
1515079397.3567815
1515079397.3568068
1515079398.696333
1515079398.6963577
1515079399.4622476
1515079400.4910715
1515079400.4913664
1515079401.7205923
1515079401.7206132
1515079403.396197
1515079403.3964674
1515079405.220749
1515079405.2207894
1515079406.8727326
1515079406.8727582
1515079409.3459835
1515079409.3460238
1515079411.1195147
1515079411.119551
1515079412.4118237
1515079412.4118464
1515079413.4353232
1515079413.4354172
1515079414.2983282
1515079414.2983558
1515079415.3780034
1515079415.3789344
1515079416.5741794
1515079416.5747907
1515079417.9954112
1515079417.995441
1515079419.362059
1515079419.3621776
1515079420.5960374
1515079420.5965903
1515079421.914436
1515079421.9144635
1515079423.261265
1515079423.2613099
1515079424.633991
1515079424.634018
1515079425.902442
1515079425.902769
1515079427.2136767
1515079427.2145913
1515079428.2107587
1515079428.210796
1515079429.8164904
1515079429.8165183
1515079430.8018024
1515079430.8018959
1515079431.9498537
1515079431.9498925
1515079433.0339615
1515079433.0339897
1515079434.7368262
1515079434.736853
1515079436.2637172
1515079436.2638113
1515079437.672583
1515079437.6726096
1515079439.2472842
1515079439.2473223
1515079440.2300997
1515079440.230205
1515079442.0878232
1515079442.087846
1515079444.0936055
1515079444.0936434
1515079445.5200174
1515079445.5203311
1515079446.7928352
1515079446.792885
1515079447.814481
1515079447.8145804
1515079449.3669941
1515079449.3670256
1515079450.9528475
1515079450.9528847
1515079452.3808815
1515079452.3809125
1515079453.607
1515079453.6074226
1515079454.5752406
1515079454.575272
1515079455.6570225
1515079455.657052
1515079456.689335
1515079456.6893735
1515079457.9045198
1515079457.904547
1515079458.6749964
1515079458.6750877
1515079459.8232021
1515079459.8232422
1515079461.013318
1515079461.013356
1515079462.0106585
1515079462.0106912
1515079463.3911803
1515079463.391253
1515079464.304472
1515079464.3045068
1515079465.424692
1515079465.4247332
1515079466.7295895
1515079466.7306054
1515079467.7819352
1515079467.7819772
1515079468.9582982
1515079468.9583356
1515079469.9793792
1515079469.9798095
1515079470.8803568
1515079470.8803964
1515079472.202119
1515079472.2021465
1515079473.4734247
1515079473.4734628
1515079475.3263037
1515079475.3263297
1515079476.914715
1515079476.9147432
1515079478.2496219
1515079478.2496636
1515079479.6600924
1515079479.660432
1515079481.0080614
1515079481.008408
1515079482.3293717
1515079482.3296735
1515079483.8026888
1515079483.8027172
1515079484.893935
1515079484.8942604
1515079485.8852668
1515079485.8852937
1515079486.8304179
1515079486.8308344
1515079487.9756033
1515079487.975631
1515079489.0838704
1515079489.0838988
1515079490.0212271
1515079490.021264
1515079490.9549806
1515079490.955008
1515079491.9946742
1515079491.9976854
1515079492.9235234
1515079492.923551
1515079494.0148003
1515079494.0148418
1515079495.173535
1515079495.1735609
1515079496.2918193
1515079496.2918553
1515079497.3846939
1515079497.3847206
1515079500.2391694
1515079500.2392232
1515079501.5696368
1515079501.5696669
1515079502.641893
1515079502.6419294
1515079503.8215156
1515079503.8215384
1515079504.4884307
1515079504.4884534
1515079505.1905844
1515079505.190617
1515079505.829995
1515079505.830022
1515079506.0118885