
1515079377.4897602
1515079386.625077
1515079386.6251116
1515079388.39483
1515079388.3952122
1515079390.2434692
1515079390.2435424
1515079392.208332
1515079392.2083585
1515079394.0207462
1515079394.0207818
1515079395.0481908
1515079395.048218
1515079395.9071715
1515079395.9075048
1515079396.9683046
1515079396.9683268
1515079397.9299238
1515079397.9299555
1515079398.9264805
1515079398.9265184
1515079400.1409616
1515079400.1410363
1515079401.006822
1515079401.0073893
1515079402.1293046
1515079402.1293283
1515079403.1855345
1515079403.1856232
1515079404.1811311
1515079404.1811697
1515079405.2817678
1515079405.2818022
1515079406.4698162
1515079406.4700644
1515079407.5496855
1515079407.549713
1515079408.6571276
1515079408.6571562
1515079409.5996735
1515079409.599981
1515079410.9359696
1515079410.9359968
1515079412.3292012
1515079412.3292923
1515079413.7908201
1515079413.7908483
1515079415.2029288
1515079415.2029562
1515079416.5586715
1515079416.5586982
1515079418.778737
1515079418.780573
1515079421.2344246
1515079421.2344525
1515079422.370272
1515079422.3705995
1515079423.530572
1515079423.530594
1515079424.769911
1515079424.7703826
1515079426.0455766
1515079426.0456119
1515079427.563899
1515079427.5639265
1515079428.6366498
1515079428.636671
1515079429.8605008
1515079429.8605752
1515079431.2356198
1515079431.2357106
1515079432.3609343
1515079432.3609624
1515079434.0557828
1515079434.0558097
1515079435.8637342
1515079435.8637612
1515079437.0309577
1515079437.031242
1515079438.3432133
1515079438.3432417
1515079439.8175836
1515079439.8181002
1515079441.516868
1515079441.5171888
1515079442.513401
1515079442.51349
1515079444.0224714
1515079444.0224998
1515079445.3556712
1515079445.3557453
1515079447.0331664
1515079447.033198
1515079448.3861313
1515079448.3862116
1515079449.6265411
1515079449.6265764
1515079451.103194
1515079451.103221
1515079452.4141588
1515079452.4141896
1515079453.7703803
1515079453.7704067
1515079454.9122524
1515079454.9122813
1515079456.1103902
1515079456.110418
1515079457.9301648
1515079457.930466
1515079458.7500908
1515079458.7501183
1515079460.2301872
1515079460.2302148
1515079461.666077
1515079461.6664648
1515079463.3875537
1515079463.387583
1515079464.6321876
1515079464.6322126
1515079465.6875098
1515079465.6875346
1515079467.3663828
1515079467.3664129
1515079468.9610398
1515079468.9613612
1515079470.4962058
1515079470.4962387
1515079471.5779252
1515079471.577953
1515079472.619861
1515079472.620138
1515079473.9935098
1515079473.993582
1515079475.2053373
1515079475.2053592
1515079476.433698
1515079476.434021
1515079477.5470684
1515079477.5470939
1515079478.6416438
1515079478.6416738
1515079479.849573
1515079479.8495984
1515079481.0316057
1515079481.0316293
1515079482.5094764
1515079482.509513
1515079483.8588219
1515079483.8588552
1515079485.1811426
1515079485.181443
1515079487.7919133
1515079487.7919407
1515079489.1526456
1515079489.1526725
1515079490.2992208
1515079490.299603
1515079491.3291252
1515079491.3291583
1515079492.663322
1515079492.6633646
1515079493.884193
1515079493.8842196
1515079495.208768
1515079495.2087934
1515079496.3405483
1515079496.340575
1515079497.4158165
1515079497.4158432