
1515079377.4774435
1515079380.1984518
1515079380.1984797
1515079380.1985002
1515079380.19851
1515079380.1985257
1515079380.1985345
1515079380.1985486
1515079380.198557
1515079380.198894
1515079380.1989682
1515079382.4349315
1515079382.4349616
1515079382.4349797
1515079382.4349897
1515079382.435018
1515079382.4350297
1515079382.4350467
1515079382.4350564
1515079382.436075
1515079382.4361806
1515079385.6805165
1515079385.6805942
1515079386.7690644
1515079386.7690868
1515079388.5054314
1515079388.5057576
1515079390.6463678
1515079390.646408
1515079392.3771152
1515079392.3776114
1515079393.980514
1515079393.9805384
1515079395.7708876
1515079395.7709637
1515079397.213814
1515079397.2138898
1515079398.6754773
1515079398.675504
1515079400.166306
1515079400.1663284
1515079402.5571601
1515079402.55747
1515079403.7272089
1515079403.7275715
1515079405.1838882
1515079405.1839197
1515079406.5515685
1515079406.5515902
1515079407.6970198
1515079407.6978974
1515079408.6899018
1515079408.6899302
1515079409.640338
1515079409.640656
1515079411.295398
1515079411.2954385
1515079412.8705938
1515079412.8706205
1515079414.2573967
1515079414.2574298
1515079415.5790517
1515079415.5790825
1515079416.829027
1515079416.829055
1515079417.5279493
1515079417.5279763
1515079419.0908911
1515079419.0909178
1515079420.4205236
1515079420.4205496
1515079422.0527544
1515079422.0527809
1515079423.2473545
1515079423.2473829
1515079424.3896189
1515079424.3900316
1515079425.5956984
1515079425.5957303
1515079426.3605263
1515079426.3605537
1515079427.4579427
1515079427.458222
1515079428.7341144
1515079428.7341416
1515079430.027515
1515079430.0278513
1515079431.5288126
1515079431.5291479
1515079433.22284
1515079433.2228725
1515079434.6429987
1515079434.6430476
1515079435.9696572
1515079435.9696817
1515079436.9419127
1515079436.941939
1515079438.1122584
1515079438.1122894
1515079439.6501062
1515079439.650146
1515079440.6172757
1515079440.6173015
1515079441.8667903
1515079441.8668184
1515079442.9653394
1515079442.9686403
1515079444.2509758
1515079444.2510138
1515079445.550748
1515079445.551091
1515079446.9648042
1515079446.9648314
1515079447.8675401
1515079447.86757
1515079449.322086
1515079449.3221102
1515079450.3538246
1515079450.3538527
1515079451.8084202
1515079451.8084474
1515079452.829538
1515079452.829914
1515079453.772821
1515079453.772844
1515079454.4896176
1515079454.4900005
1515079455.2871559
1515079455.287183
1515079456.2054982
1515079456.2055252
1515079456.9407134
1515079456.94074
1515079457.8282003
1515079457.8282275
1515079458.4645493
1515079458.4649527
1515079459.519201
1515079459.5244322
1515079460.2612877
1515079460.2613597
1515079461.1924794
1515079461.1925066
1515079461.983547
1515079461.9835732
1515079462.6402214
1515079462.640249
1515079463.6324449
1515079463.632512
1515079464.722711
1515079464.7227366
1515079465.626465
1515079465.626493
1515079466.4504101
1515079466.4504788
1515079467.4063878
1515079467.4064233
1515079468.2555904
1515079468.2556157
1515079469.1275463
1515079469.1278648
1515079470.1073794
1515079470.107409
1515079471.0917654
1515079471.0917947
1515079472.3452575
1515079472.3452852
1515079473.2368264
1515079473.2371514
1515079474.205622
1515079474.2057073
1515079475.2181096
1515079475.218558
1515079476.4476051
1515079476.44764
1515079477.5247266
1515079477.5247545
1515079478.8536618
1515079478.8536885
1515079480.3768635
1515079480.376894
1515079481.8054967
1515079481.8055236
1515079482.9969273
1515079482.9969547
1515079484.1178985
1515079484.1179264
1515079485.4050934
1515079485.4051833
1515079486.487374
1515079486.4874034
1515079488.0081081
1515079488.0081327
1515079489.5249844
1515079489.5250077
1515079490.774905
1515079490.774931
1515079491.8296797
1515079491.8297143
1515079492.8538613
1515079492.8538883
1515079493.9717267
1515079493.971761
1515079495.2702904
1515079495.2703233
1515079496.613581
1515079496.613664
1515079497.71186
1515079497.711887
1515079498.4579108
1515079498.457939
1515079498.7743125
1515079498.7743387
1515079499.2119427
1515079499.2119749
1515079499.6375322
1515079499.6377327
1515079500.5547016
1515079500.554727
1515079501.6491673
1515079501.6491888
1515079502.785815
1515079502.7858417
1515079503.6790662
1515079503.702299
1515079503.9370556