
1515079377.491553
1515079386.0460486
1515079386.0460875
1515079387.6645896
1515079387.6646192
1515079388.4967163
1515079388.4973648
1515079389.5698597
1515079389.5699158
1515079390.4936626
1515079390.4940438
1515079391.8813834
1515079391.8867009
1515079393.3098004
1515079393.3098292
1515079394.5939252
1515079394.5943823
1515079395.8119957
1515079395.8123133
1515079397.20744
1515079397.2075427
1515079398.637669
1515079398.637707
1515079400.2463305
1515079400.246405
1515079401.3402104
1515079401.3402386
1515079402.8096251
1515079402.809667
1515079405.2827542
1515079405.2827861
1515079406.824903
1515079406.8252864
1515079408.2055628
1515079408.2055979
1515079409.4272406
1515079409.4275796
1515079411.1023164
1515079411.1023526
1515079412.391937
1515079412.392009
1515079413.6842647
1515079413.6842923
1515079414.722824
1515079414.7228587
1515079415.7295287
1515079415.7298527
1515079416.8443868
1515079416.844413
1515079417.5580292
1515079417.5581207
1515079419.1165078
1515079419.1167865
1515079420.3989248
1515079420.398947
1515079421.5038266
1515079421.5038543
1515079422.4976583
1515079422.497685
1515079423.5198352
1515079423.5201619
1515079424.690919
1515079424.6909459
1515079425.7453043
1515079425.745327
1515079426.8061895
1515079426.8062177
1515079427.657225
1515079427.6573455
1515079428.760771
1515079428.7610908
1515079429.9734805
1515079429.973511
1515079430.6501405
1515079430.6504147
1515079431.7972565
1515079431.797285
1515079432.7702844
1515079432.7707481
1515079434.1038823
1515079434.1039097
1515079435.0515983
1515079435.0516253
1515079436.530159
1515079436.5302484
1515079438.1709838
1515079438.1710086
1515079439.712511
1515079439.7125804
1515079440.9941978
1515079440.994225
1515079442.1655288
1515079442.1655555
1515079443.8296363
1515079443.8299134
1515079444.8469226
1515079444.8469503
1515079445.6800804
1515079445.6801162
1515079447.4480274
1515079447.4483259
1515079448.7661018
1515079448.766176
1515079449.5710557
1515079449.571084
1515079450.7203903
1515079450.720769
1515079452.7770376
1515079452.7773259
1515079454.2138188
1515079454.213847
1515079456.0202096
1515079456.0202396
1515079457.1492703
1515079457.1493034
1515079458.4054945
1515079458.4055943
1515079459.8845778
1515079459.8846333
1515079461.0786424
1515079461.0787182
1515079462.0782309
1515079462.0782654
1515079463.657989
1515079463.6580167
1515079465.6161354
1515079465.6165144
1515079467.4548552
1515079467.4548864
1515079469.0007555
1515079469.0007823
1515079470.4221585
1515079470.4222026
1515079471.5071816
1515079471.5072095
1515079472.6468992
1515079472.6469252
1515079474.0077796
1515079474.0078096
1515079475.4243321
1515079475.424359
1515079477.049979
1515079477.0500112
1515079478.5350063
1515079478.5350735
1515079480.2830083
1515079480.2830415
1515079481.9396758
1515079481.9397035
1515079483.361576
1515079483.3616047
1515079484.8342872
1515079484.8343613
1515079486.1226034
1515079486.1226318
1515079487.355774
1515079487.355799
1515079488.4023046
1515079488.4023323
1515079489.5022955
1515079489.5023232
1515079490.6464658
1515079490.646492
1515079491.5841737
1515079491.584502
1515079492.6498578
1515079492.649882
1515079493.90138
1515079493.901469
1515079495.1934845
1515079495.1935103
1515079496.2647316
1515079496.2647586
1515079497.313596
1515079497.3136227
1515079501.6118426
1515079501.6118715
1515079502.6723871
1515079502.6724129
1515079503.4819107
1515079503.4819365
1515079503.9645019
1515079503.9645312