
1515079377.503669
1515079388.2616906
1515079388.261719
1515079391.636949
1515079391.636976
1515079393.2367008
1515079393.236732
1515079394.408303
1515079394.4086103
1515079395.8617356
1515079395.8617601
1515079397.3536541
1515079397.3539383
1515079398.708668
1515079398.7087095
1515079400.3218384
1515079400.321915
1515079401.5356102
1515079401.5356462
1515079402.682794
1515079402.6828208
1515079403.7282064
1515079403.7284906
1515079405.3521767
1515079405.3522034
1515079406.6696572
1515079406.6699417
1515079408.031898
1515079408.0357995
1515079409.3455098
1515079409.3455844
1515079410.8228257
1515079410.8228526
1515079412.4335344
1515079412.433604
1515079413.8847141
1515079413.8847387
1515079415.3885694
1515079415.38859
1515079418.9949298
1515079418.9950113
1515079420.5173976
1515079420.5174391
1515079422.0756497
1515079422.0773573
1515079423.3353274
1515079423.3353744
1515079424.5958865
1515079424.5959136
1515079425.7134767
1515079425.713753
1515079426.7139225
1515079426.713952
1515079427.5805614
1515079427.580584
1515079428.6049354
1515079428.6052089
1515079429.507046
1515079429.507085
1515079430.2944782
1515079430.3013656
1515079431.2314668
1515079431.2315645
1515079431.8837738
1515079431.8840508
1515079432.755352
1515079432.7553809
1515079433.9569745
1515079433.95701
1515079434.8507612
1515079434.8508525
1515079435.9877927
1515079435.9878154
1515079437.0901535
1515079437.0902257
1515079437.9233532
1515079437.9252658
1515079438.8325489
1515079438.8325756
1515079439.7178524
1515079439.7178912
1515079441.4270275
1515079441.4275184
1515079442.454187
1515079442.4542186
1515079444.4187567
1515079444.4191425
1515079445.613224
1515079445.61325
1515079447.1683378
1515079447.1683698
1515079449.309304
1515079449.3093312
1515079450.789734
1515079450.7897658
1515079452.3142672
1515079452.3143415
1515079453.7188065
1515079453.7188344
1515079455.2118042
1515079455.211881
1515079456.5664043
1515079456.5664337
1515079457.9568527
1515079457.956879
1515079458.7690067
1515079458.7690966
1515079460.0400164
1515079460.0400436
1515079461.3141408
1515079461.3142142
1515079462.4104333
1515079462.410463
1515079463.587385
1515079463.5877461
1515079465.188255
1515079465.1882806
1515079465.9906023
1515079465.990637
1515079467.1636431
1515079467.163671
1515079468.030331
1515079468.0312514
1515079469.1365492
1515079469.1365783
1515079470.504139
1515079470.5042188
1515079472.0362408
1515079472.0362692
1515079473.318673
1515079473.3186955
1515079474.592028
1515079474.5920558
1515079475.8388171
1515079475.8388443
1515079477.9457211
1515079477.9457483
1515079479.1499035
1515079479.1499355
1515079480.2316012
1515079480.2332637
1515079481.3832395
1515079481.3832684
1515079482.5594351
1515079482.5595264
1515079483.8183646
1515079483.8183885
1515079484.911624
1515079484.9116473
1515079486.1521373
1515079486.1521652
1515079487.328417
1515079487.3284442
1515079488.3431997
1515079488.3432288
1515079489.5429916
1515079489.5430157
1515079491.0035722
1515079491.0035985
1515079492.6900332
1515079492.6900554
1515079494.3767307
1515079494.3767705
1515079495.3904712
1515079495.3904974
1515079496.6477182
1515079496.6477444
1515079500.545718
1515079500.545753
1515079501.6456623
1515079501.6456866
1515079502.6885314
1515079502.688558
1515079503.809788
1515079503.8098164
1515079504.4612958
1515079504.4613237
1515079505.1925735
1515079505.1925957
1515079505.382113