
1515079377.4953246
1515079380.0710318
1515079380.0710678
1515079380.0710895
1515079380.0711
1515079380.0711164
1515079380.0711262
1515079380.0711415
1515079380.071151
1515079380.0727544
1515079380.072874
1515079382.4227853
1515079382.4228122
1515079382.4228296
1515079382.4228387
1515079382.422852
1515079382.4228604
1515079382.4228745
1515079382.4228826
1515079382.4277856
1515079382.427884
1515079386.1577525
1515079386.1577837
1515079387.1447017
1515079387.1447456
1515079388.518894
1515079388.5192187
1515079390.2783494
1515079390.2783728
1515079392.1022124
1515079392.1022482
1515079394.0313876
1515079394.031413
1515079395.7232661
1515079395.7232935
1515079396.9695876
1515079396.9696212
1515079398.1805053
1515079398.180542
1515079398.9375682
1515079398.9375942
1515079400.2272904
1515079400.2276268
1515079401.2451391
1515079401.24673
1515079401.9500701
1515079403.4376152
1515079403.437988
1515079405.120562
1515079405.1205986
1515079406.5304546
1515079406.5307465
1515079407.8913796
1515079407.8914118
1515079409.174593
1515079409.174688
1515079410.3734658
1515079410.3735037
1515079411.6766632
1515079411.676746
1515079412.6735833
1515079412.6749341
1515079413.849177
1515079413.8492064
1515079414.8435972
1515079414.843634
1515079415.7164254
1515079415.716452
1515079416.702998
1515079416.7030978
1515079417.448585
1515079417.4486136
1515079418.8217485
1515079418.8236127
1515079419.6790612
1515079419.6790893
1515079420.4959664
1515079420.495993
1515079421.4467587
1515079421.4477642
1515079422.2118177
1515079422.213519
1515079423.2260528
1515079423.2260869
1515079424.0212562
1515079424.021285
1515079424.9047697
1515079424.9050446
1515079425.711664
1515079425.7117026
1515079426.8982444
1515079426.8982713
1515079428.3229935
1515079428.3234408
1515079429.3988574
1515079429.3988853
1515079430.2596703
1515079430.2597768
1515079431.5009482
1515079431.500974
1515079432.5894322
1515079432.5894709
1515079433.7732925
1515079433.7756298
1515079434.7929614
1515079434.7929978
1515079435.996417
1515079435.9964404
1515079437.0600452
1515079437.0603793
1515079437.8310032
1515079437.8310306
1515079438.6012537
1515079438.6013036
1515079439.5513291
1515079439.5606983
1515079440.3324587
1515079440.3324876
1515079441.2140734
1515079441.2141047
1515079442.1322377
1515079442.1322763
1515079442.9947104
1515079442.9950078
1515079444.1586423
1515079444.1586692
1515079445.336885
1515079445.336975
1515079446.6504571
1515079446.6505163
1515079447.7371056
1515079447.7371278
1515079449.074453
1515079449.074481
1515079449.7940638
1515079449.794106
1515079450.9325225
1515079450.932583
1515079451.8733654
1515079451.8736496
1515079452.8644931
1515079452.8645246
1515079453.855613
1515079453.8556395
1515079455.2596214
1515079455.26002
1515079456.352614
1515079456.3526447
1515079457.486543
1515079457.4868245
1515079458.3625948
1515079458.3626206
1515079459.5940166
1515079459.5940516
1515079460.9745367
1515079460.9745786
1515079462.4487429
1515079462.4487715
1515079463.621407
1515079463.6217132
1515079465.0351195
1515079465.0351548
1515079465.8490465
1515079465.8490787
1515079467.195583
1515079467.1963854
1515079468.271441
1515079468.2718089
1515079469.4411883
1515079469.441488
1515079470.768768
1515079470.7687953
1515079472.298273
1515079472.298302
1515079473.813885
1515079473.8139246
1515079475.2030797
1515079475.2031155
1515079476.5347211
1515079476.5347478
1515079477.6669948
1515079477.6670241
1515079478.900488
1515079478.9005628
1515079480.0056696
1515079480.0057101
1515079481.1512113
1515079481.1512384
1515079482.5479727
1515079482.5479996
1515079483.917566
1515079483.9175935
1515079485.318291
1515079485.3187838
1515079486.705051
1515079486.705074
1515079488.1811357
1515079488.181163
1515079489.544672
1515079489.5446944
1515079490.7108986
1515079490.7109432
1515079491.6452794
1515079491.645307
1515079492.821476
1515079492.8215034
1515079494.1928127
1515079494.1928394
1515079495.3703873
1515079495.3704252
1515079496.723137
1515079496.7237778
1515079497.8465433
1515079497.8465714
1515079498.5048518
1515079498.5048745
1515079498.911597
1515079498.9116335
1515079499.3520265
1515079499.3520522
1515079499.792379
1515079499.792409
1515079501.5321147
1515079501.5321498
1515079502.2312005
1515079502.2312417
1515079502.8150544
1515079502.8151138
1515079503.860354
1515079503.8603752
1515079504.4702227
1515079504.4702442
1515079505.0315714
1515079505.031609
1515079505.4001918
1515079505.4002283
1515079505.888449
1515079505.8884757
1515079506.3335285
1515079506.3336048
1515079506.8283067
1515079506.8283374
1515079507.3072584
1515079507.307283
1515079507.7132409
1515079507.7132685
1515079508.1098063
1515079508.1098328
1515079508.4526908
1515079508.4527316
1515079508.7752523
1515079508.7752912
1515079509.1147847
1515079509.11482
1515079509.4365554
1515079509.4365869
1515079509.7495205
1515079509.7495537
1515079510.1428947
1515079510.1429257
1515079510.4893143
1515079510.4893377
1515079510.7960153
1515079510.7960455
1515079511.1383553
1515079511.1384075
1515079511.2972615