
1515079377.5044947
1515079386.7350936
1515079386.735123
1515079388.325485
1515079388.3269086
1515079389.7089634
1515079389.7089853
1515079391.343169
1515079391.3431945
1515079393.5568526
1515079393.5568883
1515079395.7825716
1515079395.7828898
1515079396.7669625
1515079396.7669911
1515079397.4327157
1515079397.4333546
1515079398.6457555
1515079398.645781
1515079399.6133847
1515079399.6134124
1515079400.2944133
1515079400.2947514
1515079402.027042
1515079402.0273826
1515079402.7224953
1515079402.722527
1515079403.415114
1515079403.4152048
1515079404.1753597
1515079404.1753912
1515079404.8219016
1515079404.82194
1515079405.368407
1515079405.3684342
1515079406.1857438
1515079406.185773
1515079406.8116372
1515079406.8119767
1515079407.6101472
1515079407.6104815
1515079408.1130185
1515079408.1130562
1515079408.7947192
1515079408.7947521
1515079409.4669375
1515079409.4670286
1515079410.4218624
1515079410.4219463
1515079411.7938907
1515079411.7939234
1515079413.2475193
1515079413.2475574
1515079414.5131536
1515079414.5131814
1515079416.2917235
1515079416.2917514
1515079417.204225
1515079417.204262
1515079419.0854092
1515079419.0854414
1515079420.5014029
1515079420.501439
1515079422.1081514
1515079422.1081767
1515079424.010493
1515079424.0105226
1515079425.8390238
1515079425.8391469
1515079427.5077238
1515079427.507799
1515079428.6582508
1515079428.658279
1515079430.0084481
1515079430.0084798
1515079430.979819
1515079430.9799368
1515079432.1910567
1515079432.1910877
1515079433.292382
1515079433.2924247
1515079434.6310275
1515079434.63162
1515079435.5232189
1515079435.5232463
1515079436.9502745
1515079436.9506676
1515079437.9906778
1515079437.9907143
1515079439.2594168
1515079439.2594402
1515079440.0784855
1515079440.0787601
1515079441.2597394
1515079441.259765
1515079442.1680338
1515079442.1681206
1515079443.3560038
1515079443.3563082
1515079444.288305
1515079444.2883325
1515079445.3507104
1515079445.3507366
1515079446.5405993
1515079446.5408814
1515079447.463023
1515079447.4633646
1515079448.6877518
1515079448.6881342
1515079449.649083
1515079449.6491113
1515079451.4024725
1515079451.4024992
1515079452.7110043
1515079452.7144668
1515079453.945415
1515079453.9454424
1515079455.3629398
1515079455.362967
1515079456.6935248
1515079456.693552
1515079458.1068761
1515079458.106997
1515079459.5319521
1515079459.5319796
1515079460.910352
1515079460.9106596
1515079461.9678302
1515079461.9678671
1515079463.2653604
1515079463.2654421
1515079464.272717
1515079464.2730145
1515079465.306485
1515079465.3065205
1515079466.3916197
1515079466.3976521
1515079467.5514219
1515079467.5543196
1515079468.690773
1515079468.691561
1515079469.5118897
1515079469.5119174
1515079470.6411827
1515079470.6414585
1515079471.8101401
1515079471.8101711
1515079472.753619
1515079472.753646
1515079473.895016
1515079473.8957088
1515079474.948627
1515079474.9486566
1515079475.7704215
1515079475.7706983
1515079476.8417628
1515079476.8417962
1515079478.056513
1515079478.0565403
1515079479.195571
1515079479.2034173
1515079480.4071772
1515079480.4072037
1515079481.7246754
1515079481.7474475
1515079482.9521873
1515079482.9522142
1515079483.9764519
1515079483.9764838
1515079485.1364727
1515079485.1374552
1515079486.2287967
1515079486.228825
1515079487.218155
1515079487.2181866
1515079488.2401426
1515079488.24017
1515079489.3386874
1515079489.3387163
1515079490.5751987
1515079490.5752752
1515079491.76185
1515079491.761877
1515079492.9243398
1515079492.9243622
1515079494.1318042
1515079494.1338594
1515079495.4193966
1515079495.4194214
1515079496.6835806
1515079496.6840634
1515079497.8039944
1515079497.8040214
1515079498.5414128
1515079498.5414374
1515079499.0334482
1515079499.0334754
1515079499.5528955
1515079499.5529234
1515079499.8965094
1515079499.896541
1515079500.2419875
1515079500.24202
1515079501.3799717
1515079501.3800075
1515079501.849647
1515079501.8496776
1515079502.737013
1515079502.7370386
1515079503.8682497
1515079503.8682725
1515079504.0833304