
1515079377.4913056
1515079386.2188118
1515079386.218836
1515079387.089771
1515079387.089806
1515079388.060623
1515079388.0606537
1515079388.9285533
1515079388.9288995
1515079390.2243874
1515079390.2244623
1515079391.382619
1515079391.3828988
1515079392.2796707
1515079392.2797065
1515079393.6540456
1515079393.6540692
1515079394.773157
1515079394.7731922
1515079396.0569901
1515079396.0571227
1515079397.3150833
1515079397.3151174
1515079398.8938963
1515079398.8939235
1515079400.3274472
1515079400.3277767
1515079400.931719
1515079402.3258483
1515079402.3261921
1515079404.7176757
1515079404.7177062
1515079405.7354944
1515079405.7355347
1515079406.833221
1515079406.8332558
1515079408.0205455
1515079408.0205789
1515079409.1436694
1515079409.1437547
1515079410.0463448
1515079410.0463822
1515079410.9771667
1515079410.9771938
1515079412.442752
1515079412.4427803
1515079413.7580507
1515079413.7580893
1515079414.9294155
1515079414.929458
1515079415.8385673
1515079415.838658
1515079416.9128578
1515079416.9128935
1515079417.7693014
1515079417.769333
1515079419.1186895
1515079419.1191804
1515079420.4794483
1515079420.4794796
1515079421.5307198
1515079421.5310009
1515079422.3533735
1515079422.3534012
1515079423.3896253
1515079423.3896544
1515079424.4814863
1515079424.4819303
1515079425.3674421
1515079425.367478
1515079426.5691092
1515079426.5691664
1515079427.4737291
1515079427.4740024
1515079428.6336746
1515079428.633701
1515079429.5181463
1515079429.5182354
1515079430.4427707
1515079430.4428647
1515079431.458444
1515079431.4584825
1515079432.4649074
1515079432.4649389
1515079433.468309
1515079433.4686582
1515079434.6650677
1515079434.6651773
1515079435.9641109
1515079435.964139
1515079436.742426
1515079436.7424655
1515079437.6954477
1515079437.6954699
1515079438.6121957
1515079438.6122315
1515079439.7291253
1515079439.7292597
1515079440.9439034
1515079440.9439301
1515079442.0827305
1515079442.082761
1515079443.2545042
1515079443.2545397
1515079444.994764
1515079444.995195
1515079445.986048
1515079445.9861648
1515079447.4268386
1515079447.4268665
1515079449.2607584
1515079449.2608013
1515079450.6607711
1515079450.6608038
1515079451.8797193
1515079451.8797417
1515079453.4241397
1515079453.4241765
1515079454.6333826
1515079454.6334093
1515079455.7276905
1515079455.7280562
1515079456.7412515
1515079456.7412806
1515079458.2195013
1515079458.219822
1515079459.4019935
1515079459.4020312
1515079460.8226302
1515079460.8227074
1515079461.9207845
1515079461.920822
1515079463.5715907
1515079463.5716245
1515079465.3506553
1515079465.350677
1515079466.69904
1515079466.6990876
1515079467.91972
1515079467.9197474
1515079469.146944
1515079469.146975
1515079470.5866354
1515079470.5866654
1515079472.037946
1515079472.0379689
1515079473.304083
1515079473.3041303
1515079474.6539834
1515079474.654032
1515079475.9321141
1515079475.932148
1515079477.0605245
1515079477.0605998
1515079478.3346293
1515079478.3346589
1515079479.4757853
1515079479.476733
1515079480.5016072
1515079480.5016413
1515079482.2901464
1515079482.2901826
1515079483.5891607
1515079483.5891929
1515079485.2662666
1515079485.2662961
1515079486.853334
1515079486.8533719
1515079488.1870122
1515079488.187574
1515079489.416645
1515079489.4212778
1515079490.7250102
1515079490.7250373
1515079491.9310472
1515079491.931088
1515079492.955911
1515079492.9559445
1515079494.0812242
1515079494.0817482
1515079495.3310232
1515079495.3310754
1515079496.7135425
1515079496.7135665
1515079497.925648
1515079497.9256747
1515079498.5042353
1515079498.5042727
1515079498.8998113
1515079498.899839
1515079499.3040826
1515079499.30412
1515079500.2425063
1515079500.2425315