
1514643648.7689497
1514643651.0869205
1514643651.0869489
1514643651.0869675
1514643651.0869768
1514643651.0869913
1514643651.0869997
1514643651.0870128
1514643651.0870209
1514643651.0874083
1514643651.087496
1514643652.6985786
1514643652.698606
1514643652.6986234
1514643652.698633
1514643652.6986468
1514643652.6986551
1514643652.6986704
1514643652.698679
1514643652.699034
1514643652.6991181
1514643655.514398
1514643655.5144284
1514643656.2818308
1514643656.281884
1514643657.472175
1514643657.472202
1514643658.9135327
1514643658.913561
1514643660.1789582
1514643660.178994
1514643661.08134
1514643661.0813656
1514643661.7493615
1514643662.6652684
1514643662.665302
1514643663.4930258
1514643663.4930763
1514643664.498387
1514643664.4984152
1514643665.3838558
1514643665.3838818
1514643666.507655
1514643666.5076878
1514643667.4746706
1514643667.4749444
1514643668.3549404
1514643668.35497
1514643669.2184904
1514643669.2185173
1514643670.3694925
1514643670.369773
1514643671.498218
1514643671.4986212
1514643672.212361
1514643672.2124183
1514643673.3089883
1514643673.3090196
1514643674.3827527
1514643674.3827827
1514643675.2885756
1514643675.2886019
1514643676.2695656
1514643676.2698514
1514643677.1781273
1514643677.178156
1514643678.2561014
1514643678.2561321
1514643679.4528897
1514643679.4529178
1514643680.6413898
1514643680.6414223
1514643681.8100498
1514643681.8100812
1514643683.0169199
1514643683.0173457
1514643684.3922749
1514643684.3923035
1514643685.6195972
1514643685.6196244
1514643686.5543058
1514643686.5543344
1514643687.6333508
1514643687.6333787
1514643688.7755969
1514643688.7756257
1514643689.7723668
1514643689.77239
1514643690.8604562
1514643690.8605316
1514643692.158873
1514643692.1589
1514643693.2942247
1514643693.2942572
1514643694.3057091
1514643694.3057365
1514643695.4457586
1514643695.4457924
1514643696.3789637
1514643696.3789933
1514643697.3526525
1514643697.3526802
1514643698.661073
1514643698.6611009
1514643700.0626123
1514643700.0631557
1514643701.46869
1514643701.4687188
1514643702.7501426
1514643702.750171
1514643703.7847364
1514643703.7847645
1514643704.7915943
1514643704.791625
1514643705.3169699
1514643705.317076
1514643706.5119019
1514643706.5119293
1514643707.6596096
1514643707.6596355
1514643708.5178125
1514643708.5178483
1514643709.315527
1514643709.3159168
1514643710.204155
1514643710.20418
1514643711.2362216
1514643711.236252
1514643711.7808332
1514643711.780861
1514643712.5052273
1514643712.5052562
1514643713.073502
1514643713.07353
1514643713.5584922
1514643713.558521
1514643714.2399151
1514643714.239939
1514643714.8724627
1514643714.8725367
1514643715.6476011
1514643715.6476254
1514643716.2232523
1514643716.2232811
1514643716.877382
1514643716.8777509
1514643717.4881725
1514643717.4882016
1514643718.036964
1514643718.0372972
1514643718.7227538
1514643718.722781
1514643719.2966955
1514643719.2967181
1514643719.8332658
1514643719.8332946
1514643720.3996959
1514643720.3997233
1514643720.897718
1514643720.8978136
1514643721.4689834
1514643721.4690068
1514643722.022328
1514643722.022667
1514643722.6205475
1514643722.6205714
1514643723.2308643
1514643723.2308993
1514643723.708696
1514643723.7087243
1514643724.2625556
1514643724.262886
1514643724.87647
1514643724.8764977
1514643725.441565
1514643725.4415874
1514643725.9491916
1514643725.9492207
1514643726.678329
1514643726.6783552
1514643727.3074083
1514643727.3074367
1514643727.9426484
1514643727.9426713
1514643728.5789304
1514643728.5789573
1514643729.0652306
1514643729.0652592
1514643729.7590673
1514643729.759116
1514643730.304858
1514643730.3051698
1514643730.916338
1514643730.9163654
1514643731.558934
1514643731.5589724
1514643732.120938
1514643732.1209664
1514643732.733958
1514643732.733986
1514643733.2134473
1514643733.2134748
1514643733.969606
1514643733.9696352
1514643734.7872386
1514643734.7872732
1514643735.4864082
1514643735.4864368
1514643736.0652905
1514643736.0656047
1514643736.730173
1514643736.7302015
1514643737.292843
1514643737.2928734
1514643737.8142893
1514643737.8146222
1514643738.377515
1514643738.377544
1514643738.9522395
1514643738.9523175
1514643739.6958592
1514643739.695888
1514643740.2627397
1514643740.2627685
1514643740.9717357
1514643740.9717684
1514643741.612642
1514643741.6126645
1514643742.3526146
1514643742.3526497
1514643742.9657364
1514643742.9660654
1514643743.560387
1514643743.5604126
1514643744.261989
1514643744.262014
1514643744.568151