
1514643648.7730637
1514643655.925625
1514643655.9256582
1514643657.3175108
1514643657.3175354
1514643658.4834402
1514643658.4834745
1514643659.5488532
1514643659.5488913
1514643660.6387348
1514643660.6387606
1514643662.1246386
1514643662.1249418
1514643663.3357015
1514643663.3357337
1514643664.433926
1514643664.4339542
1514643665.4080594
1514643665.4080951
1514643666.5088809
1514643666.5089078
1514643667.4301362
1514643667.430439
1514643668.3607101
1514643668.3607347
1514643669.3263345
1514643669.3263662
1514643670.5759754
1514643670.5760298
1514643671.7820017
1514643671.782096
1514643672.6592162
1514643672.659252
1514643673.222795
1514643673.2228217
1514643673.8409553
1514643673.8409915
1514643674.5829647
1514643674.5830114
1514643675.244997
1514643675.2450213
1514643675.9595597
1514643675.9595923
1514643676.6413152
1514643676.6413398
1514643677.2304816
1514643677.2308187
1514643678.062425
1514643678.062465
1514643678.7164698
1514643678.7164989
1514643679.3715
1514643679.3718996
1514643680.0941691
1514643680.094195
1514643680.805845
1514643680.8058727
1514643681.4898698
1514643681.489908
1514643682.1792843
1514643682.1796138
1514643682.9493792
1514643682.9502072
1514643683.5895028
1514643683.589541
1514643684.4601588
1514643684.4601874
1514643685.2712204
1514643685.2722828
1514643686.0201056
1514643686.0201333
1514643686.8837805
1514643686.8838422
1514643687.6778555
1514643687.6778843
1514643688.8403003
1514643688.840333
1514643689.6629395
1514643689.662977
1514643690.567556
1514643690.567585
1514643691.724974
1514643691.7250113
1514643692.619436
1514643692.6194692
1514643693.888408
1514643693.8884795
1514643695.050286
1514643695.050327
1514643696.0991225
1514643696.0991502
1514643697.2830663
1514643697.283403
1514643698.4055064
1514643698.405534
1514643699.4284496
1514643699.4284868
1514643700.261387
1514643700.261424
1514643701.206791
1514643701.2068217
1514643701.8410797
1514643701.841117
1514643702.7685056
1514643702.768532
1514643703.6667006
1514643703.667035
1514643704.445081
1514643704.445159
1514643705.168257
1514643705.1682835
1514643706.1471996
1514643706.1485028
1514643706.7283561
1514643706.7283945
1514643707.6440258
1514643707.6440532
1514643708.4130328
1514643708.4130838
1514643709.1916888
1514643709.1917174
1514643709.9226625
1514643709.9226902
1514643710.6253667
1514643710.6254067
1514643711.4270132
1514643711.4270403
1514643712.575234
1514643712.575549
1514643713.445061
1514643713.4450912
1514643714.1855195
1514643714.1855671
1514643715.0501673
1514643715.050616
1514643715.9608042
1514643715.960832
1514643716.8938804
1514643716.8939135
1514643717.5315683
1514643717.5315962
1514643718.204856
1514643718.2048886
1514643718.9190264
1514643718.9190671
1514643719.5248876
1514643719.5249157
1514643720.3213906
1514643720.3214273
1514643721.1518636
1514643721.1521447
1514643722.1048584
1514643722.1048846
1514643722.913955
1514643722.9139907
1514643723.9614468
1514643723.9615214
1514643724.620279
1514643724.6203382
1514643725.4388447
1514643725.4389224
1514643726.3004603
1514643726.3004878
1514643727.120336
1514643727.1203728
1514643728.1895344
1514643728.1895626
1514643729.0766206
1514643729.0766537
1514643730.2627404
1514643730.2627728
1514643731.3034134
1514643731.3034453
1514643732.4652245
1514643732.4652698
1514643733.5121553
1514643733.5124333
1514643734.9096227
1514643734.9096606
1514643736.1241407
1514643736.1241684
1514643737.2008002
1514643737.2008314
1514643738.4492798
1514643738.4493175
1514643739.705245
1514643739.7052667
1514643740.751757
1514643740.7518182
1514643741.6043308
1514643741.6043599
1514643742.6451242
1514643742.6451542
1514643743.859612
1514643743.859649
1514643744.7489932
1514643744.749025
1514643745.972647
1514643745.9726827
1514643747.063235
1514643747.0632641
1514643748.0022018
1514643748.0022779
1514643748.9936275
1514643748.9936662
1514643749.637401
1514643749.637438
1514643750.679154
1514643750.6791902
1514643751.7726152
1514643751.772643
1514643752.8315911
1514643752.8316197
1514643753.5665824
1514643753.566919
1514643754.383435
1514643754.383804
1514643755.4854574
1514643755.485494
1514643756.6925764
1514643756.692605
1514643757.746946
1514643757.7469773
1514643758.7412639
1514643758.741616
1514643759.6263378
1514643759.6263676
1514643760.5188587
1514643760.5195942
1514643761.7886007
1514643761.7886264
1514643762.635809
1514643762.6358378
1514643767.3208222
1514643767.3208597
1514643769.857973
1514643769.8580067
1514643770.3413649
1514643770.3414614
1514643770.901986
1514643770.9020154
1514643771.448539
1514643771.448575
1514643771.833852
1514643771.833896
1514643772.4014184
1514643772.401459
1514643772.8406239
1514643772.8406606
1514643773.2087588
1514643773.208795
1514643773.5051134
1514643773.5051475
1514643773.8599205
1514643773.859971
1514643774.2275374
1514643774.227569
1514643774.53801
1514643774.5380623
1514643774.8840141
1514643774.884043
1514643775.2803936
1514643775.2804258
1514643775.59937
1514643775.5994077