
1514643648.7626789
1514643656.0859003
1514643656.085926
1514643657.239507
1514643657.2395349
1514643658.168608
1514643658.1686404
1514643659.0898106
1514643659.0898392
1514643660.0313
1514643660.0313284
1514643661.7343023
1514643661.7343388
1514643662.744031
1514643662.7440588
1514643663.2229543
1514643664.286159
1514643664.2861836
1514643665.4241195
1514643665.4241524
1514643666.6821718
1514643666.6822083
1514643667.951512
1514643667.9515493
1514643669.0893059
1514643669.0893319
1514643670.3110154
1514643670.3110526
1514643671.5613775
1514643671.5614088
1514643672.468284
1514643672.4683201
1514643673.2796125
1514643673.2796364
1514643674.2843933
1514643674.2844222
1514643674.9907866
1514643674.990831
1514643675.4988089
1514643675.4988348
1514643676.2558203
1514643676.2558496
1514643676.972139
1514643676.9732497
1514643677.8658533
1514643677.8658977
1514643678.625362
1514643678.6253912
1514643679.5229604
1514643679.5229955
1514643680.3305368
1514643680.330567
1514643681.1256588
1514643681.1256957
1514643681.891492
1514643681.8915868
1514643682.737312
1514643682.7373374
1514643683.8502579
1514643683.8502948
1514643684.4769092
1514643684.4769368
1514643684.980024
1514643684.9803848
1514643685.6373334
1514643685.637356
1514643686.236856
1514643686.236888
1514643686.9156747
1514643686.9157119
1514643687.4985843
1514643687.4986124
1514643688.0411208
1514643688.0415328
1514643688.6770997
1514643688.6771421
1514643689.3479073
1514643689.347934
1514643689.9063663
1514643689.9079711
1514643690.4687867
1514643690.4688272
1514643690.9372456
1514643690.9373214
1514643691.5283258
1514643691.5283535
1514643692.07846
1514643692.0784876
1514643693.396315
1514643693.3963485
1514643694.1343927
1514643694.1347253
1514643694.9489741
1514643694.9490118
1514643695.764111
1514643695.7641454
1514643696.3493967
1514643696.349429
1514643697.1821856
1514643697.18223
1514643697.9691174
1514643697.9691503
1514643698.59985
1514643698.5998878
1514643699.7498608
1514643699.7498887
1514643700.5924616
1514643700.5924966
1514643701.663285
1514643701.663319
1514643702.871417
1514643702.8714507
1514643703.8254175
1514643703.8257177
1514643704.837625
1514643704.837657
1514643705.4598806
1514643705.459908
1514643706.4598207
1514643706.4601598
1514643707.4166203
1514643707.416648
1514643708.231968
1514643708.231995
1514643709.0355802
1514643709.0356112
1514643710.275825
1514643710.275854
1514643711.3998036
1514643711.3998308
1514643712.5081434
1514643712.5081685
1514643713.3388267
1514643713.3388588
1514643714.1273086
1514643714.1274056
1514643715.0255396
1514643715.0256686
1514643716.117659
1514643716.1176932
1514643716.9343936
1514643716.9344206
1514643717.5743303
1514643717.5743597
1514643718.6227503
1514643718.6230335
1514643719.3992145
1514643719.399242
1514643720.3283148
1514643720.3283381
1514643721.2814302
1514643721.2814643
1514643722.184378
1514643722.1844053
1514643723.0637772
1514643723.0638173
1514643724.0713236
1514643724.0714185
1514643725.2838976
1514643725.283927
1514643726.1570764
1514643726.1571043
1514643727.238507
1514643727.2387965
1514643728.4215267
1514643728.4215574
1514643729.535
1514643729.5350373
1514643730.3857133
1514643730.386049
1514643731.215151
1514643731.2151825
1514643732.172717
1514643732.1738293
1514643733.070108
1514643733.070135
1514643733.7915647
1514643733.792255
1514643734.796694
1514643734.7967296
1514643735.790481
1514643735.791388
1514643736.7392266
1514643736.7395453
1514643737.6058261
1514643737.6058514
1514643738.4671547
1514643738.4671803
1514643739.4197304
1514643739.4197664
1514643740.0932512
1514643740.0932798
1514643741.181925
1514643741.182292
1514643742.272386
1514643742.2724142
1514643743.341821
1514643743.3418489
1514643744.290157
1514643744.2901843
1514643745.1621492
1514643745.162225
1514643746.1679478
1514643746.1679802
1514643747.1201525
1514643747.1201775
1514643748.143143
1514643748.1431727
1514643749.3787465
1514643749.3787742
1514643750.5119426
1514643750.5119648
1514643751.6922996
1514643751.6923249
1514643752.2793262
1514643752.2793832
1514643753.1162822
1514643753.11631
1514643754.2784956
1514643754.2785752
1514643755.2873127
1514643755.287356
1514643756.073288
1514643756.0733278
1514643757.078727
1514643757.0787523
1514643757.8880088
1514643757.8880374
1514643759.1828315
1514643759.1828582
1514643760.1731467
1514643760.17318
1514643760.88141
1514643760.8816998
1514643762.0843287
1514643762.084396
1514643762.9643862
1514643762.9644156
1514643763.707352
1514643763.7076523
1514643764.5590482
1514643764.559076
1514643766.5418346
1514643766.541864
1514643767.320783
1514643767.3208103
1514643768.1410081
1514643768.1410348
1514643768.8097184
1514643768.8097467
1514643769.0375965