
1514643648.7467997
1514643656.256972
1514643656.2570102
1514643657.68526
1514643657.6852894
1514643658.993491
1514643658.9935195
1514643660.0906222
1514643660.09065
1514643661.039765
1514643661.0400746
1514643662.1121
1514643662.1121385
1514643663.2877135
1514643663.2877488
1514643664.6791618
1514643664.679194
1514643665.9138036
1514643665.9138446
1514643667.0853636
1514643667.0854023
1514643668.1373088
1514643668.1373377
1514643669.0640743
1514643669.064112
1514643670.4556081
1514643670.4556375
1514643671.6650877
1514643671.6654673
1514643672.8200934
1514643672.8201687
1514643674.290294
1514643674.2903216
1514643675.4617174
1514643675.461759
1514643676.6714215
1514643676.6715643
1514643678.0710235
1514643678.0710588
1514643679.2891846
1514643679.2892148
1514643680.3288398
1514643680.3288684
1514643681.5522313
1514643681.5522685
1514643682.9371078
1514643682.937136
1514643684.2840948
1514643684.284134
1514643685.7543142
1514643685.7543418
1514643687.1289468
1514643687.1289818
1514643688.0636098
1514643688.0639296
1514643689.2395313
1514643689.2395918
1514643690.2907052
1514643690.2907338
1514643691.212589
1514643691.2126267
1514643692.3573265
1514643692.357356
1514643693.678319
1514643693.678369
1514643694.992782
1514643694.9933026
1514643696.0818985
1514643696.0819328
1514643697.2592404
1514643697.2716107
1514643698.3533072
1514643698.3533356
1514643699.0748243
1514643699.0752068
1514643699.9930022
1514643699.9934769
1514643701.09332
1514643701.0933478
1514643702.0192494
1514643702.0192902
1514643703.0152845
1514643703.0197039
1514643704.1437795
1514643704.14423
1514643705.1156719
1514643705.1157005
1514643706.3301895
1514643706.3302214
1514643707.3687978
1514643707.3688276
1514643708.1878588
1514643708.1878896
1514643709.2507641
1514643709.2508445
1514643710.300472
1514643710.3005095
1514643711.4525273
1514643711.4525557
1514643712.5705757
1514643712.5706139
1514643713.6311302
1514643713.6311636
1514643714.71936
1514643714.7193902
1514643715.639592
1514643715.6396306
1514643716.7226405
1514643716.722678
1514643717.62024
1514643717.6202784
1514643718.7196157
1514643718.719659
1514643720.003499
1514643720.0035303
1514643721.0243707
1514643721.024411
1514643722.0528696
1514643722.0529075
1514643723.4209728
1514643723.421009
1514643724.262997
1514643724.263304
1514643725.625768
1514643725.6258028
1514643726.8539011
1514643726.8539793
1514643727.856947
1514643727.856983
1514643728.9010065
1514643728.9010363
1514643729.8789444
1514643729.879042
1514643730.7256649
1514643730.726013
1514643731.66756
1514643731.6675937
1514643732.6011722
1514643732.6012125
1514643733.611785
1514643733.6118138
1514643734.818983
1514643734.8190248
1514643735.8603277
1514643735.8603566
1514643736.8225718
1514643736.822845
1514643737.9111512
1514643737.9111888
1514643738.9571166
1514643738.9574175
1514643739.8926353
1514643739.8926837
1514643741.1283123
1514643741.12834
1514643742.3310466
1514643742.331072
1514643743.5564451
1514643743.556489
1514643744.6122367
1514643744.6122656
1514643745.5508196
1514643745.5508645
1514643746.5471969
1514643746.5472295
1514643747.7024896
1514643747.7025173
1514643748.7611377
1514643748.7617102
1514643749.5802593
1514643749.5802987
1514643750.6452487
1514643750.6452875
1514643751.586796
1514643751.5868871
1514643752.219811
1514643752.2198422
1514643753.0736916
1514643753.073742
1514643754.1819487
1514643754.1839015
1514643755.0642748
1514643755.0643148
1514643755.869125
1514643755.8691542
1514643756.7230206
1514643756.7243757
1514643757.4799626
1514643757.48
1514643758.3334925
1514643758.3335214
1514643759.1455588
1514643759.145598
1514643760.0616267
1514643760.0620668
1514643760.7423205
1514643760.7423487
1514643761.7080932
1514643761.7081304
1514643762.4940774
1514643762.4941103
1514643763.12301
1514643763.1233222
1514643763.8483324
1514643763.8483667
1514643764.618632
1514643764.618661
1514643765.2897623
1514643765.2898073
1514643766.098901
1514643766.098929
1514643767.3219051
1514643767.3219376
1514643768.1013403
1514643768.1013632
1514643768.6779847
1514643768.678015
1514643769.064255
1514643769.064294
1514643769.6055408
1514643769.6055765
1514643770.110604
1514643770.110648
1514643770.3904674
1514643770.390495
1514643770.9117467
1514643770.9117758
1514643771.5016918
1514643771.5017314
1514643772.076262
1514643772.076297
1514643772.4311576
1514643772.4311965
1514643772.8709705
1514643772.8709993
1514643773.2658935
1514643773.2659323