
1514643648.7543917
1514643650.843463
1514643650.8434942
1514643650.8435135
1514643650.8435225
1514643650.8435373
1514643650.8435543
1514643650.8435693
1514643650.8435771
1514643650.8444862
1514643650.8445916
1514643653.2340417
1514643653.234069
1514643653.2340858
1514643653.2340946
1514643653.2341084
1514643653.2341168
1514643653.2341313
1514643653.2341394
1514643653.2348788
1514643653.234973
1514643655.4570658
1514643655.4571073
1514643656.0640218
1514643656.0640566
1514643656.6273203
1514643656.62738
1514643657.3831227
1514643657.3831584
1514643658.105141
1514643658.1051767
1514643658.7866905
1514643658.78672
1514643659.4880347
1514643659.488067
1514643660.246145
1514643660.246173
1514643660.6223295
1514643661.3515382
1514643661.3515775
1514643662.125082
1514643662.1251194
1514643663.1039677
1514643663.1040015
1514643663.9766846
1514643663.979924
1514643664.8676748
1514643664.86771
1514643665.6021922
1514643665.6025188
1514643666.3850718
1514643666.3851109
1514643667.1034913
1514643667.10352
1514643667.86919
1514643667.8692183
1514643668.9672143
1514643668.9672484
1514643669.6951413
1514643669.695171
1514643670.3979995
1514643670.3980277
1514643670.9950662
1514643670.9954145
1514643671.6467428
1514643671.6467652
1514643672.2781534
1514643672.278186
1514643672.8720973
1514643672.872171
1514643673.4326189
1514643673.4326465
1514643674.1135309
1514643674.113565
1514643674.6485944
1514643674.6486287
1514643675.2351093
1514643675.2351382
1514643675.9489038
1514643675.9492807
1514643676.6296432
1514643676.6300206
1514643677.232556
1514643677.2325933
1514643677.7911382
1514643677.7911763
1514643678.3704731
1514643678.3705015
1514643679.0229971
1514643679.023072
1514643679.6275578
1514643679.6275876
1514643680.2481523
1514643680.2481833
1514643680.8930018
1514643680.8930297
1514643681.464889
1514643681.4649177
1514643682.0343013
1514643682.0343826
1514643682.7194872
1514643682.7195158
1514643683.3531458
1514643683.3531895
1514643683.9883964
1514643683.988435
1514643684.5881038
1514643684.5881398
1514643685.5090902
1514643685.509118
1514643686.3660357
1514643686.36607
1514643687.2689044
1514643687.269451
1514643688.0463765
1514643688.04645
1514643688.9932835
1514643688.9933178
1514643689.7676752
1514643689.7677042
1514643690.6691606
1514643690.6691957
1514643691.5344288
1514643691.534764
1514643692.3297203
1514643692.329859
1514643693.2329192
1514643693.2329555
1514643693.8452535
1514643693.8452814
1514643694.6158762
1514643694.6161675
1514643695.3032537
1514643695.3032777
1514643696.2050915
1514643696.2051191
1514643697.306834
1514643697.3068578
1514643698.4208722
1514643698.4208968
1514643699.3607047
1514643699.3607428
1514643700.1405077
1514643700.140835
1514643701.1447568
1514643701.1447897
1514643701.9131486
1514643701.9131773
1514643702.9849215
1514643702.9849632
1514643704.0368767
1514643704.0372047
1514643704.9302454
1514643704.9302764
1514643705.6380472
1514643705.6380765
1514643706.506485
1514643706.5071132
1514643707.4888754
1514643707.4889185
1514643708.2711365
1514643708.2711635
1514643709.2433786
1514643709.2434087
1514643710.2893307
1514643710.2893555
1514643711.4447718
1514643711.4448
1514643712.6070435
1514643712.6070821
1514643713.7852151
1514643713.785247
1514643714.9911728
1514643714.9912004
1514643716.110792
1514643716.11082
1514643717.115088
1514643717.1151192
1514643717.8766603
1514643717.8766894
1514643719.2845082
1514643719.284532
1514643720.4480724
1514643720.4496698
1514643721.3568828
1514643721.356917
1514643722.3190873
1514643722.319116
1514643723.4313262
1514643723.431376
1514643724.2416368
1514643724.2419922
1514643725.4982545
1514643725.498569
1514643726.6472232
1514643726.647252
1514643727.5898454
1514643727.5898738
1514643728.736271
1514643728.7362988
1514643730.0685625
1514643730.0685954
1514643731.1686673
1514643731.1686983
1514643732.2757492
1514643732.2757778
1514643733.2474096
1514643733.2477129
1514643734.0219815
1514643734.0220098
1514643734.8682861
1514643734.8683145
1514643736.0779274
1514643736.078
1514643737.1303778
1514643737.1310546
1514643738.0131829
1514643738.0132113
1514643738.711702
1514643738.7117305
1514643739.699583
1514643739.6998587
1514643740.5091987
1514643740.5092437
1514643741.2510674
1514643741.2510955
1514643742.0027552
1514643742.0027876
1514643742.6995423
1514643742.6995773
1514643743.486768
1514643743.4868035
1514643744.2367055
1514643744.236734
1514643745.1173327
1514643745.1174076
1514643745.84187
1514643745.8418965
1514643746.4886947
1514643746.488728
1514643747.281556
1514643747.2815843
1514643747.9280944
1514643747.9284837
1514643748.784587
1514643748.7846136
1514643749.4685018
1514643749.46853
1514643750.5216858
1514643750.5217078
1514643751.1164088
1514643751.1164417
1514643751.8568776
1514643751.8569329
1514643752.3903913
1514643752.3904257
1514643752.9704876
1514643752.9705625
1514643753.5353603
1514643753.5353906
1514643754.2698247
1514643754.2698977
1514643755.0080526
1514643755.0080824
1514643755.6190188
1514643755.6190596
1514643756.2594392
1514643756.259472
1514643756.8855608
1514643756.885592
1514643757.241106