
1514643648.762489
1514643655.2593136
1514643655.2593632
1514643655.9663162
1514643655.9663439
1514643656.727281
1514643656.7273178
1514643657.4520206
1514643657.4532328
1514643658.2242966
1514643658.2246227
1514643659.0746696
1514643659.0747156
1514643659.8537822
1514643659.8538609
1514643660.6593997
1514643660.6594338
1514643661.4065087
1514643661.4068127
1514643662.0652459
1514643662.065273
1514643663.0711715
1514643663.0712085
1514643663.797561
1514643663.797643
1514643664.568451
1514643664.5684793
1514643665.245691
1514643665.2457209
1514643665.9648263
1514643665.9648545
1514643666.627876
1514643666.6279168
1514643667.4574196
1514643667.4574473
1514643668.2545073
1514643668.2545397
1514643669.006091
1514643669.0061357
1514643669.8212712
1514643669.8213468
1514643670.4954326
1514643670.4961061
1514643671.6021926
1514643671.602221
1514643672.765673
1514643672.7657013
1514643673.6589189
1514643673.658956
1514643674.683323
1514643674.6833715
1514643675.4104316
1514643675.4104698
1514643677.042667
1514643677.042694
1514643678.0965126
1514643678.0965464
1514643679.048017
1514643679.0480497
1514643680.2649775
1514643680.2650037
1514643681.4342313
1514643681.4342732
1514643682.3807847
1514643682.380816
1514643683.3581042
1514643683.3581264
1514643684.537955
1514643684.5380087
1514643685.5267487
1514643685.5267751
1514643686.4327464
1514643686.432785
1514643687.5859127
1514643687.5859466
1514643688.8174682
1514643688.818764
1514643689.7730064
1514643689.7730389
1514643690.7839317
1514643690.7839577
1514643692.3466823
1514643692.3467214
1514643693.6829991
1514643693.6833825
1514643694.9340622
1514643694.9341028
1514643696.0149078
1514643696.014947
1514643697.2827027
1514643697.2827277
1514643698.4300647
1514643698.430098
1514643699.4951754
1514643699.4956913
1514643700.3373106
1514643700.3373392
1514643701.4273531
1514643701.4273973
1514643702.3314621
1514643702.3314922
1514643703.03619
1514643703.036591
1514643704.1518476
1514643704.1518753
1514643705.1632454
1514643705.1632798
1514643706.2448554
1514643706.2454653
1514643706.9948678
1514643706.994901
1514643708.0464437
1514643708.046489
1514643709.1284726
1514643709.1288168
1514643710.2507322
1514643710.250808
1514643711.3953538
1514643711.3953905
1514643712.4707115
1514643712.4707441
1514643712.868647
1514643712.8686929
1514643713.852619
1514643713.852662
1514643714.8540251
1514643714.8540993
1514643715.785156
1514643715.7855709
1514643716.5003939
1514643716.50043
1514643717.425275
1514643717.4253032
1514643718.34592
1514643718.3459518
1514643719.2605495
1514643719.2605755
1514643720.440277
1514643720.440321
1514643721.4565954
1514643721.456619
1514643722.8133812
1514643722.8134139
1514643724.0644698
1514643724.0645287
1514643725.4678392
1514643725.4678674
1514643726.6098933
1514643726.6099339
1514643727.48285
1514643727.4831793
1514643728.5272188
1514643728.527247
1514643729.7823029
1514643729.7823453
1514643730.7959454
1514643730.7959762
1514643731.7191482
1514643731.7192352
1514643732.5568597
1514643732.5569003
1514643733.6155794
1514643733.6156204
1514643734.837106
1514643734.8371377
1514643736.100707
1514643736.1012652
1514643737.2727726
1514643737.2728007
1514643738.5389276
1514643738.5389755
1514643739.7690225
1514643739.7690496
1514643740.9063532
1514643740.9063823
1514643741.8195293
1514643741.8195672
1514643742.9070675
1514643742.9071047
1514643744.2958605
1514643744.2958846
1514643745.48375
1514643745.4837778
1514643746.416211
1514643746.4162405
1514643747.4354224
1514643747.4354606
1514643748.3379412
1514643748.3379686
1514643749.2534313
1514643749.25346
1514643749.8058212
1514643749.8058586
1514643750.7064388
1514643750.7064757
1514643751.9134939
1514643751.9135213
1514643753.1421337
1514643753.1421616
1514643754.3698795
1514643754.3703103
1514643755.536672
1514643755.5367124
1514643756.4280272
1514643756.4280503
1514643757.3593829
1514643757.35941
1514643758.1731815
1514643758.1732438
1514643759.156022
1514643759.156059
1514643760.0275414
1514643760.0280354
1514643760.7938645
1514643760.7938957
1514643761.8647957
1514643761.8648245
1514643762.93083
1514643762.9309223
1514643763.8334875
1514643763.8335125
1514643764.6525705
1514643764.652597
1514643765.4071815
1514643765.4072156
1514643766.2364373
1514643766.2386978