
1514643648.7741094
1514643656.27904
1514643656.2790692
1514643657.5784748
1514643657.578502
1514643658.8407953
1514643658.8408237
1514643659.8683093
1514643659.8684042
1514643660.69505
1514643660.6950777
1514643661.6891615
1514643661.6891892
1514643662.7019308
1514643662.7019632
1514643663.5782719
1514643663.5783062
1514643664.5900443
1514643664.5900712
1514643665.5628557
1514643665.5628831
1514643666.467166
1514643666.4671936
1514643667.2602654
1514643667.260297
1514643668.0654309
1514643668.0654602
1514643668.7820263
1514643668.7820604
1514643669.7282817
1514643669.7283099
1514643670.5789456
1514643670.5790257
1514643671.6310577
1514643671.6310847
1514643672.4724698
1514643672.4727921
1514643673.1678267
1514643673.1681216
1514643674.1351237
1514643674.1351523
1514643675.193789
1514643675.1938312
1514643676.335821
1514643676.3358448
1514643677.2711763
1514643677.2712219
1514643678.286723
1514643678.286751
1514643679.3749921
1514643679.375263
1514643680.4988022
1514643680.498842
1514643681.8682663
1514643681.8683422
1514643683.3553832
1514643683.3554122
1514643684.7972298
1514643684.797258
1514643686.4745693
1514643686.4745955
1514643687.8086421
1514643687.8086736
1514643689.5000982
1514643689.5001295
1514643690.8810213
1514643690.881103
1514643692.1391337
1514643692.139161
1514643693.1063814
1514643693.106411
1514643693.8719356
1514643693.8719718
1514643695.032809
1514643695.0328364
1514643696.151385
1514643696.1514158
1514643697.3186877
1514643697.3187191
1514643698.4785504
1514643698.4789004
1514643699.776865
1514643699.7768924
1514643700.9171374
1514643700.9171698
1514643701.7443223
1514643701.7443497
1514643702.8878434
1514643702.8879185
1514643704.0270975
1514643704.027199
1514643707.0865183
1514643707.086551
1514643708.5619576
1514643708.5619862
1514643710.1941655
1514643710.1941934
1514643711.3830516
1514643711.3830853
1514643712.5556226
1514643712.5556498
1514643713.3999658
1514643713.3999934
1514643714.2248862
1514643714.2249115
1514643715.1236365
1514643715.123677
1514643716.2426834
1514643716.242706
1514643717.5182471
1514643717.5182738
1514643718.7177947
1514643718.7178211
1514643719.7720463
1514643719.7720737
1514643721.4087873
1514643721.4088633
1514643722.615797
1514643722.6158242
1514643723.9652174
1514643723.966239
1514643725.0223732
1514643725.02241
1514643726.2451985
1514643726.2452252
1514643727.3794107
1514643727.3796875
1514643728.5464137
1514643728.5464368
1514643729.8039615
1514643729.8039873
1514643730.825038
1514643730.8250656
1514643732.0604105
1514643732.060444
1514643733.1830316
1514643733.1830592
1514643734.0713203
1514643734.0713675
1514643735.0366747
1514643735.0367126
1514643736.3211732
1514643736.3219497
1514643737.4051347
1514643737.4051623
1514643738.4730797
1514643738.4731023
1514643739.5499418
1514643739.549969
1514643740.3916595
1514643740.3917003
1514643741.2289991
1514643741.22903
1514643742.2212658
1514643742.2212877
1514643743.3258433
1514643743.3258777
1514643744.2159262
1514643744.2159543
1514643745.0278213
1514643745.0286045
1514643745.9133432
1514643745.9133718
1514643746.6785252
1514643746.6785536
1514643747.6493866
1514643747.6494179
1514643748.5495577
1514643748.5495908
1514643749.4443753
1514643749.444402
1514643750.5416198
1514643750.541642
1514643751.2594156
1514643751.2597125
1514643751.9745657
1514643751.974593
1514643753.0635264
1514643753.0635633
1514643753.9853444
1514643753.9853857
1514643754.6331856
1514643754.6332133
1514643756.348023
1514643756.3480582
1514643757.5774894
1514643757.5775156
1514643758.649743
1514643758.649771
1514643759.4667416
1514643759.4667678
1514643760.4804976
1514643760.4805253
1514643761.6288304
1514643761.628858
1514643762.9538906
1514643762.9539254
1514643764.0968778
1514643764.0969107
1514643764.9985497
1514643764.998617
1514643765.7969277
1514643765.7969644
1514643766.7121172
1514643766.7121468
1514643767.8340027
1514643767.834035
1514643768.2223954
1514643768.222424
1514643768.9418836
1514643768.941909
1514643769.4605753
1514643769.4606123
1514643769.8786175
1514643769.878644
1514643770.3137782
1514643770.313806
1514643770.853348
1514643770.8533757
1514643771.2651844
1514643771.2652266
1514643771.6014466
1514643771.601477
1514643772.3337886
1514643772.33388
1514643772.6548574
1514643772.6548924
1514643772.9894855
1514643772.989518
1514643773.4004781
1514643773.4005182
1514643773.7620704
1514643773.7621021
1514643774.136981
1514643774.1370218
1514643774.470389
1514643774.4704235
1514643774.7982821
1514643774.7983103
1514643775.230254
1514643775.2302883
1514643775.5839608
1514643775.5839956
1514643775.8751311
1514643775.8751636
1514643776.209268
1514643776.2092998
1514643776.5203974
1514643776.5204277
1514643776.8390462
1514643776.8390796
1514643777.1654935
1514643777.1655235