
1514643648.7742362
1514643656.3308148
1514643656.3308434
1514643657.3929086
1514643657.3929324
1514643657.746985
1514643658.8557155
1514643658.8560264
1514643659.9499462
1514643659.9499748
1514643660.7704372
1514643660.770476
1514643661.7813172
1514643661.7813423
1514643663.141324
1514643663.1413553
1514643664.2790005
1514643664.2790294
1514643665.352069
1514643665.3524494
1514643666.5795045
1514643666.579537
1514643668.0622904
1514643668.0623238
1514643669.1032193
1514643669.1032512
1514643670.2841675
1514643670.284196
1514643671.2533464
1514643671.2533748
1514643671.7597814
1514643671.7598097
1514643673.2749376
1514643673.2749732
1514643675.1029055
1514643675.1029363
1514643676.138621
1514643676.1386497
1514643676.9135175
1514643676.913546
1514643677.966712
1514643677.967577
1514643678.9686003
1514643678.9688947
1514643680.0139017
1514643680.0139275
1514643681.0282893
1514643681.0283186
1514643681.873979
1514643681.8740695
1514643682.881012
1514643682.8810396
1514643683.6592028
1514643683.6592295
1514643684.581417
1514643684.5814445
1514643685.5728753
1514643685.5729103
1514643686.4645755
1514643686.4646034
1514643687.5349455
1514643687.5349722
1514643688.8336802
1514643688.833707
1514643690.0034611
1514643690.0034978
1514643691.1083944
1514643691.108421
1514643692.228472
1514643692.228527
1514643693.6622624
1514643693.6622858
1514643694.6597633
1514643694.6601806
1514643695.2806933
1514643695.2807207
1514643695.9519467
1514643695.9519746
1514643696.474471
1514643696.4744992
1514643697.294353
1514643697.294374
1514643698.0969954
1514643698.0970254
1514643698.8044095
1514643698.8047643
1514643699.7909224
1514643699.7909482
1514643700.6856318
1514643700.6859446
1514643701.5862813
1514643701.5863094
1514643702.7818997
1514643702.7819407
1514643703.8827693
1514643703.8828442
1514643704.8280613
1514643704.8280876
1514643705.4625914
1514643705.462615
1514643706.48756
1514643706.4878747
1514643707.6249292
1514643707.6249568
1514643709.676417
1514643709.6764479
1514643710.5822248
1514643710.582265
1514643711.4546416
1514643711.4546652
1514643712.5827343
1514643712.5827565
1514643713.6378903
1514643713.6379178
1514643714.6259115
1514643714.625939
1514643715.457733
1514643715.4582098
1514643716.3450522
1514643716.3450797
1514643717.4358408
1514643717.4358668
1514643718.3823762
1514643718.3824005
1514643719.2158778
1514643719.215906
1514643720.1059976
1514643720.1060305
1514643720.824061
1514643720.8240886
1514643721.5410616
1514643721.541374
1514643722.2260873
1514643722.2261145
1514643722.9672954
1514643722.967322
1514643723.923178
1514643723.9232914
1514643724.7399788
1514643724.7400067
1514643725.8924158
1514643725.8927274
1514643727.1489525
1514643727.1489782
1514643728.3505065
1514643728.3505347
1514643729.5616157
1514643729.5616503
1514643730.450822
1514643730.4508498
1514643731.316445
1514643731.3167944
1514643732.3249104
1514643732.3249483
1514643733.3140116
1514643733.3140388
1514643734.140151
1514643734.1401799
1514643734.9145603
1514643734.914588
1514643735.9587157
1514643735.9587936
1514643736.8511865
1514643736.8512092
1514643737.7292705
1514643737.7292979
1514643738.547461
1514643738.5474842
1514643739.7461762
1514643739.7462106
1514643740.7038124
1514643740.7038414
1514643741.3960488
1514643741.396087
1514643742.3781133
1514643742.3781517
1514643743.2413857
1514643743.2414134
1514643744.1664085
1514643744.1664376
1514643744.9092002
1514643744.9092283
1514643745.8007214
1514643745.8010046
1514643746.5658238
1514643746.5658484
1514643747.4907775
1514643747.4908063
1514643748.268631
1514643748.268947
1514643749.4228764
1514643749.4229116
1514643750.4045463
1514643750.4045737
1514643750.934831
1514643750.9348578
1514643751.9147046
1514643751.9150388
1514643752.770396
1514643752.7704263
1514643753.3739278
1514643753.3739572
1514643754.2994916
1514643754.2998576
1514643755.4248388
1514643755.424866
1514643756.560769
1514643756.5608046
1514643757.4255383
1514643757.4258106
1514643758.3641493
1514643758.3641768
1514643759.2241797
1514643759.2242067
1514643760.2714076
1514643760.271436
1514643760.8641744
1514643760.8642027
1514643761.745366
1514643761.7453926
1514643762.505711
1514643762.5057387
1514643763.0921674
1514643763.0925286
1514643763.748335
1514643763.7486594
1514643764.4401557
1514643764.4401896
1514643765.0306976
1514643765.0307279
1514643765.641467
1514643765.6414979
1514643766.441611
1514643766.4416435
1514643767.3215613
1514643767.3215852
1514643768.165735
1514643768.1657681
1514643768.8542585
1514643768.8542862
1514643769.2128067
1514643769.2128458
1514643769.708008
1514643769.7080362
1514643769.979966