
1514643648.7689815
1514643655.571188
1514643655.5712185
1514643656.4705086
1514643656.4705372
1514643657.3239179
1514643657.3239489
1514643658.0316556
1514643658.0321486
1514643658.7347038
1514643658.7347336
1514643659.4566498
1514643659.456686
1514643660.182297
1514643660.1823285
1514643661.0655825
1514643661.0656059
1514643662.0010026
1514643662.0010452
1514643663.1778197
1514643663.1778486
1514643664.2365043
1514643664.2368023
1514643665.2452543
1514643665.245329
1514643666.309235
1514643666.3092651
1514643667.334702
1514643667.3347433
1514643668.2740772
1514643668.2741058
1514643669.1881633
1514643669.1882124
1514643670.4442663
1514643670.4450228
1514643671.660414
1514643671.660437
1514643672.825699
1514643672.8257906
1514643673.9154594
1514643673.9154918
1514643675.238793
1514643675.2388222
1514643676.328706
1514643676.328733
1514643677.251267
1514643677.2512991
1514643678.3226283
1514643678.322655
1514643679.2704513
1514643679.2707713
1514643680.1965668
1514643680.196602
1514643681.253183
1514643681.2532265
1514643682.1564891
1514643682.1565235
1514643683.2884865
1514643683.2885203
1514643684.4888833
1514643684.488906
1514643685.5914228
1514643685.5914595
1514643686.6089895
1514643686.609017
1514643687.6896565
1514643687.689687
1514643688.887065
1514643688.8870916
1514643690.148317
1514643690.1483617
1514643691.0683873
1514643691.0684216
1514643692.2996948
1514643692.299723
1514643693.6295483
1514643693.6295786
1514643694.940596
1514643694.9406347
1514643696.140626
1514643696.140662
1514643697.3316755
1514643697.3316987
1514643698.662962
1514643698.6630404
1514643699.8270996
1514643699.8271217
1514643700.7565396
1514643700.7565668
1514643701.6179292
1514643701.6179554
1514643702.6043992
1514643702.6044326
1514643703.2201047
1514643703.220433
1514643704.0834172
1514643704.0837743
1514643704.9992213
1514643704.9992495
1514643706.0576766
1514643706.0577095
1514643706.8863473
1514643706.8863752
1514643707.8691266
1514643707.8691573
1514643708.8567677
1514643708.85709
1514643709.94283
1514643709.9428575
1514643710.9520185
1514643710.9520512
1514643711.746192
1514643711.7462192
1514643712.644156
1514643712.6441872
1514643713.9523916
1514643713.9524174
1514643715.0817115
1514643715.0817792
1514643716.2782562
1514643716.2782834
1514643717.3840957
1514643717.3841243
1514643718.3546727
1514643718.3546958
1514643719.2492292
1514643719.2492642
1514643720.3369167
1514643720.3375697
1514643721.4708996
1514643721.470931
1514643722.5834675
1514643722.5834959
1514643723.8072827
1514643723.8073108
1514643724.3198957
1514643724.3201811
1514643725.7296329
1514643725.7296607
1514643726.9321668
1514643726.93259
1514643727.9287748
1514643727.9288046
1514643728.9098341
1514643728.9098592
1514643730.0840743
1514643730.084152
1514643731.143321
1514643731.1434004
1514643732.2371187
1514643732.2371564
1514643733.1267211
1514643733.126797
1514643733.9317625
1514643733.9317963
1514643734.903803
1514643734.9038298
1514643735.8911674
1514643735.891193
1514643736.7668667
1514643736.7668915
1514643737.5756562
1514643737.5756905
1514643738.4782977
1514643738.4783273
1514643739.3448389
1514643739.3448663
1514643739.9811716
1514643739.9812121
1514643740.8598115
1514643740.8598404
1514643741.6437967
1514643741.6438215
1514643742.4506726
1514643742.4520664
1514643743.2707682
1514643743.2707918
1514643744.035155
1514643744.035183
1514643744.6487288
1514643744.6487558
1514643745.334157
1514643745.3345122
1514643746.0120807
1514643746.0121083
1514643746.6236784
1514643746.6237063
1514643747.3804607
1514643747.3804896
1514643748.0980823
1514643748.0981197
1514643748.8945818
1514643748.894881
1514643749.4879365
1514643749.4879625
1514643750.511211
1514643750.5112379
1514643751.1731737
1514643751.1732543
1514643751.8862362
1514643751.8862631
1514643752.4700243
1514643752.4700866
1514643753.1707199
1514643753.1708019
1514643754.2550154
1514643754.2550921
1514643755.091484
1514643755.0915098
1514643755.751825
1514643755.751857
1514643756.4152982
1514643756.4153278
1514643757.3106482
1514643757.3109684
1514643758.0559082
1514643758.0559464
1514643758.7946165
1514643758.794956
1514643759.4347458
1514643759.4347804
1514643760.4598658
1514643760.4599001
1514643761.2861755
1514643761.28625
1514643762.047071
1514643762.0471108
1514643762.843763
1514643762.8437922
1514643763.3441317
1514643763.3441596
1514643764.096844
1514643764.0968728
1514643764.8435743
1514643764.8436224
1514643765.4853163
1514643765.4853582
1514643766.216611
1514643766.216646
1514643766.8240511
1514643766.8240793
1514643768.0965242
1514643768.0965543
1514643768.7542267
1514643768.7542567
1514643768.986216
1514643780.614926
1514643780.6149597
1514643780.9286964
1514643780.9287255
1514643781.2303236
1514643781.2303548
1514643781.3896048