
1514643648.7804608
1514643651.0600395
1514643651.060075
1514643651.0600948
1514643651.0601053
1514643651.0601218
1514643651.0601313
1514643651.060145
1514643651.0601537
1514643651.06151
1514643651.0616245
1514643652.7964778
1514643652.7965057
1514643652.7965226
1514643652.796532
1514643652.7965457
1514643652.796554
1514643652.796569
1514643652.7965772
1514643652.7977853
1514643652.7978904
1514643655.3158793
1514643656.2437196
1514643656.2437487
1514643657.309566
1514643657.3096027
1514643658.5185065
1514643658.5185335
1514643659.4223123
1514643659.422341
1514643660.5903945
1514643660.5904243
1514643661.6081102
1514643661.6081493
1514643662.4003518
1514643662.4003808
1514643663.3359308
1514643663.3359582
1514643664.310732
1514643664.3110173
1514643665.185374
1514643665.1854143
1514643665.9837902
1514643665.9838145
1514643666.8018186
1514643666.8019104
1514643667.8017151
1514643667.8017457
1514643668.7971077
1514643668.797146
1514643669.805351
1514643669.8054297
1514643670.62765
1514643670.6276734
1514643671.6461887
1514643671.6462164
1514643672.6852984
1514643672.6853337
1514643673.778334
1514643673.7783785
1514643674.962758
1514643674.9627883
1514643675.744476
1514643675.7445066
1514643676.6692643
1514643676.6693513
1514643677.9013608
1514643677.9014025
1514643679.009612
1514643679.0096364
1514643679.9900212
1514643679.9900482
1514643680.9860747
1514643680.9861143
1514643682.097008
1514643682.0974288
1514643683.317908
1514643683.317935
1514643684.6075275
1514643684.6075618
1514643685.6867065
1514643685.6867445
1514643686.798753
1514643686.7990286
1514643688.0009136
1514643688.0009422
1514643689.3397536
1514643689.3397837
1514643690.7469187
1514643690.7469578
1514643691.9454837
1514643691.945517
1514643692.8129888
1514643692.813056
1514643693.7412212
1514643693.7412572
1514643695.0166523
1514643695.016697
1514643696.0735812
1514643696.07362
1514643697.0911841
1514643697.0921814
1514643697.9565775
1514643697.9566112
1514643698.7590055
1514643698.7591095
1514643699.8120253
1514643699.812051
1514643700.871329
1514643700.8717754
1514643701.6714294
1514643701.6714566
1514643702.8239975
1514643702.824092
1514643703.9322627
1514643703.9322896
1514643705.0495636
1514643705.049598
1514643706.4927294
1514643706.492755
1514643707.703733
1514643707.7037725
1514643708.852433
1514643708.85252
1514643710.404148
1514643710.4042659
1514643711.5084443
1514643711.5084765
1514643712.660865
1514643712.66133
1514643713.9222808
1514643713.9223087
1514643715.0738366
1514643715.0738633
1514643716.230851
1514643716.230881
1514643717.3568695
1514643717.3569064
1514643718.3426347
1514643718.3426623
1514643719.275552
1514643719.27558
1514643720.222697
1514643720.222725
1514643721.117341
1514643721.1173878
1514643722.0118372
1514643722.0118666
1514643723.0175815
1514643723.017606
1514643724.0148783
1514643724.0149047
1514643725.4522736
1514643725.4523065
1514643726.7886603
1514643726.7886884
1514643727.8220444
1514643727.8224185
1514643728.946502
1514643728.9465303
1514643730.183997
1514643730.1840332
1514643731.2362778
1514643731.2363048
1514643732.3816333
1514643732.3816671
1514643733.4658334
1514643733.4662845
1514643734.6612523
1514643734.6612933
1514643735.517575
1514643735.5176013
1514643736.400981
1514643736.4012918
1514643737.3584871
1514643737.3585143
1514643738.8784907
1514643738.878593
1514643740.0959268
1514643740.0959516
1514643741.14549
1514643741.1455138
1514643742.2184575
1514643742.2184844
1514643743.1642506
1514643743.1642864
1514643744.16694
1514643744.166962
1514643745.0021532
1514643745.0021813
1514643746.0626996
1514643746.062727
1514643747.1121202
1514643747.1121566
1514643748.1648405
1514643748.1648667
1514643749.3907826
1514643749.3908448
1514643750.5301256
1514643750.53015
1514643751.6742206
1514643751.674256
1514643752.2235174
1514643752.223588
1514643752.8727434
1514643752.872771
1514643753.425766
1514643753.4257934
1514643754.0951648
1514643754.097722
1514643754.6454248
1514643754.6457489
1514643755.28464
1514643755.2846737
1514643755.8734767
1514643755.8735006
1514643756.378411
1514643756.3784513
1514643757.0003333
1514643757.0003612
1514643757.5318205
1514643757.532101
1514643758.1095052
1514643758.1095335
1514643758.5853708
1514643758.5854077
1514643759.2190862
1514643759.2191133
1514643759.9590316
1514643759.959697
1514643760.5240784
1514643760.5262015
1514643761.0317822
1514643761.031834
1514643761.6922183
1514643761.692246
1514643762.2793632
1514643762.2794454
1514643763.0211508
1514643763.0211792
1514643763.7905717
1514643763.7909002
1514643764.596431
1514643764.5964587
1514643765.2323635
1514643765.2328138
1514643766.0558262
1514643766.055855
1514643766.769229
1514643766.769293
1514643767.384884
1514643767.384908
1514643768.1987288
1514643768.1987548
1514643769.0163527
1514643769.0163841
1514643769.6573472
1514643769.6573877
1514643770.264439
1514643770.264469
1514643770.813556
1514643770.813585
1514643771.2340574
1514643771.2340882