
1515079378.1028557
1515079386.6429152
1515079386.6429493
1515079389.2368488
1515079389.236874
1515079391.9420633
1515079391.9420898
1515079393.554726
1515079393.5547943
1515079395.5553231
1515079395.5553615
1515079396.825156
1515079396.8251858
1515079398.192542
1515079398.1925974
1515079399.1537774
1515079399.1538088
1515079400.3740509
1515079400.374457
1515079401.5460596
1515079401.5461054
1515079402.9766037
1515079402.9766366
1515079403.862494
1515079403.8631904
1515079404.7660444
1515079404.7660952
1515079405.1714168
1515079406.264342
1515079406.2646873
1515079407.254532
1515079407.2545872
1515079408.0691724
1515079408.0692096
1515079408.9702704
1515079408.9708462
1515079409.5944693
1515079409.5947795
1515079410.579722
1515079410.579769
1515079411.46223
1515079411.4622757
1515079412.5104399
1515079412.5109055
1515079413.7180827
1515079413.7181106
1515079414.7548463
1515079414.7553236
1515079415.7189739
1515079415.7190752
1515079416.923554
1515079416.9235938
1515079418.229239
1515079418.2295704
1515079419.359728
1515079419.3597622
1515079420.6848
1515079420.6853695
1515079422.2361848
1515079422.2364774
1515079423.9451168
1515079423.9451697
1515079425.5896993
1515079425.589736
1515079426.9867487
1515079426.986774
1515079428.0132942
1515079428.0136242
1515079429.5524936
1515079429.552536
1515079430.5749469
1515079430.5753365
1515079431.7209523
1515079431.720989
1515079433.1247175
1515079433.1248207
1515079434.6822062
1515079434.6822464
1515079435.929606
1515079435.9296396
1515079437.2714396
1515079437.271787
1515079438.375256
1515079438.3753617
1515079439.8124738
1515079439.812576
1515079441.4865155
1515079441.4865613
1515079442.3797026
1515079442.3798547
1515079443.7064064
1515079443.7064497
1515079445.077142
1515079445.0776167
1515079446.4094071
1515079446.409445
1515079447.6288946
1515079447.6289515
1515079448.985264
1515079448.9860313
1515079449.8755414
1515079449.8755827
1515079451.18922
1515079451.1893191
1515079452.2435815
1515079452.2436185
1515079453.4150112
1515079453.4150546
1515079454.7345927
1515079454.7347014
1515079456.0451055
1515079456.0451598
1515079458.087335
1515079458.0874414
1515079460.1547658
1515079460.1553226
1515079461.3928032
1515079461.393237
1515079463.3687172
1515079463.3691645
1515079464.5473487
1515079464.547378
1515079465.6166806
1515079465.617028
1515079466.7853982
1515079466.7854977
1515079467.7786548
1515079467.7786891
1515079468.9468112
1515079468.9468617
1515079470.0691104
1515079470.0691462
1515079471.1476054
1515079471.148061
1515079472.3800285
1515079472.3804214
1515079473.6217525
1515079473.6217883
1515079475.1386607
1515079475.1386971
1515079476.7902212
1515079476.7902508
1515079478.4220278
1515079478.4220765
1515079479.8063798
1515079479.8064127
1515079481.4344895
1515079481.4345226
1515079483.1549091
1515079483.1553364
1515079484.5658622
1515079484.5659034
1515079486.0434134
1515079486.0434413
1515079487.508112
1515079487.5081391
1515079488.7671418
1515079488.7671769
1515079489.98533
1515079489.9853778
1515079491.0994272
1515079491.099484
1515079492.1999872
1515079492.200019
1515079493.259518
1515079493.2596178
1515079494.2722166
1515079494.2722569
1515079495.288264
1515079495.2882926
1515079496.5968535
1515079496.597339
1515079497.8155153
1515079497.8155534
1515079498.5224013
1515079498.5224476
1515079498.9813046
1515079498.9813397
1515079499.4123049
1515079499.4143713
1515079500.2386
1515079500.2386458
1515079501.3391757
1515079501.339214
1515079501.8097908
1515079501.8098297
1515079502.6389277
1515079502.638967
1515079503.4676678
1515079503.4680371
1515079503.8803327
1515079503.8803692