
1515079378.0646255
1515079385.929951
1515079385.929997
1515079387.0276186
1515079387.0276606
1515079388.0241022
1515079388.0241334
1515079388.5863612
1515079388.5873623
1515079389.191908
1515079389.191955
1515079389.8170645
1515079389.817102
1515079390.3830328
1515079390.3835137
1515079391.1196294
1515079391.1197498
1515079391.884196
1515079391.8842258
1515079392.7540007
1515079392.754041
1515079393.0761604
1515079393.7482944
1515079393.748323
1515079394.794285
1515079394.7943406
1515079395.3692555
1515079395.3692992
1515079396.0087705
1515079396.0088892
1515079396.7161758
1515079396.716228
1515079397.2923207
1515079397.292667
1515079397.9274642
1515079397.9275005
1515079398.4977107
1515079398.4977472
1515079399.3582933
1515079399.3583593
1515079400.2051811
1515079400.205284
1515079400.8562803
1515079400.8563297
1515079401.7659302
1515079401.7659624
1515079402.5360491
1515079402.5360823
1515079403.2122426
1515079403.2124007
1515079403.8393388
1515079403.8393705
1515079404.5626187
1515079404.562668
1515079405.508226
1515079405.5082657
1515079406.53341
1515079406.5337896
1515079407.7332225
1515079407.7336836
1515079408.6770282
1515079408.6770725
1515079409.594998
1515079409.5953522
1515079410.6274717
1515079410.6275046
1515079411.669175
1515079411.6692166
1515079412.522952
1515079412.52326
1515079413.6960566
1515079413.6960964
1515079414.946743
1515079414.9467726
1515079415.7535439
1515079415.753968
1515079416.9529936
1515079416.9530253
1515079418.4428418
1515079418.4428947
1515079419.5939686
1515079419.5943964
1515079420.565627
1515079420.5656676
1515079421.9462898
1515079421.9463556
1515079423.7811825
1515079423.781214
1515079425.343843
1515079425.3439124
1515079426.64581
1515079426.645842
1515079427.9164758
1515079427.9166055
1515079429.2663124
1515079429.2663767
1515079430.1736069
1515079430.173642
1515079431.203527
1515079431.2036686
1515079432.1544168
1515079432.1544557
1515079434.230863
1515079434.230901
1515079435.3307376
1515079435.3308
1515079436.7482972
1515079436.7504475
1515079438.216192
1515079438.2162292
1515079439.7146351
1515079439.7147098
1515079441.2065086
1515079441.2065573
1515079442.2346315
1515079442.2347176
1515079443.652479
1515079443.6525087
1515079445.2589781
1515079445.2590635
1515079446.4743392
1515079446.474384
1515079447.7383163
1515079447.7387347
1515079449.2365823
1515079449.2366095
1515079450.1407287
1515079450.1407657
1515079451.2743928
1515079451.2744892
1515079452.5809705
1515079452.581006
1515079453.817193
1515079453.8172326
1515079455.0944524
1515079455.0944862
1515079456.3947275
1515079456.3947785
1515079457.9553273
1515079457.9553614
1515079458.8528845
1515079458.8530078
1515079460.3163304
1515079460.316474
1515079461.6212666
1515079461.6213129
1515079462.7414813
1515079462.7415097
1515079463.8054178
1515079463.8055718
1515079465.3660629
1515079465.366101
1515079466.2599716
1515079466.260023
1515079467.5831287
1515079467.5831563
1515079468.9586952
1515079468.958725
1515079470.3844025
1515079470.3844988
1515079471.3546708
1515079471.3547103
1515079472.7949953
1515079472.795028
1515079473.7822814
1515079473.7823193
1515079474.3971155
1515079474.3971534
1515079475.0958726
1515079475.0959444
1515079475.7203038
1515079475.7208436
1515079476.26679