
1515079378.0723364
1515079385.9368322
1515079385.9372318
1515079386.5489337
1515079386.548977
1515079387.1374922
1515079387.1375313
1515079388.2505538
1515079388.2509813
1515079389.202621
1515079389.2026548
1515079390.385498
1515079390.385958
1515079391.8878975
1515079391.887926
1515079392.599295
1515079392.5993347
1515079393.6282156
1515079393.6282482
1515079394.4620333
1515079394.4624588
1515079395.3704531
1515079395.3704884
1515079396.8040104
1515079396.804045
1515079398.406471
1515079398.4065075
1515079399.5771384
1515079399.5771842
1515079400.638261
1515079400.6386776
1515079402.069804
1515079402.069846
1515079403.4520833
1515079403.4521081
1515079404.9994702
1515079404.9995046
1515079406.2535381
1515079406.2535794
1515079407.792642
1515079407.7926784
1515079409.1653454
1515079409.1654773
1515079410.4316034
1515079410.431635
1515079411.8305895
1515079411.83063
1515079412.8852077
1515079412.8867164
1515079413.9524643
1515079413.9525006
1515079415.0100093
1515079415.0100875
1515079418.6016312
1515079418.60173
1515079419.6116905
1515079419.6117277
1515079420.5953417
1515079420.5953734
1515079422.858393
1515079422.8602746
1515079423.7479298
1515079423.7483788
1515079425.0560238
1515079425.0560765
1515079426.5299933
1515079426.530023
1515079427.5355096
1515079427.5355422
1515079429.1389344
1515079429.1389625
1515079430.245394
1515079430.245429
1515079431.455862
1515079431.4562356
1515079432.4814947
1515079432.4815276
1515079434.2536473
1515079434.254042
1515079435.4129355
1515079435.4129853
1515079436.6407242
1515079436.6408067
1515079437.9865508
1515079437.9865785
1515079439.2997723
1515079439.2999318
1515079440.1133678
1515079440.1134837
1515079441.936351
1515079441.936386
1515079442.6941552
1515079442.694248
1515079443.8520768
1515079443.8521192
1515079444.8803422
1515079444.8803983
1515079445.6353195
1515079445.6353457
1515079447.098989
1515079447.099033
1515079448.0907097
1515079448.0907397
1515079449.2902262
1515079449.2902725
1515079450.6567183
1515079450.6567476
1515079452.2190475
1515079452.2190855
1515079453.6948175
1515079453.6948483
1515079455.0791397
1515079455.0799322
1515079456.319435
1515079456.3194742
1515079457.307453
1515079457.30749
1515079458.2100425
1515079458.2103422
1515079459.0937555
1515079459.0938132
1515079460.056525
1515079460.0565581
1515079461.1244297
1515079461.124455
1515079462.1331081
1515079462.133223
1515079463.503615
1515079463.503675
1515079464.5504866
1515079464.5507789
1515079465.5829709
1515079465.5830042
1515079466.6838715
1515079466.6839325
1515079467.6582823
1515079467.658406
1515079469.0451086
1515079469.0451427
1515079470.2373269
1515079470.2376297
1515079471.1905181
1515079471.1905453
1515079472.4298644
1515079472.4299247
1515079473.4657993
1515079473.4664037
1515079474.3332758
1515079474.3333173
1515079475.2464569
1515079475.2464852
1515079476.3471186
1515079476.3475275
1515079477.0834405
1515079477.0834687
1515079478.0835853
1515079478.0836205
1515079479.285099
1515079479.2863533
1515079480.741129
1515079480.7411842
1515079482.241881
1515079482.2423072
1515079483.7394326
1515079483.7394779
1515079485.280117
1515079485.2805717
1515079486.4746792
1515079486.474719
1515079487.6364536
1515079487.636518
1515079488.185415
1515079500.6522734
1515079500.6523094
1515079501.5261672
1515079501.5262003
1515079502.2051713
1515079502.205211
1515079502.6128938