
1515079378.0670564
1515079386.7975187
1515079386.7975671
1515079387.8405657
1515079387.8406017
1515079388.4584134
1515079388.4586902
1515079389.0296474
1515079389.0296795
1515079389.8732584
1515079389.873306
1515079390.6981692
1515079390.6993732
1515079391.640182
1515079391.6405277
1515079393.141564
1515079393.1415958
1515079394.0578506
1515079394.0578983
1515079395.014413
1515079395.0144536
1515079396.1661878
1515079396.166304
1515079397.1781204
1515079397.1782372
1515079398.382205
1515079398.3822439
1515079399.3893843
1515079399.3894398
1515079400.4443986
1515079400.4445086
1515079401.7645051
1515079401.765013
1515079403.080097
1515079403.0801437
1515079404.6085703
1515079404.6085994
1515079405.972627
1515079405.9726734
1515079407.5985432
1515079407.5985937
1515079409.2603357
1515079409.260475
1515079410.8139486
1515079410.8139956
1515079412.1987035
1515079412.1987348
1515079413.8116257
1515079413.8116596
1515079415.4520447
1515079415.4520926
1515079416.6636708
1515079416.6637137
1515079418.4556987
1515079418.4560404
1515079419.599131
1515079419.5997458
1515079420.6355543
1515079420.6355894
1515079421.8290393
1515079421.8294468
1515079422.9444206
1515079422.9444547
1515079424.2700684
1515079424.2702043
1515079425.252256
1515079425.255241
1515079426.1761181
1515079426.1761537
1515079427.562365
1515079427.5623984
1515079429.1793838
1515079429.179422
1515079430.059641
1515079430.0596764
1515079430.9021862
1515079430.9022934
1515079432.0275736
1515079432.0276158
1515079433.048418
1515079433.0484607
1515079434.0282004
1515079434.028588
1515079434.6275039
1515079434.6275444
1515079435.4268062
1515079435.4268305
1515079436.2218933
1515079436.222241
1515079437.1512456
1515079437.1515565
1515079437.9507408
1515079437.950787
1515079438.8413205
1515079438.8413506
1515079439.6307511
1515079439.6308336
1515079440.5323927
1515079440.5324273
1515079441.8064594
1515079441.806793
1515079442.5666065
1515079442.5667553
1515079443.6199732
1515079443.6200178
1515079444.6528504
1515079444.6528842
1515079445.5979002
1515079445.5981915
1515079446.9042864
1515079446.9046886
1515079447.8769426
1515079447.8770003
1515079449.1881135
1515079449.1884851
1515079449.9615746
1515079449.9616039
1515079451.261564
1515079451.261592
1515079452.7731526
1515079452.773203
1515079454.0737336
1515079454.073764
1515079455.4915254
1515079455.4915757
1515079456.7071197
1515079456.7071474
1515079458.2178593
1515079458.2185192
1515079459.8302603
1515079459.830294
1515079461.1071796
1515079461.1072133
1515079462.159336
1515079462.1593618
1515079463.5277905
1515079463.5290642
1515079464.779687
1515079464.7797277
1515079465.8441265
1515079465.8441591
1515079467.4804246
1515079467.480454
1515079468.470481
1515079468.4705265
1515079470.1608844
1515079470.1609216
1515079471.1172535
1515079471.1172898
1515079471.9905982
1515079471.9906306
1515079472.6131244
1515079472.6134336
1515079473.491469
1515079473.4915016
1515079474.2124434
1515079474.2124753
1515079474.9164362
1515079474.9164784
1515079475.471029
1515079475.471463
1515079476.246465
1515079476.2465007
1515079476.7710998
1515079476.7711332
1515079477.3343778
1515079477.3344057
1515079478.0564787
1515079478.056525
1515079478.670644
1515079478.670677
1515079479.356736
1515079479.3567696
1515079480.0391538
1515079480.03919
1515079480.843997
1515079480.844547
1515079481.6021686
1515079481.602524
1515079482.2825756
1515079482.2826064
1515079482.9173207
1515079482.917388
1515079483.7450812
1515079483.7451344
1515079484.555759
1515079484.5561135
1515079485.3177648
1515079485.3177898
1515079486.1831672
1515079486.1835523
1515079486.9182332
1515079486.9182827
1515079487.766605
1515079487.76696
1515079488.5530844
1515079488.5531154
1515079489.4897451
1515079489.4897916
1515079490.8332293
1515079490.833586
1515079492.0600533
1515079492.0600824
1515079492.6528246
1515079501.4507642
1515079501.4508786