
1515079378.0938325
1515079386.437682
1515079386.437725
1515079388.194135
1515079388.19422
1515079390.3341599
1515079390.334202
1515079391.9985874
1515079391.9986217
1515079393.1463134
1515079393.146387
1515079394.1699948
1515079394.170033
1515079395.7674246
1515079395.7674713
1515079397.1551754
1515079397.1552117
1515079398.4193344
1515079398.4196694
1515079399.5455558
1515079399.5456045
1515079400.5177116
1515079400.5178134
1515079401.8927355
1515079401.8932674
1515079403.1432817
1515079403.1433227
1515079403.582653
1515079404.9069307
1515079404.906978
1515079406.0926008
1515079406.092647
1515079407.1215925
1515079407.1257842
1515079408.1883245
1515079408.1883578
1515079409.2930532
1515079409.2933903
1515079410.6090493
1515079410.6090875
1515079412.1507013
1515079412.1508005
1515079412.8136826
1515079412.8139813
1515079413.6129081
1515079413.612938
1515079414.184866
1515079414.1849124
1515079414.9379096
1515079414.9379432
1515079415.541633
1515079415.5416598
1515079416.3406034
1515079416.340634
1515079416.9036744
1515079416.9037068
1515079417.593182
1515079417.5933099
1515079418.6857219
1515079418.6857507
1515079419.3288033
1515079419.3288338
1515079420.170492
1515079420.1705296
1515079420.863192
1515079420.8632207
1515079421.8981512
1515079421.8981864
1515079422.9098494
1515079422.9103177
1515079423.7694566
1515079423.7694952
1515079425.198659
1515079425.198691
1515079426.0856838
1515079426.085714
1515079427.0204303
1515079427.0204587
1515079427.6591046
1515079427.6596847
1515079428.3469684
1515079428.3479974
1515079429.1007326
1515079429.1007755
1515079429.8376896
1515079429.8377223
1515079430.5920336
1515079430.5923076
1515079431.5077887
1515079431.5078208
1515079432.46834
1515079432.4683893
1515079433.383458
1515079433.383534
1515079434.424829
1515079434.4248638
1515079435.0551045
1515079435.055138
1515079436.0078778
1515079436.0079255
1515079436.8942244
1515079436.8946226
1515079437.8953419
1515079437.8953767
1515079439.2008812
1515079439.2009165
1515079440.0088336
1515079440.0089548
1515079441.2226596
1515079441.2226944
1515079442.3163602
1515079442.3165095
1515079443.6479568
1515079443.6479917
1515079444.7612603
1515079444.7616909
1515079445.6028962
1515079445.6032324
1515079447.130529
1515079447.1305585
1515079448.0496633
1515079448.0496957
1515079449.2308953
1515079449.2309368
1515079450.713359
1515079450.7133927
1515079451.766768
1515079451.7677262
1515079452.8770187
1515079452.8770533
1515079453.9610302
1515079453.9610662
1515079455.1696308
1515079455.1697292
1515079456.25096
1515079456.2517245
1515079457.0298285
1515079457.0298572
1515079457.956279
1515079457.9563053
1515079458.9030836
1515079458.9031131
1515079459.957419
1515079459.9574556
1515079460.9425995
1515079460.9429257
1515079461.6782465
1515079461.6788301
1515079462.6357226
1515079462.6357584
1515079463.5842566
1515079463.5845392
1515079464.5420337
1515079464.5420642
1515079465.4036095
1515079465.4036412
1515079466.319048
1515079466.3190894
1515079467.2598572
1515079467.2603486
1515079467.8840406
1515079467.8840811
1515079468.9872472
1515079468.9872754
1515079470.113326
1515079470.1136918
1515079471.0288963
1515079471.0289245
1515079472.2835317
1515079472.2836387
1515079473.1209495
1515079473.121254
1515079473.9815404
1515079473.981571
1515079475.0318758
1515079475.0319357
1515079476.039424
1515079476.0394542
1515079476.8409626
1515079476.8409917
1515079477.9397686
1515079477.9398046
1515079478.9459484
1515079478.94598
1515079480.1217875
1515079480.1218185
1515079481.5000749
1515079481.5001075
1515079482.6767619
1515079482.6767852
1515079483.914525
1515079483.9145553
1515079485.1404953
1515079485.140841
1515079486.636017
1515079486.6360505
1515079487.9123216
1515079487.9123585
1515079489.043696
1515079489.043727
1515079490.047722
1515079490.047754