
1515079378.092998
1515079387.150124
1515079387.150164
1515079389.2269254
1515079389.2269573
1515079391.424342
1515079391.4243758
1515079393.0135975
1515079393.0136592
1515079394.4076195
1515079394.4076533
1515079396.0489593
1515079396.0490131
1515079398.950388
1515079398.9505107
1515079400.4175885
1515079400.4176207
1515079401.9205005
1515079401.9205468
1515079403.2783575
1515079403.27839
1515079404.4925914
1515079404.492648
1515079405.6181877
1515079405.6182215
1515079407.1815996
1515079407.1816256
1515079408.2890134
1515079408.2890573
1515079409.3415065
1515079409.3415368
1515079410.5175283
1515079410.5175881
1515079411.6537998
1515079411.6538417
1515079412.4746127
1515079412.4746482
1515079413.3487852
1515079413.3488345
1515079414.114391
1515079414.1144269
1515079415.5506155
1515079415.5507138
1515079416.9242308
1515079416.9242642
1515079417.9789307
1515079417.9789648
1515079419.1826403
1515079419.1826801
1515079420.4398563
1515079420.439897
1515079421.5499957
1515079421.5500534
1515079422.5141509
1515079422.5141811
1515079423.6250868
1515079423.6251187
1515079424.9447486
1515079424.9447951
1515079426.0645819
1515079426.0646112
1515079427.590492
1515079427.5905223
1515079429.4587345
1515079429.4587693
1515079430.5562108
1515079430.556313
1515079431.6240642
1515079431.6241045
1515079433.050499
1515079433.050598
1515079434.6927557
1515079434.692784
1515079436.2905414
1515079436.290581
1515079437.6959326
1515079437.6959703
1515079439.3901896
1515079439.390234
1515079440.475392
1515079440.4754293
1515079442.0718162
1515079442.0718658
1515079443.5912628
1515079443.5913074
1515079445.012556
1515079445.0125914
1515079445.9492335
1515079445.949361
1515079447.5140557
1515079447.514099
1515079449.2665856
1515079449.266618
1515079449.9629607
1515079449.9629898
1515079450.9209712
1515079450.921438
1515079451.7169466
1515079451.7169957
1515079452.4688668
1515079452.4688935
1515079453.1335025
1515079453.133537
1515079454.0530045
1515079454.0530355
1515079454.931073
1515079454.931528
1515079455.610684
1515079455.6107197
1515079456.4947422
1515079456.4948716
1515079457.3072495
1515079457.3077548
1515079458.0664737
1515079458.0665216
1515079458.7326715
1515079458.7327106
1515079460.4293203
1515079460.4295988
1515079461.463449
1515079461.4634733
1515079462.3879585
1515079462.3880117
1515079463.576749
1515079463.5771136
1515079464.9034152
1515079464.9034867
1515079465.7747948
1515079465.774829
1515079467.505161
1515079467.5052173
1515079469.6925526
1515079469.6926167
1515079470.9916966
1515079470.9917278
1515079472.3091168
1515079472.3094933
1515079473.545157
1515079473.5451956
1515079475.1845345
1515079475.1846232
1515079477.0275004
1515079477.0275397
1515079478.7502468
1515079478.7502747
1515079480.4861887
1515079480.4862297
1515079482.1628263
1515079482.1628642
1515079483.3838627
1515079483.3839386
1515079484.5037286
1515079484.5041928
1515079485.7531521
1515079485.7531972
1515079487.1376512
1515079487.137683
1515079488.6740634
1515079488.6741045
1515079489.5843534
1515079489.5844488
1515079490.2508478
1515079490.2509708
1515079490.7961016
1515079490.7961335
1515079491.338244
1515079491.3382833
1515079491.919528
1515079491.919564
1515079492.4880202
1515079492.488059
1515079493.0515642
1515079493.0515902
1515079493.664498
1515079493.664535
1515079494.1985161
1515079494.1985447
1515079494.8431704
1515079494.8437135
1515079495.291566
1515079495.2916005
1515079495.8975735
1515079495.8976114
1515079496.4781318
1515079496.4785347
1515079497.0716333
1515079497.0716805
1515079497.6943219
1515079497.6943684
1515079498.216465
1515079498.2164965
1515079498.630656
1515079498.63069
1515079499.0750937
1515079499.0751367
1515079499.4623811
1515079499.4640882