
1515079378.097998
1515079385.9098153
1515079385.9098692
1515079386.674023
1515079386.6740522
1515079387.355276
1515079387.3553095
1515079389.2323422
1515079389.2323663
1515079391.1645005
1515079391.1646187
1515079392.3545232
1515079392.354562
1515079394.0622678
1515079394.0622945
1515079395.407079
1515079395.4073975
1515079396.4341397
1515079396.4341893
1515079397.654406
1515079397.6544363
1515079399.1094592
1515079399.109509
1515079400.629352
1515079400.6294475
1515079402.177878
1515079402.1779087
1515079403.4275625
1515079403.427592
1515079404.9283597
1515079404.9284048
1515079406.3071797
1515079406.3072062
1515079407.6369958
1515079407.6370223
1515079408.7580416
1515079408.758074
1515079409.5479856
1515079409.548127
1515079410.6954653
1515079410.6954997
1515079411.7300956
1515079411.7301311
1515079412.7242146
1515079412.7243185
1515079414.0091019
1515079414.0091503
1515079415.3090606
1515079415.3091075
1515079416.4044893
1515079416.404524
1515079417.1919324
1515079417.191959
1515079419.260984
1515079419.2613406
1515079420.4265144
1515079420.4265425
1515079421.4012294
1515079421.401596
1515079422.4026809
1515079422.4027157
1515079423.479265
1515079423.4793305
1515079424.5717134
1515079424.5717528
1515079425.6327233
1515079425.6327622
1515079426.873581
1515079426.8736134
1515079427.8209586
1515079427.821071
1515079429.452865
1515079429.4529033
1515079430.252777
1515079430.252877
1515079431.4307632
1515079431.4308026
1515079432.1914902
1515079432.1916225
1515079433.261175
1515079433.2612529
1515079434.9066572
1515079434.906695
1515079436.4685287
1515079436.4689367
1515079438.0875976
1515079438.087651
1515079439.628986
1515079439.6290257
1515079440.769436
1515079440.769485
1515079442.1951957
1515079442.1953053
1515079444.035982
1515079444.0360346
1515079445.5309916
1515079445.5313218
1515079447.194113
1515079447.194143
1515079448.3116295
1515079448.3117692
1515079449.565654
1515079449.5657032
1515079450.9447894
1515079450.9448245
1515079452.1528666
1515079452.1529007
1515079453.6628492
1515079453.6628802
1515079454.7611558
1515079454.7612014
1515079456.1766446
1515079456.1766763
1515079457.3886275
1515079457.389306
1515079458.3924446
1515079458.3924751
1515079459.6730728
1515079459.673122
1515079460.8787956
1515079460.8788316
1515079462.0123687
1515079462.0123997
1515079463.5551524
1515079463.5551836
1515079464.9991405
1515079464.9991853
1515079466.2019815
1515079466.2020278
1515079467.7818177
1515079467.7821536
1515079469.371671
1515079469.3717587
1515079470.8870404
1515079470.8870995
1515079472.3175256
1515079472.3175623
1515079473.8267643
1515079473.8268068
1515079475.032047
1515079475.0320709
1515079476.552728
1515079476.5527637
1515079478.1378713
1515079478.1379156
1515079479.4835122
1515079479.4835465
1515079480.5959342
1515079480.5959635
1515079481.9022856
1515079481.9023447
1515079483.0689158
1515079483.0689514
1515079484.2303572
1515079484.230391
1515079485.3884978
1515079485.388595
1515079486.4836237
1515079486.4836705
1515079487.490155
1515079487.4901826
1515079488.6119182
1515079488.6119547
1515079489.70823
1515079489.7082589
1515079490.9304452
1515079490.9304883
1515079492.112982
1515079492.1130087
1515079493.0869164
1515079493.0872283
1515079494.0197854
1515079494.020143
1515079495.1002812
1515079495.1012168
1515079496.0576365
1515079496.057665
1515079497.3147283
1515079497.3147767
1515079500.2428887
1515079500.2429285
1515079501.4269495
1515079501.4269986
1515079501.9126928
1515079501.9127395
1515079502.7225955
1515079502.7226245
1515079503.6996877
1515079503.6997163
1515079504.1628497
1515079504.162891
1515079504.5341263
1515079504.534159
1515079505.1284509
1515079505.128478
1515079505.6998
1515079505.7002597
1515079505.9897697
1515079505.9898117