
1515079378.095966
1515079386.6301653
1515079386.6302037
1515079387.4615078
1515079387.4615371
1515079388.653123
1515079388.6531565
1515079390.3685925
1515079390.3690722
1515079391.7743456
1515079391.77437
1515079393.2558358
1515079393.2558742
1515079394.6412158
1515079394.6412537
1515079395.9517326
1515079395.9542263
1515079397.2941282
1515079397.29451
1515079398.4620495
1515079398.4620814
1515079399.579663
1515079399.579691
1515079400.5814614
1515079400.5816107
1515079402.059851
1515079402.0599086
1515079404.2400253
1515079404.2400575
1515079405.9386163
1515079405.938651
1515079407.3902326
1515079407.3906152
1515079408.6218028
1515079408.6218383
1515079409.5016096
1515079409.5017583
1515079410.873595
1515079410.8736286
1515079411.9696312
1515079411.969665
1515079413.0395393
1515079413.0395741
1515079413.8496203
1515079415.4745197
1515079415.4745505
1515079416.7088397
1515079416.7088828
1515079417.3236725
1515079417.3237112
1515079418.967729
1515079418.9690273
1515079420.9086633
1515079420.908702
1515079422.1216106
1515079422.12164
1515079423.524269
1515079423.524302
1515079424.873469
1515079424.8735042
1515079425.9990027
1515079425.9990392
1515079427.6401126
1515079427.6402094
1515079429.598741
1515079429.598774
1515079430.61423
1515079430.614836
1515079431.8628256
1515079431.8628802
1515079432.9859626
1515079432.9859955
1515079434.9646773
1515079434.9695885
1515079436.323942
1515079436.3247557
1515079438.0981958
1515079438.098231
1515079439.9643626
1515079439.9645116
1515079441.6535099
1515079441.6535554
1515079442.8523574
1515079442.8527617
1515079443.9922378
1515079443.992286
1515079445.2178302
1515079445.2181108
1515079446.0748534
1515079446.0748892
1515079447.2115285
1515079447.213401
1515079448.111009
1515079448.1110346
1515079449.274161
1515079449.2741861
1515079450.311954
1515079450.3119888
1515079451.6713636
1515079451.6713932
1515079452.9825203
1515079452.9828904
1515079454.0682049
1515079454.068232
1515079455.317022
1515079455.317054
1515079456.6688623
1515079456.6688962
1515079458.2416382
1515079458.242078
1515079459.848327
1515079459.8483646
1515079461.7107668
1515079461.710875
1515079463.209437
1515079463.2095375
1515079464.6380036
1515079464.6384747
1515079465.758989
1515079465.7590191
1515079467.284839
1515079467.2848713
1515079469.2905898
1515079469.2907145
1515079470.8573778
1515079470.8574078
1515079472.4579377
1515079472.4580479
1515079473.9747057
1515079473.9747458
1515079476.4686313
1515079476.4686592
1515079478.1429226
1515079478.14295
1515079478.9487069
1515079478.9490864
1515079479.6283119
1515079479.6283658
1515079480.1720579
1515079480.172092
1515079480.757062
1515079480.7570922
1515079481.3524833
1515079481.3526194
1515079481.9510205
1515079481.951423
1515079482.6655746
1515079482.6656044
1515079483.2218647
1515079483.2219079
1515079483.8528266
1515079483.8528664
1515079484.4854207
1515079484.4858558
1515079485.1649837
1515079485.165015
1515079485.994204
1515079485.994232
1515079486.6459303
1515079486.6459575
1515079487.3962312
1515079487.3963418
1515079488.0680807
1515079488.0681098
1515079488.8377647
1515079488.8378012
1515079489.5755544
1515079489.5755944
1515079490.4223764
1515079490.4225047
1515079491.1330667
1515079491.1330962
1515079492.034147
1515079492.0341852
1515079492.8523686
1515079492.8527937
1515079493.673973
1515079493.6740084
1515079494.3139508
1515079494.3139832
1515079495.0969315
1515079495.0969613
1515079495.6268706
1515079495.6269038
1515079496.3025854
1515079496.302629
1515079497.058646
1515079497.0603347
1515079501.2972617
1515079501.2973027
1515079501.701098
1515079501.7011464
1515079502.5720913
1515079502.5721219
1515079502.987859
1515079502.9879282
1515079503.6893747
1515079503.689412