
1515079378.0786781
1515079386.138354
1515079386.1383908
1515079387.1976898
1515079387.197722
1515079388.1294181
1515079388.129508
1515079389.0424097
1515079389.0424547
1515079389.9202027
1515079389.9202468
1515079390.5611968
1515079390.5616164
1515079391.1144083
1515079391.7574406
1515079391.7577038
1515079392.2850792
1515079392.2851093
1515079393.0278223
1515079393.0278513
1515079393.6232007
1515079393.6232295
1515079394.2434278
1515079394.2437437
1515079394.9629478
1515079394.9629893
1515079395.5584905
1515079395.5585213
1515079396.2410736
1515079396.241398
1515079396.9496353
1515079396.9496686
1515079397.7349217
1515079397.7359354
1515079398.446193
1515079398.4462326
1515079400.0915365
1515079400.0915701
1515079401.174098
1515079401.1744864
1515079402.5299797
1515079402.530008
1515079403.9394937
1515079403.9395323
1515079405.528117
1515079405.5281506
1515079406.9142923
1515079406.9146583
1515079408.4367003
1515079408.437085
1515079410.3121622
1515079410.3125367
1515079412.2938848
1515079412.2939136
1515079413.89
1515079413.890043
1515079415.5203373
1515079415.5203657
1515079416.837816
1515079416.837863
1515079417.531714
1515079417.5317483
1515079419.0789897
1515079419.0796573
1515079420.4025593
1515079420.4026124
1515079421.9805002
1515079421.9805336
1515079423.1294305
1515079423.129468
1515079424.2931833
1515079424.293471
1515079425.303385
1515079425.3034368
1515079426.4424038
1515079426.4424396
1515079427.6558409
1515079427.6559558
1515079428.9742477
1515079428.9742873
1515079430.2224188
1515079430.2225392
1515079431.4370759
1515079431.437108
1515079432.703553
1515079432.7035875
1515079434.0036056
1515079434.0039725
1515079435.0923269
1515079435.0923693
1515079436.4917521
1515079436.4934435
1515079437.9566212
1515079437.956648
1515079439.4954898
1515079439.4955375
1515079440.4412463
1515079440.4413028
1515079441.768583
1515079441.7686188
1515079442.802913
1515079442.8032813
1515079444.0653675
1515079444.065396
1515079445.2707996
1515079445.270851
1515079446.0776465
1515079446.0776768
1515079447.283318
1515079447.2833486
1515079448.5409698
1515079448.5416734
1515079449.5225496
1515079449.522589
1515079450.778023
1515079450.7780566
1515079451.6786873
1515079451.6787105
1515079452.844618
1515079452.845166
1515079454.0295107
1515079454.0295622
1515079455.5288262
1515079455.5308278
1515079456.725406
1515079456.7254329
1515079458.1256182
1515079458.1257162
1515079459.412931
1515079459.4129853
1515079460.727643
1515079460.7276776
1515079462.0729423
1515079462.0729713
1515079463.6739566
1515079463.6740685
1515079465.540432
1515079465.5404649
1515079467.546153
1515079467.5461805
1515079468.6079094
1515079468.6079662
1515079469.7960618
1515079469.7967463
1515079470.8924809
1515079470.8925276
1515079472.3935242
1515079472.393548
1515079473.5509772
1515079473.5510013
1515079474.9531248
1515079474.9531596
1515079475.850967
1515079475.8517997
1515079476.5367153
1515079476.5367446
1515079477.1251063
1515079477.125138
1515079477.8438287
1515079477.8438728
1515079478.3978884
1515079478.3984017
1515079479.0390828
1515079479.0391104
1515079479.702158
1515079479.7022002
1515079480.3570023
1515079480.3574145
1515079481.0885315
1515079481.0886118
1515079481.9721627
1515079481.972211
1515079482.9891827
1515079482.9892242
1515079483.9981081
1515079483.998143
1515079485.2295647
1515079485.2296023
1515079486.5596483
1515079486.5596843
1515079487.5756702
1515079487.5760055
1515079488.5146594
1515079488.5146914
1515079489.5931802
1515079489.5932152
1515079490.9205449
1515079490.9205794
1515079492.159262
1515079492.1592872
1515079493.2225344
1515079493.2226384
1515079494.3469877
1515079494.3470414
1515079495.2416844
1515079495.241712
1515079496.2953742
1515079496.2956636
1515079497.497242
1515079497.49729
1515079497.9746861