
1515079378.085828
1515079386.889239
1515079386.8892756
1515079388.2835166
1515079388.2835417
1515079390.012099
1515079390.012132
1515079391.3171482
1515079391.3171802
1515079392.2374496
1515079392.237477
1515079393.4881382
1515079393.488189
1515079395.5121467
1515079395.5121849
1515079396.9998577
1515079396.9999049
1515079398.6153586
1515079398.6155064
1515079400.435121
1515079400.4351497
1515079401.9360476
1515079401.9360907
1515079403.1564822
1515079403.1565692
1515079404.466936
1515079404.466974
1515079405.6702585
1515079405.6703038
1515079406.7825222
1515079406.7825506
1515079408.003091
1515079408.003142
1515079410.3152995
1515079410.3153324
1515079411.3155103
1515079411.3155706
1515079412.112396
1515079412.1124501
1515079412.987618
1515079412.9876807
1515079413.9554229
1515079413.9554603
1515079415.422755
1515079415.4227989
1515079416.462461
1515079416.4624953
1515079417.1488757
1515079417.1489205
1515079418.5324993
1515079418.5325391
1515079419.5229542
1515079419.5230086
1515079420.8502698
1515079420.8508265
1515079422.2279398
1515079422.2279701
1515079423.8048224
1515079423.8048635
1515079425.6541126
1515079425.6541405
1515079426.9070837
1515079426.9071279
1515079427.973956
1515079427.97423
1515079429.3657053
1515079429.3657455
1515079432.928268
1515079432.9284358
1515079434.8669398
1515079434.866973
1515079436.2229378
1515079436.2230346
1515079437.8410382
1515079437.8410735
1515079439.1863558
1515079439.1863859
1515079440.205922
1515079440.2060494
1515079441.6093237
1515079441.6093533
1515079442.4282377
1515079442.4291856
1515079443.948602
1515079443.9486344
1515079445.1635394
1515079445.1635754
1515079446.3534353
1515079446.3534844
1515079447.2733727
1515079447.2734013
1515079448.4170275
1515079448.417547
1515079449.537832
1515079449.53786
1515079451.035316
1515079451.0357287
1515079452.4076037
1515079452.407677
1515079453.7279158
1515079453.7279456
1515079455.0589569
1515079455.0589986
1515079456.2886295
1515079456.2886555
1515079457.3091424
1515079457.309275
1515079458.6207561
1515079458.620805
1515079460.18936
1515079460.1893883
1515079461.4515998
1515079461.4521449
1515079462.6501126
1515079462.6501486
1515079463.6605754
1515079463.6606777
1515079465.3704948
1515079465.3705409
1515079466.4528625
1515079466.4529681
1515079467.8126247
1515079467.8126602
1515079469.237609
1515079469.2376394
1515079470.4999661
1515079470.500004
1515079471.8703747
1515079471.8708072
1515079472.8188934
1515079472.8189309
1515079474.0333245
1515079474.0333745
1515079475.4496014
1515079475.4496374
1515079476.9166553
1515079476.9167335
1515079478.3389192
1515079478.3391926
1515079479.7457118
1515079479.7457473
1515079481.114305
1515079481.1143577
1515079482.6357112
1515079482.6357555
1515079483.8967412
1515079483.8967834
1515079485.154467
1515079485.1545005
1515079486.756978
1515079486.7570074
1515079488.0201912
1515079488.020232
1515079489.227337
1515079489.2273731
1515079490.1791632
1515079490.1791983
1515079491.1267972
1515079491.1268477
1515079492.256793
1515079492.2568183
1515079493.3145924
1515079493.31516
1515079494.260218
1515079494.2602506
1515079495.3959417
1515079495.395977
1515079496.6465333
1515079496.646582
1515079497.8076773
1515079497.80771
1515079498.6418588
1515079498.6422868
1515079499.1983232
1515079499.1983657
1515079499.6577458
1515079499.6577847
1515079500.2413747
1515079500.2414346
1515079501.33723
1515079501.337262
1515079501.7699273
1515079501.7699735
1515079502.7003367
1515079502.7003744
1515079503.6910913
1515079503.6911314
1515079504.1589363
1515079504.1589847
1515079504.5234773
1515079504.5235157
1515079505.1100757
1515079505.1101098
1515079505.5739658
1515079505.5744066
1515079505.918278
1515079505.9183266
1515079506.325308
1515079506.325418
1515079506.806118
1515079506.806164
1515079507.2241585
1515079507.2241955
1515079507.5560277
1515079507.5560703
1515079507.8793976
1515079507.8794327
1515079508.1862109
1515079508.1862524
1515079508.552148
1515079508.5521853
1515079508.8687482
1515079508.8687935
1515079509.2904754
1515079509.2905169
1515079509.6107764
1515079509.6108062
1515079510.1135714
1515079510.1136086
1515079510.4607496
1515079510.4607923