
1515079378.0761006
1515079386.214916
1515079386.2149587
1515079386.9312787
1515079386.931324
1515079388.390074
1515079388.3905344
1515079389.242561
1515079389.2425876
1515079389.9852202
1515079389.985261
1515079390.6402395
1515079390.640626
1515079391.7093196
1515079391.7093477
1515079392.6014662
1515079392.601531
1515079393.6242898
1515079393.624314
1515079395.1922066
1515079395.192243
1515079396.2115629
1515079396.2116773
1515079397.5985389
1515079397.5985734
1515079398.3679435
1515079399.9303722
1515079399.9304278
1515079400.9693472
1515079400.9693837
1515079402.5812004
1515079402.5812511
1515079404.0265198
1515079404.0265548
1515079405.4916914
1515079405.4917243
1515079406.7297473
1515079406.730136
1515079408.0065424
1515079408.0065713
1515079409.3737671
1515079409.373792
1515079410.7321556
1515079410.7321832
1515079411.7769778
1515079411.777027
1515079412.6896787
1515079412.6897206
1515079413.816652
1515079413.8166811
1515079414.7813597
1515079414.7814
1515079415.5716786
1515079415.5717106
1515079416.5832415
1515079416.5832837
1515079417.1635718
1515079417.1636093
1515079418.5814514
1515079418.5817742
1515079419.3928716
1515079419.393405
1515079420.2955189
1515079420.2955554
1515079420.863009
1515079420.8630388
1515079421.8229544
1515079421.8233876
1515079422.6635847
1515079422.6636214
1515079423.5422895
1515079423.5423439
1515079424.6333396
1515079424.63378
1515079425.6187952
1515079425.6188264
1515079426.9836621
1515079426.98369
1515079428.333893
1515079428.3339357
1515079429.7934184
1515079429.7938254
1515079430.8805556
1515079430.8806515
1515079431.9711735
1515079431.9712121
1515079433.493889
1515079433.4940116
1515079434.6840844
1515079434.684117
1515079436.0568156
1515079436.0568435
1515079437.7620094
1515079437.7620437
1515079439.4192095
1515079439.419251
1515079440.5769153
1515079440.576949
1515079441.8823853
1515079441.882713
1515079442.9461238
1515079442.946472
1515079444.346816
1515079444.3468637
1515079445.6935692
1515079445.693684
1515079447.429265
1515079447.4296823
1515079448.6153362
1515079448.6153712
1515079449.7015285
1515079449.7015703
1515079451.2497206
1515079451.2501168
1515079452.6888285
1515079452.6889672
1515079454.0566247
1515079454.0566533
1515079455.7587116
1515079455.7587461
1515079456.8514836
1515079456.851525
1515079458.3790302
1515079458.3792028
1515079460.0471976
1515079460.0472364
1515079461.4634068
1515079461.463699
1515079462.9279084
1515079462.9279442
1515079464.0168686
1515079464.016965
1515079465.5271628
1515079465.5271919
1515079466.4724047
1515079466.4727385
1515079467.5899835
1515079467.5900214
1515079468.7022042
1515079468.702239
1515079469.5752923
1515079469.57572
1515079470.481484
1515079470.4815145
1515079471.2491088
1515079471.2491448
1515079472.375392
1515079472.37575
1515079473.3943877
1515079473.3944213
1515079474.5400715
1515079474.540105
1515079475.9235723
1515079475.9236677
1515079477.1667356
1515079477.1667702
1515079478.4239864
1515079478.4240148
1515079479.883722
1515079479.8837566
1515079481.536644
1515079481.5366766
1515079482.9255598
1515079482.9256008
1515079484.6180007
1515079484.6180353
1515079486.4087029
1515079486.4087386
1515079488.1361394
1515079488.1366165
1515079489.615519
1515079489.615552
1515079490.9681065
1515079490.9681425
1515079492.1062317
1515079492.1062686
1515079493.0961761
1515079493.0961986
1515079494.0501251
1515079494.0501566
1515079495.043836
1515079495.0438685
1515079495.5271432
1515079495.5271723
1515079496.4579613
1515079496.458279
1515079497.4263794
1515079497.4264166
1515079498.2213347
1515079498.2213697
1515079498.6744614
1515079498.6744978
1515079499.1582732
1515079499.1584013
1515079500.2408059
1515079500.240849
1515079501.3596811
1515079501.3597045