
1515079378.0758684
1515079385.9690058
1515079385.9690413
1515079386.679937
1515079386.679963
1515079388.2356834
1515079388.23599
1515079389.5173476
1515079389.5173929
1515079390.7587023
1515079390.759212
1515079391.9122672
1515079391.9139314
1515079392.8399465
1515079392.8400137
1515079393.782838
1515079393.782873
1515079394.9330018
1515079394.9330406
1515079396.173182
1515079396.1736438
1515079397.813625
1515079397.8136747
1515079398.78754
1515079398.787581
1515079400.2858264
1515079400.286231
1515079401.3592663
1515079401.3620203
1515079402.461345
1515079402.461379
1515079402.9374242
1515079403.696985
1515079403.6972852
1515079404.8639073
1515079404.8639526
1515079405.9548213
1515079405.954869
1515079407.1581132
1515079407.1586237
1515079408.1800976
1515079408.1801367
1515079409.3563004
1515079409.3563263
1515079410.8725126
1515079410.872554
1515079412.3244765
1515079412.3245149
1515079413.9376616
1515079413.9376915
1515079415.6147563
1515079415.6148686
1515079416.8747926
1515079416.8748271
1515079417.615945
1515079417.6160562
1515079419.162481
1515079419.1625106
1515079420.374234
1515079420.374267
1515079421.5701535
1515079421.5701885
1515079422.8020577
1515079422.802094
1515079423.860568
1515079423.8609176
1515079425.5362117
1515079425.536246
1515079426.9167473
1515079426.9167752
1515079427.90981
1515079427.9099224
1515079429.5386364
1515079429.5386727
1515079430.80573
1515079430.805857
1515079431.760068
1515079431.7601004
1515079432.7483356
1515079432.7483659
1515079433.9964583
1515079433.9968014
1515079435.379405
1515079435.379794
1515079436.4708612
1515079436.4711692
1515079437.850547
1515079437.8505929
1515079439.0683792
1515079439.068417
1515079440.1183538
1515079440.1183858
1515079441.813907
1515079441.814886
1515079442.9155986
1515079442.9156275
1515079445.3456018
1515079445.345645
1515079446.971178
1515079446.971572
1515079448.1639435
1515079448.164028
1515079449.5128844
1515079449.5129144
1515079451.215673
1515079451.2157588
1515079452.461202
1515079452.4612434
1515079453.7872868
1515079453.7873244
1515079455.0573533
1515079455.0577054
1515079456.2828727
1515079456.282908
1515079457.0315216
1515079457.031564
1515079458.2393646
1515079458.2398722
1515079459.985778
1515079459.9858074
1515079461.233952
1515079461.2342622
1515079462.7009249
1515079462.7009594
1515079463.8707726
1515079463.8708878
1515079465.4982247
1515079465.4982579
1515079467.0898967
1515079467.089928
1515079467.956059
1515079467.9560912
1515079469.296027
1515079469.2963212
1515079470.8114498
1515079470.8114827
1515079472.3775623
1515079472.3775856
1515079473.8952231
1515079473.895261
1515079475.4160266
1515079475.4160588
1515079477.4227304
1515079477.4227595
1515079478.980063
1515079478.98009
1515079480.4815621
1515079480.481641
1515079482.1972904
1515079482.1973276
1515079483.6052852
1515079483.6053255
1515079484.6747394
1515079484.6747677
1515079485.9647331
1515079485.9647672
1515079487.3198543
1515079487.3202991
1515079488.486624
1515079488.486658
1515079489.649868
1515079489.6498952
1515079490.725177
1515079490.7255821
1515079491.5555956
1515079491.556058
1515079492.5747244
1515079492.5747504
1515079493.550681
1515079493.550721
1515079494.3920639
1515079494.3921087
1515079495.2443972
1515079495.2449691
1515079496.215725
1515079496.2157562
1515079496.9634101
1515079496.9639866
1515079500.2398612
1515079500.239946
1515079501.2640505
1515079501.2640853
1515079501.6800199
1515079501.6800523
1515079502.5587015
1515079502.5587354