
1515100332.8171055
1515100335.6228695
1515100335.622909
1515100335.6232796
1515100335.6474082
1515100336.4119074
1515100336.4119654
1515100339.86151
1515100339.8615477
1515100341.5578384
1515100341.5578792
1515100343.4719703
1515100343.4723
1515100345.0504441
1515100345.0504675
1515100346.8377993
1515100346.837828
1515100348.6342483
1515100348.6345494
1515100350.463974
1515100350.4640083
1515100351.9499424
1515100351.9499702
1515100353.457156
1515100353.4572484
1515100354.9344478
1515100354.9344816
1515100356.1083457
1515100356.108375
1515100357.3616154
1515100357.361647
1515100358.7212133
1515100358.7212498
1515100360.2351606
1515100360.2351873
1515100361.587702
1515100361.587731
1515100362.7800384
1515100362.7800715
1515100364.260675
1515100364.2607038
1515100365.8489373
1515100365.8494642
1515100367.4118073
1515100367.4118524
1515100368.9329777
1515100368.9330068
1515100370.7097464
1515100370.7097762
1515100372.4008625
1515100372.4008913
1515100374.0560112
1515100374.0560422
1515100375.4518926
1515100375.4519207
1515100376.4957716
1515100376.4958038
1515100377.8817985
1515100377.881827
1515100379.1352656
1515100379.1352944
1515100380.5351589
1515100380.535237
1515100382.1337655
1515100382.1337903
1515100383.490776
1515100383.4930856
1515100384.8603232
1515100384.8607817
1515100386.1520112
1515100386.1520374
1515100387.581334
1515100387.5813632
1515100388.5271797
1515100390.2217464
1515100390.2217758
1515100391.7957857
1515100391.7958152
1515100393.2534542
1515100393.2537682
1515100394.5296135
1515100394.529992
1515100395.959196
1515100395.9592307
1515100397.6151073
1515100397.6151364
1515100399.115758
1515100399.1157858
1515100400.6541367
1515100400.654168
1515100402.206582
1515100402.20661
1515100403.6655395
1515100403.665564
1515100405.2457104
1515100405.2457495
1515100406.7226315
1515100406.722667
1515100408.3468769
1515100408.3469055
1515100409.3542647
1515100409.3542936
1515100410.0461328
1515100410.0461621
1515100410.593553
1515100410.5936306
1515100411.2367918
1515100411.2368217
1515100412.0146563
1515100412.0146818
1515100412.621938
1515100412.6219683
1515100413.33955
1515100413.3395789
1515100413.93761
1515100413.9389017
1515100414.5778725
1515100414.5779006
1515100415.3741653
1515100415.3741972
1515100416.4881542
1515100416.4881852
1515100417.4464946
1515100417.447025
1515100418.3916593
1515100418.3916883
1515100419.409075
1515100419.4091122
1515100420.6705036
1515100420.6705322
1515100422.108078
1515100422.1081095
1515100423.7080348
1515100423.708125
1515100425.2813118
1515100425.2813478
1515100426.7482164
1515100426.7488954
1515100428.3969138
1515100428.3969452
1515100429.9270113
1515100429.9274783
1515100431.3797605
1515100431.3798292
1515100433.0368803
1515100433.0371554
1515100434.500704
1515100434.5007355
1515100436.1117425
1515100436.1117785
1515100437.6768944
1515100437.676966
1515100439.2618198
1515100439.2618454
1515100440.847009
1515100440.8473296
1515100442.8068957
1515100442.806935
1515100444.3538196
1515100444.3538492
1515100445.767251
1515100445.7672784
1515100446.9545755
1515100446.954606
1515100448.1886334
1515100448.188661
1515100449.5242958
1515100449.524327
1515100450.6703794
1515100450.6704078
1515100451.8909392
1515100451.8909688
1515100453.172116
1515100453.1724072
1515100454.4716513
1515100454.4719787
1515100455.781804
1515100455.7818937
1515100456.9350708
1515100456.9350972
1515100457.7807891
1515100457.7808125
1515100458.8734388
1515100458.8735168
1515100459.8738854
1515100459.8741963
1515100461.0762107
1515100461.0762424
1515100462.0213811
1515100462.0214655
1515100463.29129
1515100463.2913191