
1515100332.8321586
1515100335.2675445
1515100335.2675822
1515100335.2679992
1515100335.2680976
1515100335.9772573
1515100335.9773557
1515100336.667325
1515100336.6674314
1515100338.1710696
1515100338.1711009
1515100339.1623764
1515100339.1624136
1515100340.1354704
1515100340.1354966
1515100341.4314818
1515100341.431626
1515100342.568897
1515100342.5689256
1515100343.6889393
1515100343.6911128
1515100345.0094297
1515100345.0123792
1515100346.1635993
1515100346.1636288
1515100347.1381905
1515100347.1382213
1515100348.3786514
1515100348.3786883
1515100349.8248591
1515100349.8248873
1515100351.3494997
1515100351.3495345
1515100352.8924956
1515100352.892529
1515100354.483312
1515100354.4833748
1515100356.2524984
1515100356.2525284
1515100358.1301684
1515100358.1301956
1515100360.2455714
1515100360.2455966
1515100362.344066
1515100362.3447354
1515100364.235627
1515100364.2356584
1515100365.7972648
1515100365.7976477
1515100367.1411922
1515100367.141236
1515100368.3309672
1515100368.3313153
1515100369.6805093
1515100369.6805394
1515100370.9670143
1515100370.9670424
1515100372.488641
1515100372.4886692
1515100374.271313
1515100374.2713697
1515100375.9125845
1515100375.9126322
1515100377.1452045
1515100377.1452348
1515100378.3389227
1515100378.3392892
1515100378.9367769
1515100380.3376117
1515100380.3376434
1515100381.692496
1515100381.6925225
1515100382.9871745
1515100382.9872072
1515100384.6164234
1515100384.616464
1515100386.2330422
1515100386.23308
1515100387.8228562
1515100387.822884
1515100389.4735181
1515100389.4736235
1515100390.981871
1515100390.9818988
1515100392.3249025
1515100392.325326
1515100393.9609966
1515100393.9613004
1515100395.5785294
1515100395.5786188
1515100397.1902058
1515100397.1902342
1515100398.8043623
1515100398.8043854
1515100400.310417
1515100400.3104458
1515100401.8607492
1515100401.8607776
1515100403.7065158
1515100403.7065506
1515100405.6410372
1515100405.6410668
1515100407.4855168
1515100407.4855459
1515100409.4093668
1515100409.4094098
1515100410.9272141
1515100410.9272416
1515100412.1835337
1515100412.1835601
1515100413.5174801
1515100413.5175085
1515100414.938927
1515100414.9389563
1515100416.1451802
1515100416.1452134
1515100417.2742746
1515100417.2745948
1515100418.5137608
1515100418.5137932
1515100419.8033178
1515100419.803374
1515100421.2809923
1515100421.2813146
1515100422.5946808
1515100422.59492
1515100423.849924
1515100423.8499568
1515100425.095067
1515100425.0950954
1515100426.4328952
1515100426.4330113
1515100427.964719
1515100427.9647474
1515100429.6269712
1515100429.6269996
1515100431.0681756
1515100431.0682096
1515100432.7924483
1515100432.7963638
1515100434.3215847
1515100434.3216133
1515100435.5584047
1515100435.5584347
1515100437.1166286
1515100437.1166534
1515100438.8309383
1515100438.8309665
1515100440.4501984
1515100440.450226
1515100441.856387
1515100441.8564146
1515100443.0084372
1515100443.0084746
1515100444.474137
1515100444.4741662
1515100446.0613935
1515100446.0614202
1515100448.036375
1515100448.036412
1515100449.6914227
1515100449.6915028
1515100450.9642467
1515100450.9642775
1515100452.0410259
1515100452.0410552
1515100453.1134968
1515100453.1135237
1515100454.2492297
1515100454.2492607
1515100455.5115657
1515100455.5119464
1515100456.728617
1515100456.7286453
1515100458.1143486
1515100458.1143758
1515100459.6355178
1515100459.6355467
1515100460.840726
1515100460.840758
1515100462.0165436
1515100462.0172799
1515100463.33882
1515100463.338843
1515100464.269921
1515100464.2699454
1515100465.4421117
1515100465.4424229
1515100466.673212
1515100466.673241
1515100467.8745334
1515100467.8746192
1515100469.1501193
1515100469.150148