
1515100332.8155072
1515100335.0612102
1515100335.0612469
1515100335.0616436
1515100335.061742
1515100335.9837928
1515100335.9838839
1515100336.5385065
1515100336.5385804
1515100338.951558
1515100338.9515882
1515100340.0200949
1515100340.0201285
1515100340.8534935
1515100340.8535228
1515100341.843984
1515100341.8440104
1515100343.0196595
1515100343.0196946
1515100344.006307
1515100344.0063343
1515100345.0476289
1515100345.04795
1515100346.0804746
1515100346.0804987
1515100347.3978431
1515100347.3978736
1515100348.5557373
1515100348.5557642
1515100349.712398
1515100349.7124262
1515100350.8594756
1515100350.859505
1515100352.0445125
1515100352.044547
1515100353.4608312
1515100353.4608595
1515100355.02624
1515100355.0262668
1515100356.427912
1515100356.4279401
1515100357.8398142
1515100357.8398428
1515100359.2947533
1515100359.2956035
1515100360.2361424
1515100361.8622406
1515100361.8622696
1515100363.6996746
1515100363.6999536
1515100365.7350764
1515100365.7351167
1515100367.244555
1515100367.2445886
1515100368.6840818
1515100368.6841102
1515100370.478719
1515100370.4787474
1515100372.1047442
1515100372.1047728
1515100373.3018868
1515100373.3019142
1515100374.446754
1515100374.447118
1515100376.0209937
1515100376.0210173
1515100377.457125
1515100377.4575303
1515100378.7504528
1515100378.750481
1515100380.4967716
1515100380.4967961
1515100382.1957335
1515100382.1957645
1515100383.6205952
1515100383.6206238
1515100385.3337727
1515100385.3338046
1515100387.206746
1515100387.2067785
1515100388.7706807
1515100388.770769
1515100390.3130596
1515100390.3130913
1515100391.9820962
1515100391.9821248
1515100393.5600405
1515100393.5600686
1515100394.787711
1515100394.7877398
1515100396.200777
1515100396.2011385
1515100397.6952493
1515100397.6952775
1515100399.6128614
1515100399.61289
1515100401.1732686
1515100401.1733184
1515100403.1539748
1515100403.1540096
1515100404.513144
1515100404.5131755
1515100405.9721985
1515100405.9722264
1515100407.489688
1515100407.4897223
1515100408.885319
1515100408.8853416
1515100410.3948863
1515100410.3949137
1515100412.128994
1515100412.1290247
1515100413.609507
1515100413.6095338
1515100415.1716332
1515100415.1716645
1515100416.8648837
1515100416.8651712
1515100418.8771386
1515100418.877163
1515100420.2535248
1515100420.253553
1515100421.5001557
1515100421.5001867
1515100422.72222
1515100422.7222478
1515100423.922309
1515100423.9224007
1515100425.163817
1515100425.163849
1515100426.3581405
1515100426.358178
1515100427.3286488
1515100427.3286726
1515100428.3172066
1515100428.3173254
1515100429.7017908
1515100429.7018192
1515100431.0094807
1515100431.0095148
1515100432.0902927
1515100432.0905802
1515100433.0712934
1515100433.0713215
1515100434.0455008
1515100434.045529
1515100434.8987563
1515100434.8990388
1515100435.912776
1515100435.9128058
1515100436.7266877
1515100436.7267303
1515100437.6730545
1515100437.6733418
1515100438.614525
1515100438.6145535
1515100439.4551625
1515100439.455191
1515100440.5656295
1515100440.5656567
1515100441.7105691
1515100441.710597
1515100442.7840617
1515100442.7840896
1515100444.0778575
1515100444.077881
1515100445.3299987
1515100445.3300247
1515100446.625677
1515100446.6257052
1515100448.0554068
1515100448.0554395
1515100449.461108
1515100449.461137
1515100450.9075642
1515100450.9075966
1515100452.5471773
1515100452.5472138
1515100454.0304937
1515100454.0305228
1515100455.7738287
1515100455.773852
1515100458.0530062
1515100458.0530412
1515100459.8405938
1515100459.8406286
1515100461.4785483
1515100461.4788706
1515100462.877284
1515100462.877319
1515100464.0940907
1515100464.0941257
1515100465.320433
1515100465.3207939
1515100466.559399
1515100466.5594287
1515100467.9437246
1515100467.943752
1515100469.0212457
1515100469.021276
1515100469.7855906
1515100469.785623
1515100470.7665884
1515100470.766623
1515100471.6980364
1515100471.6980653
1515100472.8125818
1515100472.8126073
1515100473.8233209
1515100473.8236377