
1515100332.8434281
1515100335.6703837
1515100335.6704147
1515100335.670748
1515100335.6708574
1515100336.5518177
1515100336.551908
1515100339.9966547
1515100339.996683
1515100341.5835388
1515100341.583563
1515100343.1211247
1515100343.1211534
1515100345.0414498
1515100345.0414822
1515100346.7817717
1515100346.7817996
1515100348.467287
1515100348.467322
1515100349.9997044
1515100349.9997323
1515100351.900601
1515100351.9006314
1515100353.5652719
1515100353.5653737
1515100355.052179
1515100355.052212
1515100356.6560295
1515100356.6560645
1515100358.1091604
1515100358.10919
1515100359.4842052
1515100359.48449
1515100360.739508
1515100360.7395375
1515100362.1330504
1515100362.1330798
1515100363.6848562
1515100363.6854417
1515100366.3018558
1515100366.3018844
1515100368.274722
1515100368.2748003
1515100370.5039048
1515100370.5039327
1515100372.5945525
1515100372.5945868
1515100374.7280104
1515100374.728043
1515100376.3225663
1515100376.3226
1515100378.3330972
1515100378.3331296
1515100380.4836352
1515100380.4837162
1515100382.4627688
1515100382.4627976
1515100384.0713127
1515100384.0713608
1515100385.6998887
1515100385.6999185
1515100387.1048234
1515100387.104852
1515100388.4402688
1515100388.440656
1515100389.637544
1515100389.6375716
1515100391.1896143
1515100391.1896467
1515100392.7522779
1515100392.752303
1515100394.2459407
1515100394.245971
1515100395.7307096
1515100395.7342227
1515100397.0536218
1515100397.0536492
1515100398.3142192
1515100398.3142521
1515100399.5441172
1515100399.5441463
1515100401.6233547
1515100401.62364
1515100403.2202442
1515100403.220271
1515100404.3928516
1515100404.3928843
1515100405.9140825
1515100405.9149048
1515100407.589225
1515100407.5893025
1515100409.7544177
1515100409.7544463
1515100411.6721833
1515100411.6722121
1515100413.1559026
1515100413.1559317
1515100414.666687
1515100414.6667333
1515100416.1852999
1515100416.1853304
1515100417.6738803
1515100417.6739085
1515100419.0484657
1515100419.0485
1515100420.3345249
1515100420.3345609
1515100421.8587961
1515100421.8588243
1515100423.3300273
1515100423.330061
1515100425.2356741
1515100425.2357109
1515100426.6883998
1515100426.6884372
1515100428.2323368
1515100428.232369
1515100429.8449655
1515100429.8450015
1515100431.294954
1515100431.2949817
1515100432.835772
1515100432.8358018
1515100434.6483932
1515100434.6484754
1515100436.4972975
1515100436.4973292
1515100437.7753258
1515100437.7753701
1515100439.2563355
1515100439.2563643
1515100440.6275928
1515100440.6276214
1515100442.2731454
1515100442.2731922
1515100444.2428138
1515100444.2428422
1515100446.0009298
1515100446.0009599
1515100447.923693
1515100447.9237223
1515100449.869441
1515100449.869572
1515100451.5748756
1515100451.5749016
1515100453.114443
1515100453.1148078
1515100454.8396764
1515100454.8397057
1515100457.1083236
1515100457.1083527
1515100458.5813742
1515100458.5814037
1515100460.0967128
1515100460.0970821
1515100461.4398997
1515100461.4399261
1515100462.6744208
1515100462.6744463
1515100463.9252465
1515100463.9253051
1515100465.0702157
1515100465.0702453
1515100466.0277596
1515100466.0277843
1515100466.9504502
1515100466.9504786
1515100467.9638612
1515100467.9639382
1515100469.189405
1515100469.1897864
1515100469.9788535
1515100469.9788811
1515100470.8139198
1515100470.81395
1515100471.6212585
1515100471.6212814
1515100472.4951832
1515100472.4952123
1515100472.9935985
1515100472.9936304
1515100473.8764086
1515100473.8764398
1515100474.1666489