
1515100332.8223772
1515100336.0765996
1515100336.0766244
1515100336.076934
1515100336.0770183
1515100336.6495953
1515100336.6496968
1515100339.931514
1515100339.931553
1515100341.2906792
1515100341.2907624
1515100342.6873543
1515100342.6873848
1515100344.1981094
1515100344.198137
1515100346.0673797
1515100346.0674334
1515100347.5578864
1515100347.5582411
1515100348.83193
1515100348.8319647
1515100350.399625
1515100350.3997147
1515100351.8668227
1515100351.8668513
1515100353.0640695
1515100353.0640945
1515100354.1919568
1515100354.1920068
1515100355.1533654
1515100355.153402
1515100356.385037
1515100356.385063
1515100357.5481253
1515100357.548154
1515100358.7725692
1515100358.772604
1515100360.219226
1515100360.2192495
1515100361.9362004
1515100361.9362283
1515100363.5468273
1515100363.546856
1515100365.0074427
1515100365.0074768
1515100366.4141328
1515100366.414174
1515100367.6702185
1515100367.6706378
1515100368.8782399
1515100368.8802395
1515100370.7474966
1515100370.7478812
1515100372.4959328
1515100372.495957
1515100374.327881
1515100374.3279064
1515100376.0392964
1515100376.0393264
1515100377.8466728
1515100377.846717
1515100379.3712056
1515100379.3712833
1515100380.8059833
1515100380.8063166
1515100382.3065224
1515100382.30655
1515100383.8632255
1515100383.8632483
1515100385.421206
1515100385.4212327
1515100386.1456566
1515100387.7046561
1515100387.7046924
1515100388.9798694
1515100388.9798975
1515100390.3594158
1515100390.359444
1515100391.6657894
1515100391.6658275
1515100392.820202
1515100392.8205087
1515100394.0811763
1515100394.0812056
1515100395.4722073
1515100395.4722865
1515100396.6077614
1515100396.6077895
1515100397.7127385
1515100397.7149427
1515100398.7994647
1515100398.7999887
1515100399.7409527
1515100399.7409801
1515100400.828636
1515100400.8286636
1515100401.914825
1515100401.9151263
1515100403.1014383
1515100403.1014628
1515100404.04975
1515100404.0497844
1515100405.172904
1515100405.1731899
1515100407.2219152
1515100407.2219448
1515100408.8642354
1515100408.865078
1515100410.4102516
1515100410.4102778
1515100412.3078606
1515100412.308186
1515100413.8074312
1515100413.8074603
1515100415.4805117
1515100415.486777
1515100416.9363794
1515100416.9366632
1515100418.2615166
1515100418.2615447
1515100419.7709093
1515100419.7712362
1515100421.1052902
1515100421.1053143
1515100422.7211525
1515100422.7211804
1515100424.3313003
1515100424.331332
1515100425.8908465
1515100425.8908792
1515100427.1472125
1515100427.1476264
1515100428.4667866
1515100428.466813
1515100429.9725344
1515100429.972831
1515100431.5886443
1515100431.5889335
1515100433.0144682
1515100433.014496
1515100434.451976
1515100434.4520137
1515100435.8486226
1515100435.84865
1515100437.3325963
1515100437.3326252
1515100438.8564324
1515100438.8564627
1515100440.342085
1515100440.3424165
1515100442.1853116
1515100442.1853428
1515100443.8023133
1515100443.8023412
1515100445.3845682
1515100445.3846054
1515100446.8996978
1515100446.8997264
1515100448.2759302
1515100448.2759573
1515100449.7584605
1515100449.75854
1515100451.1720433
1515100451.1723607
1515100452.7960668
1515100452.7962127
1515100454.31085
1515100454.3108788
1515100455.7291977
1515100455.7292254
1515100457.674677
1515100457.6747444
1515100459.8529859
1515100459.8532584
1515100461.4342303
1515100461.434262
1515100462.7545874
1515100462.7549775
1515100463.9947205
1515100463.9947617
1515100465.435153
1515100465.4351826
1515100466.757199
1515100466.757245
1515100467.9662483
1515100467.966325
1515100469.3643281
1515100469.364351
1515100470.627246
1515100470.6272717
1515100471.6176097
1515100471.6178913
1515100472.8091407
1515100472.8091748
1515100473.9089296
1515100473.9092612
1515100474.6741986
1515100474.6742303
1515100475.0900888
1515100475.0901222
1515100475.69536
1515100475.6953897
1515100476.3162842
1515100476.3163083
1515100476.9281578
1515100476.928196