
1515100332.830625
1515100335.6283417
1515100335.6283815
1515100335.6287446
1515100335.6288354
1515100336.666203
1515100336.666292
1515100340.0611715
1515100340.0612001
1515100341.56421
1515100341.5642397
1515100342.9815116
1515100342.9815655
1515100344.308917
1515100344.309229
1515100345.6421232
1515100345.6421595
1515100347.0377715
1515100347.0378027
1515100348.593756
1515100348.59379
1515100350.3449848
1515100350.3450627
1515100352.6547837
1515100352.6548145
1515100354.3165872
1515100354.3166206
1515100355.756871
1515100355.7568984
1515100357.098876
1515100357.0989084
1515100358.5886333
1515100358.5886629
1515100360.198847
1515100360.1991408
1515100362.1877034
1515100362.1880245
1515100364.1879675
1515100364.187998
1515100365.6864395
1515100365.686736
1515100367.1663542
1515100367.1663892
1515100368.4178045
1515100368.4178975
1515100369.9536731
1515100369.953702
1515100372.0516157
1515100372.051644
1515100373.8181603
1515100373.8181942
1515100375.3985455
1515100375.3985746
1515100376.8984318
1515100376.89846
1515100378.602571
1515100378.6025994
1515100380.4448638
1515100380.4449384
1515100382.192833
1515100382.1928594
1515100383.8011022
1515100383.8014178
1515100385.3715448
1515100385.3715734
1515100387.1089768
1515100387.1205304
1515100388.7537587
1515100388.7537873
1515100390.2492023
1515100390.2492292
1515100392.0421932
1515100392.0422194
1515100393.9710166
1515100393.972099
1515100395.972954
1515100395.9729857
1515100398.5126352
1515100398.5127258
1515100400.1656966
1515100400.170711
1515100401.7155826
1515100401.7156138
1515100403.7120364
1515100403.7120636
1515100405.4765742
1515100405.4766026
1515100407.5262449
1515100407.5263233
1515100409.8638854
1515100409.8639157
1515100411.9686089
1515100411.9686418
1515100414.6201298
1515100414.6201637
1515100416.2572076
1515100416.2572405
1515100418.02145
1515100418.0215666
1515100419.542803
1515100419.5428765
1515100421.0432703
1515100421.0433095
1515100422.5517955
1515100422.5518732
1515100424.0992293
1515100424.0992622
1515100425.997037
1515100425.9970667
1515100427.8556852
1515100427.8557146
1515100429.6488745
1515100429.6489
1515100433.0327516
1515100433.0327795
1515100434.8008413
1515100434.8013136
1515100436.4566276
1515100436.4566572
1515100437.7356124
1515100437.7368143
1515100438.8568745
1515100438.8568995
1515100440.019589
1515100440.0196202
1515100441.2875462
1515100441.2875755
1515100442.8475611
1515100442.8475897
1515100444.2997305
1515100444.29976
1515100445.7884648
1515100445.7884912
1515100447.3160415
1515100447.3160703
1515100449.0568082
1515100449.0568373
1515100450.8149264
1515100450.815027
1515100453.1126328
1515100453.112661
1515100455.1458035
1515100455.1458337
1515100456.9039202
1515100456.903952
1515100458.3624673
1515100458.3624954
1515100459.850958
1515100459.8512447
1515100461.3262448
1515100461.3262742
1515100462.6640155
1515100462.664043
1515100463.9518118
1515100463.951909
1515100465.1471062
1515100465.153124
1515100466.6235723
1515100466.6235967
1515100467.959156
1515100467.9591806
1515100469.3503892
1515100469.3504124
1515100470.5748568
1515100470.5749347
1515100471.6438463
1515100471.643874
1515100472.8264952
1515100472.826522
1515100474.0031393
1515100474.0036013
1515100474.9785552
1515100474.978579
1515100475.6704419
1515100475.6704755
1515100476.3130207
1515100476.3130486
1515100476.907234
1515100476.9072573
1515100477.5037887
1515100477.5038178
1515100477.9549625
1515100477.955003
1515100478.307147
1515100478.307176
1515100478.6438718
1515100478.643906
1515100478.9659183
1515100478.9659483
1515100479.2822912
1515100479.2823172
1515100479.6380937
1515100479.638183
1515100481.3771596
1515100481.3772044
1515100481.7805424
1515100481.780583
1515100482.1245823
1515100482.124621
1515100482.441165
1515100482.441201
1515100482.757018
1515100482.7570539
1515100483.0663574
1515100483.066389