
1515100332.828269
1515100335.5032644
1515100335.503295
1515100335.5277286
1515100335.52785
1515100336.3173146
1515100336.3173876
1515100338.3706136
1515100338.3706806
1515100340.1220553
1515100340.1220899
1515100341.6425877
1515100341.6426156
1515100343.2734087
1515100343.2734358
1515100344.6988866
1515100344.698913
1515100346.6104312
1515100346.6104612
1515100348.3266342
1515100348.3266737
1515100349.924471
1515100349.9244995
1515100351.4571393
1515100351.4571674
1515100353.1371636
1515100353.1371934
1515100354.8999026
1515100354.8999312
1515100356.4623456
1515100356.462373
1515100357.9184082
1515100357.9184384
1515100359.3836617
1515100359.3840182
1515100360.6859639
1515100360.6859944
1515100362.0900319
1515100362.0900598
1515100363.6775172
1515100363.6775448
1515100365.3274243
1515100365.3274603
1515100366.5536022
1515100366.553637
1515100367.7223432
1515100367.726096
1515100368.7962112
1515100368.7962391
1515100369.9993813
1515100369.9994097
1515100371.049787
1515100371.0498142
1515100372.534019
1515100372.5340457
1515100373.8680842
1515100373.8681166
1515100375.367622
1515100375.36765
1515100376.8201642
1515100376.8201926
1515100378.4401064
1515100378.4401429
1515100379.228433
1515100380.5918388
1515100380.594954
1515100382.2210093
1515100382.2213798
1515100383.8407407
1515100383.8410563
1515100385.113939
1515100385.1142852
1515100386.5079234
1515100386.5080223
1515100387.867128
1515100387.8671563
1515100389.0420918
1515100389.042121
1515100390.5209231
1515100390.5209801
1515100392.0368915
1515100392.036927
1515100393.5733204
1515100393.5736115
1515100394.8587017
1515100394.8587344
1515100396.0173597
1515100396.0178053
1515100397.1702082
1515100397.1702416
1515100398.6205661
1515100398.6208882
1515100399.6466634
1515100399.6466875
1515100400.7556136
1515100400.7556398
1515100402.1028497
1515100402.103177
1515100403.6166737
1515100403.6167028
1515100405.0481672
1515100405.0481958
1515100406.145655
1515100406.1456828
1515100407.3139467
1515100407.314332
1515100408.8212132
1515100408.8212457
1515100410.4884434
1515100410.4884715
1515100412.1527662
1515100412.1527941
1515100413.7013986
1515100413.7018342
1515100415.5269816
1515100415.527009
1515100417.233222
1515100417.2335045
1515100418.7807324
1515100418.780813
1515100420.4523897
1515100420.452418
1515100421.7625484
1515100421.7625794
1515100423.2254136
1515100423.2254422
1515100424.9877522
1515100424.9877853
1515100426.620291
1515100426.6206295
1515100428.1457138
1515100428.1457646
1515100429.7247322
1515100429.7247584
1515100431.0801492
1515100431.0805097
1515100432.505643
1515100432.5056708
1515100433.8902867
1515100433.890338
1515100435.23767
1515100435.2382653
1515100436.807601
1515100436.8076286
1515100437.9466386
1515100437.9469469
1515100439.2880294
1515100439.2880545
1515100440.6323628
1515100440.6324484
1515100442.0798676
1515100442.0798955
1515100444.0739458
1515100444.0739727
1515100445.971258
1515100445.9712875
1515100447.605169
1515100447.6051972
1515100448.9984822
1515100448.9985466
1515100450.4010417
1515100450.4010696
1515100451.7224844
1515100451.7225125
1515100453.1828542
1515100453.1828804
1515100454.7369459
1515100454.7369695
1515100456.0381422
1515100456.0384207
1515100457.627451
1515100457.6275055
1515100458.8568058
1515100458.8568385
1515100459.8780932
1515100459.8781257
1515100461.1717074
1515100461.1717393
1515100462.1620915
1515100462.1621187
1515100463.2953749
1515100463.2954023
1515100464.2611105
1515100464.2615213
1515100465.397707
1515100465.3977354
1515100466.5982692
1515100466.5982966
1515100467.5440533
1515100467.5440845
1515100468.1355202
1515100468.1356134
1515100469.323466
1515100469.3235781
1515100470.2609258
1515100470.2609544
1515100470.872283
1515100470.8725758
1515100471.648685
1515100471.6487103
1515100472.5314152
1515100472.531443
1515100473.0134683
1515100473.0135
1515100473.8483903
1515100473.8484192
1515100474.459122
1515100474.459661
1515100474.9702346
1515100474.9702706
1515100475.2362254