
1515100332.8322508
1515100335.8074746
1515100335.8075047
1515100335.8078487
1515100335.8079393
1515100336.552871
1515100336.5529459
1515100338.1729121
1515100338.172937
1515100340.124834
1515100340.1248608
1515100341.654329
1515100341.6543527
1515100343.301134
1515100343.3014972
1515100345.0477805
1515100345.0478063
1515100346.308806
1515100346.3088343
1515100347.4327915
1515100347.432828
1515100348.701259
1515100348.7012851
1515100349.9282575
1515100349.9282954
1515100350.8940127
1515100350.895283
1515100351.9067512
1515100351.9067855
1515100353.0622725
1515100353.0623014
1515100354.4568176
1515100354.4572234
1515100355.9562073
1515100355.956244
1515100357.2211773
1515100357.2212298
1515100358.6379545
1515100358.637981
1515100360.130301
1515100360.1303375
1515100361.5659301
1515100361.5659585
1515100362.8625543
1515100362.8625925
1515100364.188595
1515100364.1886177
1515100365.4949045
1515100365.4949431
1515100366.903149
1515100366.9031813
1515100368.2257614
1515100368.2258983
1515100369.585043
1515100369.585073
1515100370.8543692
1515100370.8544054
1515100372.4116144
1515100372.4116428
1515100374.097247
1515100374.0972898
1515100375.9446473
1515100375.9448369
1515100377.95023
1515100377.9502733
1515100379.4724686
1515100379.4724975
1515100380.3015985
1515100381.9711015
1515100381.971141
1515100383.484898
1515100383.4849255
1515100384.7576623
1515100384.7577345
1515100386.0790722
1515100386.079103
1515100387.3822107
1515100387.382741
1515100388.767528
1515100388.7675545
1515100390.4148297
1515100390.4148676
1515100392.0446475
1515100392.0446737
1515100393.7212875
1515100393.721328
1515100395.1203067
1515100395.1203496
1515100397.642831
1515100397.6428697
1515100399.2088575
1515100399.2100148
1515100400.6987627
1515100400.6988008
1515100402.1421292
1515100402.142157
1515100403.6245944
1515100403.624639
1515100404.8310428
1515100404.8316221
1515100405.835016
1515100405.8350518
1515100407.225798
1515100407.2258236
1515100408.4455137
1515100408.4458218
1515100409.9650483
1515100409.9654715
1515100411.8571293
1515100411.8578262
1515100413.6941655
1515100413.694193
1515100415.4861314
1515100415.4861662
1515100417.2428732
1515100417.2428966
1515100419.4693563
1515100419.4694483
1515100421.1130488
1515100421.1130717
1515100422.4091148
1515100422.4091604
1515100423.604123
1515100423.6041522
1515100424.91998
1515100424.9200213
1515100426.2064946
1515100426.206583
1515100427.3252017
1515100427.3252618
1515100428.346569
1515100428.346596
1515100429.798634
1515100429.7986841
1515100431.139296
1515100431.1393237
1515100432.7667825
1515100432.766819
1515100434.6294222
1515100434.629456
1515100437.1717224
1515100437.1717613
1515100439.328133
1515100439.3281608
1515100440.954977
1515100440.9550126
1515100442.4074311
1515100442.4074624
1515100443.9725897
1515100443.9726284
1515100445.4851842
1515100445.485208
1515100447.046152
1515100447.0465693
1515100448.4807732
1515100448.4808137
1515100449.8674028
1515100449.8690271
1515100451.388367
1515100451.3883932
1515100453.1539953
1515100453.1540325
1515100454.7225342
1515100454.7232656
1515100456.0904608
1515100456.0907662
1515100457.7988122
1515100457.7988439
1515100459.6552997
1515100459.6561987
1515100461.4966934
1515100461.4978578
1515100463.2256873
1515100463.225769
1515100464.3945155
1515100464.394545
1515100465.5878608
1515100465.5881846
1515100466.9141774
1515100466.914206
1515100468.0608556
1515100468.0608988
1515100469.4151895
1515100469.4152174
1515100470.5126133
1515100470.5127285
1515100471.5063157
1515100471.5063443
1515100472.555845
1515100472.5562682
1515100473.0857117
1515100473.0857408
1515100474.0189304
1515100474.018964
1515100474.8361013
1515100474.8364642
1515100475.3196645
1515100475.3197017
1515100475.7232187
1515100475.7232487
1515100476.2944047
1515100476.2944431
1515100476.893891
1515100476.893915
1515100477.4436164
1515100477.4436805
1515100477.853759
1515100477.8537862
1515100478.15854
1515100478.1585808
1515100478.470585
1515100478.470611
1515100478.8393528
1515100478.8394086
1515100479.259121
1515100479.2591555
1515100479.6275601
1515100479.6276042