
1515100332.7951145
1515100335.7235198
1515100335.7235537
1515100335.723926
1515100335.724018
1515100336.5614412
1515100336.561525
1515100338.3332272
1515100338.3332887
1515100340.0397835
1515100340.0398114
1515100342.1825762
1515100342.1826088
1515100343.4180765
1515100343.4181678
1515100345.317323
1515100345.3173518
1515100347.257708
1515100347.2579968
1515100348.7891345
1515100348.7903454
1515100350.3854847
1515100350.3857667
1515100351.5076303
1515100351.5076566
1515100352.4361265
1515100352.4361584
1515100353.4385226
1515100353.438822
1515100354.5472763
1515100354.5476341
1515100356.5091898
1515100356.5092168
1515100358.2124596
1515100358.2124891
1515100360.1803079
1515100360.1803367
1515100362.3149412
1515100362.3152885
1515100364.524414
1515100364.5244493
1515100366.3106537
1515100366.310691
1515100367.8677733
1515100367.8678029
1515100369.2780545
1515100369.2787218
1515100370.5811274
1515100370.5811548
1515100371.6719668
1515100371.6724613
1515100372.656666
1515100372.6567025
1515100374.1189697
1515100374.1190035
1515100375.4831824
1515100375.4834938
1515100376.7117152
1515100376.7117982
1515100378.2841809
1515100378.2842083
1515100380.3681197
1515100380.3681986
1515100382.1142483
1515100382.1142733
1515100383.0125237
1515100384.6522944
1515100384.652594
1515100386.1133845
1515100386.1134136
1515100387.6216743
1515100387.6217
1515100389.1334107
1515100389.1334388
1515100390.9229596
1515100390.9232938
1515100392.454165
1515100392.4542623
1515100394.086339
1515100394.0863655
1515100395.6305315
1515100395.630835
1515100397.0890524
1515100397.0890799
1515100398.6281502
1515100398.628177
1515100399.8677711
1515100399.8680897
1515100401.0280008
1515100401.0280309
1515100402.209785
1515100402.210079
1515100403.6452057
1515100403.6452289
1515100405.2717793
1515100405.2718072
1515100407.15583
1515100407.1558576
1515100408.8486907
1515100408.8487177
1515100410.6924446
1515100410.6924696
1515100412.348939
1515100412.3489652
1515100413.8691237
1515100413.8691523
1515100415.5516186
1515100415.5516505
1515100417.2340577
1515100417.2340891
1515100418.7089064
1515100418.7089427
1515100420.3072743
1515100420.3073046
1515100421.7017708
1515100421.70181
1515100422.8236866
1515100422.8240676
1515100424.204994
1515100424.2050416
1515100425.5079637
1515100425.5081983
1515100426.7758534
1515100426.775882
1515100428.199971
1515100428.200408
1515100429.920495
1515100429.9205213
1515100431.5767765
1515100431.5768685
1515100433.0835817
1515100433.0836086
1515100434.5693178
1515100434.5697036
1515100435.8819306
1515100435.8822815
1515100436.9816782
1515100436.9817061
1515100438.0867076
1515100438.0870042
1515100439.3380861
1515100439.3381116
1515100440.7151415
1515100440.7151701
1515100442.0421755
1515100442.0422049
1515100443.2390802
1515100443.2391112
1515100444.2004998
1515100444.2008727
1515100445.2445512
1515100445.2445755
1515100446.216541
1515100446.2165735
1515100447.1837518
1515100447.184107
1515100448.2545097
1515100448.2545414
1515100449.7856717
1515100449.7857
1515100451.2654142
1515100451.265495
1515100453.132131
1515100453.1321595
1515100454.749203
1515100454.7492304
1515100456.1031973
1515100456.1032233
1515100457.349648
1515100457.3496828
1515100458.3202364
1515100458.320267
1515100459.4160028
1515100459.4160569
1515100460.3751616
1515100460.3751903
1515100461.383927
1515100461.3839548
1515100462.2848725
1515100462.2851877
1515100463.3005855
1515100463.3009052
1515100464.1021318
1515100464.1021569
1515100465.1517644
1515100465.1520383
1515100466.0197804
1515100466.0198088
1515100466.8690562
1515100466.869088
1515100467.9281108
1515100467.9281418
1515100468.8228464
1515100468.823223
1515100469.4454398
1515100469.445466
1515100470.358297
1515100470.3583362
1515100471.050539
1515100471.0508842
1515100471.778593
1515100471.7786245
1515100472.7632937
1515100472.7633302
1515100473.5648453
1515100473.5648851
1515100474.174731
1515100474.1752787
1515100474.9508004
1515100474.9508312
1515100475.640911
1515100475.6409364
1515100475.8647738