
1515100332.8395164
1515100335.634809
1515100335.6348395
1515100335.635197
1515100335.6353066
1515100336.3872721
1515100336.4193838
1515100338.4872108
1515100338.4872496
1515100339.5412111
1515100339.5412402
1515100340.3585005
1515100340.3585339
1515100341.6443336
1515100341.6443577
1515100342.7365856
1515100342.7366154
1515100343.7980983
1515100343.7981393
1515100344.8770564
1515100344.8784025
1515100346.0057473
1515100346.0057755
1515100347.1415334
1515100347.1415594
1515100348.639596
1515100348.6396205
1515100349.968812
1515100349.9688392
1515100351.0167308
1515100351.01676
1515100352.0867372
1515100352.086766
1515100353.3323705
1515100353.3324528
1515100354.4731536
1515100354.4731832
1515100355.7061503
1515100355.7061806
1515100357.1263595
1515100357.1263826
1515100358.688567
1515100358.6885953
1515100360.1995862
1515100360.1998649
1515100361.3346272
1515100361.334993
1515100362.3895586
1515100362.3896384
1515100363.6763391
1515100363.6763682
1515100364.9138563
1515100364.913889
1515100366.3535886
1515100366.3536763
1515100367.564802
1515100367.564831
1515100368.756931
1515100368.7569602
1515100370.0862184
1515100370.086254
1515100371.21968
1515100371.2197068
1515100372.6194649
1515100372.6199498
1515100374.3155031
1515100374.3155427
1515100375.8382902
1515100375.8383198
1515100376.9120152
1515100376.9120414
1515100378.2248085
1515100378.2248366
1515100379.6278143
1515100379.6288483
1515100380.7538402
1515100380.7541678
1515100382.1671429
1515100382.1671746
1515100383.430034
1515100383.4301133
1515100384.6657622
1515100384.6657865
1515100385.9443183
1515100385.9443607
1515100387.2240806
1515100387.224423
1515100388.4150133
1515100388.4150524
1515100389.321596
1515100389.3219786
1515100390.3807194
1515100390.3807547
1515100391.3735306
1515100391.3735669
1515100393.5245113
1515100393.52454
1515100394.539073
1515100394.5395083
1515100395.5489674
1515100395.5492582
1515100396.801639
1515100396.8016672
1515100398.0474458
1515100398.0474925
1515100399.6338232
1515100399.6339016
1515100400.742882
1515100400.7429457
1515100402.1978252
1515100402.1978607
1515100403.7287064
1515100403.7287333
1515100405.7139523
1515100405.71398
1515100407.5083182
1515100407.5084047
1515100409.1938434
1515100409.193872
1515100410.6838505
1515100410.6838784
1515100412.0681834
1515100412.0685418
1515100413.4053106
1515100413.4053395
1515100415.1242268
1515100415.1242616
1515100416.9871607
1515100416.9871871
1515100419.0937085
1515100419.09374
1515100421.5772874
1515100421.5775735
1515100423.30233
1515100423.302368
1515100424.8779159
1515100424.877951
1515100426.4618275
1515100426.4618592
1515100427.9751878
1515100427.9752278
1515100429.628803
1515100429.6288264
1515100431.011328
1515100431.011699
1515100432.6246672
1515100432.6247032
1515100434.500872
1515100434.5056188
1515100436.2242734
1515100436.224302
1515100438.129741
1515100438.1297677
1515100439.661448
1515100439.6614785
1515100440.9921203
1515100440.992148
1515100442.1364267
1515100442.1364546
1515100443.286817
1515100443.2868452
1515100444.3565733
1515100444.3568892
1515100445.564956
1515100445.564979
1515100446.8596718
1515100446.8596988
1515100448.1338103
1515100448.134192
1515100449.6921864
1515100449.6922607
1515100451.1681702
1515100451.1682005
1515100453.133819
1515100453.1338422
1515100454.8110127
1515100454.8110406
1515100456.485052
1515100456.4854498
1515100458.0431345
1515100458.0431743
1515100459.5749896
1515100459.5750246
1515100461.0435057
1515100461.0435398
1515100462.347174
1515100462.3472261
1515100463.6677723
1515100463.6678007