
1515100332.835436
1515100336.1832235
1515100336.1832557
1515100336.1841917
1515100336.1842728
1515100336.6571183
1515100336.6572108
1515100340.0899086
1515100340.089936
1515100341.7874947
1515100341.7879047
1515100343.2351854
1515100343.2358673
1515100344.793783
1515100344.7938108
1515100346.7664363
1515100346.7664711
1515100348.4717414
1515100348.472081
1515100350.32469
1515100350.3248045
1515100353.2221828
1515100353.2224941
1515100355.0541635
1515100355.0541975
1515100357.0595956
1515100357.0596256
1515100358.8051057
1515100358.8051329
1515100360.323682
1515100360.3237977
1515100362.17236
1515100362.1723895
1515100363.7813194
1515100363.781349
1515100365.5868049
1515100365.586836
1515100367.1844068
1515100367.1844347
1515100368.606499
1515100368.6068223
1515100371.0157633
1515100371.0157917
1515100372.6031594
1515100372.6035044
1515100374.3807814
1515100374.3808599
1515100375.9746046
1515100375.9746284
1515100377.2058144
1515100377.2069395
1515100378.6178448
1515100378.61787
1515100379.7539272
1515100379.7539551
1515100380.637985
1515100380.6380126
1515100382.1027007
1515100382.1027308
1515100383.3031418
1515100383.3035219
1515100384.5790164
1515100384.5836837
1515100385.8311565
1515100385.8311844
1515100386.9575589
1515100386.9575884
1515100387.942967
1515100387.9429958
1515100388.8249655
1515100388.8253217
1515100389.8021543
1515100389.8029327
1515100390.7992709
1515100390.7992992
1515100391.3053477
1515100392.189403
1515100392.1894355
1515100393.2506723
1515100393.2507126
1515100394.2577152
1515100394.258655
1515100395.2336705
1515100395.2336993
1515100396.1208017
1515100396.12109
1515100397.0206177
1515100397.0206473
1515100397.863561
1515100397.8635926
1515100398.7412975
1515100398.7422378
1515100399.6664245
1515100399.6675582
1515100400.7252202
1515100400.7252476
1515100401.6526754
1515100401.652961
1515100402.6449475
1515100402.644973
1515100403.773119
1515100403.7731493
1515100405.186379
1515100405.186705
1515100406.2908745
1515100406.2909021
1515100407.4288712
1515100407.4289024
1515100408.8761296
1515100408.876154
1515100410.1757638
1515100410.175792
1515100411.5634646
1515100411.563491
1515100412.6809504
1515100412.680978
1515100414.040527
1515100414.042414
1515100415.5235274
1515100415.5235603
1515100416.9688482
1515100416.968876
1515100418.3410869
1515100418.3411157
1515100419.7089818
1515100419.7093287
1515100421.0537255
1515100421.0548778
1515100422.6805255
1515100422.6888454
1515100424.5156395
1515100424.5156705
1515100426.1032348
1515100426.1032634
1515100427.3749332
1515100427.3749597
1515100428.4772894
1515100428.4773943
1515100429.7599554
1515100429.7602427
1515100431.174049
1515100431.1740751
1515100432.4474483
1515100432.4474776
1515100433.6029
1515100433.6029782
1515100434.809302
1515100434.809382
1515100436.2983432
1515100436.2983732
1515100438.6897216
1515100438.689798
1515100440.4091074
1515100440.4091518
1515100442.1921077
1515100442.192131
1515100443.9848616
1515100443.9849694
1515100445.8224778
1515100445.8225033
1515100447.389409
1515100447.3894367
1515100448.5650778
1515100448.5651097
1515100449.8491964
1515100449.8492246
1515100451.2259572
1515100451.2262976
1515100452.6309464
1515100452.630975
1515100453.8730881
1515100453.873417
1515100455.6853063
1515100455.685336
1515100457.779005
1515100457.7790349
1515100459.5852578
1515100459.585284