
1515100332.81732
1515100335.9888964
1515100335.9889202
1515100335.989213
1515100335.989293
1515100336.6992989
1515100336.6993864
1515100339.97718
1515100339.9772148
1515100341.3778102
1515100341.3781056
1515100343.0636833
1515100343.0637162
1515100344.3336623
1515100344.3336935
1515100345.655065
1515100345.655092
1515100347.1858797
1515100347.1859086
1515100348.6926
1515100348.6926339
1515100350.2030926
1515100350.2031693
1515100351.9153981
1515100351.9154317
1515100353.521737
1515100353.5217707
1515100355.0055273
1515100355.0055633
1515100356.5082417
1515100356.5083628
1515100357.630144
1515100357.6301734
1515100358.787278
1515100358.787306
1515100360.0978632
1515100360.0978932
1515100361.322725
1515100361.322754
1515100363.4026601
1515100363.4026957
1515100364.589661
1515100364.5896952
1515100365.8557763
1515100365.856718
1515100367.1062126
1515100367.1062353
1515100368.2875588
1515100368.2875829
1515100369.6175015
1515100369.6181812
1515100370.895406
1515100370.8954349
1515100372.533034
1515100372.5330706
1515100374.028935
1515100374.0289793
1515100375.5077214
1515100375.5080152
1515100377.9774303
1515100377.9774592
1515100379.324399
1515100379.324427
1515100380.5150323
1515100380.515111
1515100381.7728388
1515100381.7893603
1515100383.06047
1515100383.0613086
1515100385.1315901
1515100385.1316144
1515100387.2307403
1515100387.2307692
1515100389.197263
1515100389.1972997
1515100390.7993171
1515100390.7993672
1515100392.2274518
1515100392.2274795
1515100393.8594568
1515100393.8594906
1515100395.6774285
1515100395.6775513
1515100397.706943
1515100397.7069883
1515100399.9157693
1515100399.915801
1515100401.5430138
1515100401.5430417
1515100403.074486
1515100403.074515
1515100404.0897772
1515100404.0898328
1515100405.3369515
1515100405.3369825
1515100407.097815
1515100407.0978434
1515100408.7909694
1515100408.791003
1515100410.1009262
1515100410.1009548
1515100411.193574
1515100411.193825
1515100412.3310795
1515100412.331106
1515100413.774208
1515100413.774294
1515100415.3051498
1515100415.3052113
1515100417.0429535
1515100417.0429814
1515100419.1097603
1515100419.1097906
1515100420.9964557
1515100420.996507
1515100422.7303627
1515100422.7306855
1515100424.4276526
1515100424.427695
1515100425.9625556
1515100425.962584
1515100427.2131395
1515100427.213169
1515100428.4243467
1515100428.4246707
1515100429.8952758
1515100429.8953044
1515100431.2057498
1515100431.2057853
1515100432.7852073
1515100432.7854927
1515100434.4675946
1515100434.4676225
1515100435.9330094
1515100435.9333136
1515100437.5102541
1515100437.5102825
1515100438.9198556
1515100438.919884
1515100440.1514645
1515100440.151493
1515100441.7639816
1515100441.764009
1515100443.3563924
1515100443.3564215
1515100445.1503766
1515100445.150401
1515100446.516769
1515100446.5167973
1515100447.9605627
1515100447.9606698
1515100449.8694816
1515100449.8695536
1515100451.5555155
1515100451.5555925
1515100453.0806234
1515100453.0807097
1515100454.3948674
1515100454.3948941
1515100455.7978044
1515100455.7978287
1515100457.1903908
1515100457.1904194
1515100458.3856306
1515100458.3863842
1515100459.757938
1515100459.7579687
1515100460.9776003
1515100460.9776347
1515100462.0725083
1515100462.0725336
1515100463.3237312
1515100463.32403
1515100464.2493646
1515100464.2493973
1515100465.3506672
1515100465.3509934
1515100466.56621
1515100466.566234
1515100467.851607
1515100467.8516376
1515100468.6520932
1515100468.652562
1515100469.4773476
1515100469.4773738
1515100470.6361172
1515100470.6361425
1515100471.5507467
1515100471.5510392
1515100472.308406
1515100472.3084369
1515100472.9185517
1515100472.918588
1515100473.7751765
1515100473.7755508
1515100474.3325334
1515100474.3325775
1515100474.9868865
1515100474.9869304
1515100475.6164382
1515100475.616467
1515100476.207141
1515100476.2071836
1515100476.8010752
1515100476.8011048
1515100477.3503206
1515100477.3506756
1515100477.7094653
1515100477.7094984
1515100478.0885177
1515100478.0885544
1515100478.4552863
1515100478.4553258
1515100478.782121
1515100478.782199
1515100479.175714
1515100479.1757424
1515100479.4890652
1515100479.4891098
1515100479.7841299
1515100479.7841609
1515100480.1152914
1515100480.1153207
1515100480.4218593
1515100480.4218986