
1515100332.790424
1515100335.664108
1515100335.6641362
1515100335.664487
1515100335.6645794
1515100336.4832714
1515100336.4833891
1515100339.8731883
1515100339.8732178
1515100341.4958966
1515100341.4959304
1515100342.8577664
1515100342.857818
1515100344.2168105
1515100344.2176712
1515100345.4169397
1515100345.4169855
1515100346.7981904
1515100346.7982185
1515100348.1221275
1515100348.1221712
1515100349.1219552
1515100349.1219945
1515100350.5216646
1515100350.5217135
1515100351.9630806
1515100351.9631093
1515100353.54925
1515100353.549288
1515100355.1650188
1515100355.165047
1515100356.6045191
1515100356.6045563
1515100358.0361853
1515100358.0362146
1515100359.4197838
1515100359.4198225
1515100360.7399383
1515100360.7399616
1515100362.071802
1515100362.0718398
1515100363.3971457
1515100363.397175
1515100364.6973267
1515100364.6973658
1515100365.840207
1515100365.8405437
1515100366.996839
1515100366.9968767
1515100368.2113802
1515100368.2114105
1515100369.456527
1515100369.4565697
1515100370.7286954
1515100370.7287235
1515100371.89592
1515100371.8962302
1515100372.8543339
1515100372.8543684
1515100374.3004224
1515100374.3005414
1515100376.003283
1515100376.0033207
1515100377.5194364
1515100377.5194848
1515100378.8178332
1515100378.817862
1515100380.4287214
1515100380.4288194
1515100381.8519652
1515100381.8519948
1515100382.5143344
1515100383.7021208
1515100383.7024238
1515100384.8384335
1515100384.8384914
1515100386.1181493
1515100386.1181862
1515100387.502146
1515100387.5021746
1515100389.106609
1515100389.1066477
1515100390.9447756
1515100390.9448009
1515100392.510312
1515100392.510433
1515100394.1344116
1515100394.1344416
1515100395.693681
1515100395.6937203
1515100397.1224601
1515100397.122487
1515100398.547374
1515100398.5475316
1515100400.269239
1515100400.26927
1515100401.8087943
1515100401.8088365
1515100403.6185942
1515100403.6186693
1515100405.1000147
1515100405.100053
1515100406.6044056
1515100406.604439
1515100408.0213451
1515100408.0213869
1515100409.5640075
1515100409.5643618
1515100411.5031745
1515100411.503217
1515100413.3020673
1515100413.3020973
1515100415.3556032
1515100415.3560836
1515100417.2526805
1515100417.2527044
1515100419.352282
1515100419.3523214
1515100421.273448
1515100421.2734783
1515100423.0764854
1515100423.0765228
1515100424.707238
1515100424.7072718
1515100426.2981954
1515100426.298295
1515100427.711842
1515100427.7118719
1515100428.906355
1515100428.906686
1515100429.960942
1515100429.9609683
1515100431.2621608
1515100431.2624826
1515100432.8243866
1515100432.8248098
1515100434.8718917
1515100434.8722014
1515100437.1068106
1515100437.1068394
1515100439.5255945
1515100439.5256534
1515100441.2639673
1515100441.264
1515100442.8535914
1515100442.8536294
1515100444.7167134
1515100444.7167428
1515100446.544554
1515100446.5445917
1515100448.4022703
1515100448.4023063
1515100449.866944
1515100449.8754287
1515100451.4231975
1515100451.423228
1515100452.7104497
1515100452.710497
1515100453.9540904
1515100453.9541214
1515100455.284979
1515100455.2850397
1515100456.5392776
1515100456.5393062
1515100457.889492
1515100457.8895476
1515100459.1447797
1515100459.1448085
1515100460.0942085
1515100460.0942488
1515100461.4458745
1515100461.4461918
1515100462.6850362
1515100462.6853974
1515100463.9967175
1515100463.996756
1515100465.2086236
1515100465.209024
1515100466.2529643
1515100466.2529943
1515100467.231996
1515100467.2320375
1515100468.0823805
1515100468.082708
1515100469.350383
1515100469.3504202
1515100470.4620929
1515100470.4621336
1515100471.325711
1515100471.3257523
1515100471.7452493
1515100481.192609
1515100481.1926386
1515100481.5143397
1515100481.5143933
1515100481.8875227
1515100481.8875594
1515100482.1823225
1515100482.1823637
1515100482.333738