
1515100332.806461
1515100336.026719
1515100336.0267475
1515100336.0270524
1515100336.0271723
1515100336.6924286
1515100336.6925042
1515100338.3763776
1515100338.3764253
1515100339.8114626
1515100339.8115058
1515100340.9840438
1515100340.9840724
1515100342.0549803
1515100342.0550127
1515100343.2699525
1515100343.2699845
1515100344.5521026
1515100344.552135
1515100346.0574982
1515100346.0575292
1515100347.2040312
1515100347.2041092
1515100348.5284045
1515100348.5284333
1515100349.7779186
1515100349.777949
1515100351.120572
1515100351.1206095
1515100352.327615
1515100352.3276477
1515100353.4969923
1515100353.497018
1515100354.6923425
1515100354.6923718
1515100355.8080087
1515100355.8080385
1515100357.1153135
1515100357.1153622
1515100358.3908706
1515100358.3909023
1515100359.8172681
1515100359.8172982
1515100360.845808
1515100360.84589
1515100362.0190046
1515100362.0190363
1515100363.1598537
1515100363.1601427
1515100364.2745306
1515100364.2745595
1515100365.6294856
1515100365.629793
1515100367.1054578
1515100367.1054866
1515100368.6581295
1515100368.6581576
1515100370.2356787
1515100370.2357063
1515100372.1506612
1515100372.1507523
1515100373.783496
1515100373.7835755
1515100375.029067
1515100375.0290992
1515100376.1360393
1515100376.1360688
1515100377.5302148
1515100377.5302427
1515100378.8808696
1515100378.880898
1515100380.35147
1515100380.353013
1515100381.6716025
1515100381.671633
1515100383.0329738
1515100383.0330093
1515100384.4136996
1515100384.4137466
1515100385.9002028
1515100385.9002416
1515100387.2292318
1515100387.229263
1515100388.483664
1515100388.483697
1515100389.5731575
1515100389.573719
1515100390.6211214
1515100390.621158
1515100391.6960254
1515100391.696054
1515100392.7486968
1515100392.7489815
1515100394.0845554
1515100394.0845814
1515100395.38526
1515100395.3853436
1515100396.56903
1515100396.5690608
1515100397.8476484
1515100397.8476877
1515100399.2765727
1515100399.277031
1515100400.7690086
1515100400.769034
1515100402.089245
1515100402.089284
1515100403.2303762
1515100403.2304037
1515100404.0217454
1515100404.0217798
1515100405.2798877
1515100405.2799144
1515100406.5132892
1515100406.5133274
1515100407.586392
1515100407.586415
1515100408.8893726
1515100408.889399
1515100410.3552659
1515100410.3553617
1515100412.1179495
1515100412.1182415
1515100414.0106943
1515100414.0107365
1515100415.4304626
1515100415.4305415
1515100416.7029777
1515100416.7032914
1515100417.7455056
1515100417.7455463
1515100418.8592124
1515100418.8592393
1515100419.967868
1515100419.9682598
1515100421.324648
1515100421.324676
1515100422.5143106
1515100422.5162823
1515100423.8036625
1515100423.8036928
1515100425.1001413
1515100425.1001644
1515100426.5396926
1515100426.5397232
1515100428.0736914
1515100428.0737197
1515100429.7337236
1515100429.7337482
1515100431.2608275
1515100431.260859
1515100432.8062243
1515100432.8065166
1515100434.3451333
1515100434.3451588
1515100435.7009773
1515100435.7010067
1515100437.5974674
1515100437.597547
1515100439.0666754
1515100439.0667036
1515100440.4580407
1515100440.4580657
1515100441.7554011
1515100441.7554305
1515100442.8881118
1515100442.8881378
1515100444.069682
1515100444.0697682
1515100445.4064856
1515100445.4065242
1515100446.831602
1515100446.8316374
1515100448.2172413
1515100448.217272
1515100449.818559
1515100449.8186386
1515100451.343041
1515100451.3445604
1515100452.8940322
1515100452.8941276
1515100454.3144858
1515100454.3145134
1515100455.7709386
1515100455.7709658
1515100457.7834644
1515100457.7834876
1515100459.8300016
1515100459.8300297
1515100461.5122855
1515100461.512312