
1515100332.8355463
1515100335.635664
1515100335.635695
1515100335.6360328
1515100335.6361234
1515100336.3881283
1515100336.3881974
1515100338.8223708
1515100338.8224037
1515100340.0305328
1515100340.030561
1515100340.9829519
1515100340.9829905
1515100341.982681
1515100341.9830623
1515100343.2005022
1515100343.200587
1515100344.6691513
1515100344.6691833
1515100346.2008388
1515100346.200867
1515100347.5231907
1515100347.52322
1515100348.7446687
1515100348.7446973
1515100350.1492672
1515100350.149298
1515100351.4643438
1515100351.4643679
1515100352.6886961
1515100352.6887245
1515100353.7903888
1515100353.7904751
1515100355.0517633
1515100355.0517914
1515100356.3708322
1515100356.3708622
1515100357.7114117
1515100357.711447
1515100359.0501473
1515100359.0501764
1515100360.2663884
1515100360.2664132
1515100361.718044
1515100361.718073
1515100362.9246702
1515100362.9249997
1515100364.2332313
1515100364.2332609
1515100366.89241
1515100366.892443
1515100368.9954758
1515100368.9955041
1515100370.7969034
1515100370.7969325
1515100372.6146364
1515100372.6146631
1515100374.3382428
1515100374.338321
1515100375.9871793
1515100375.9872525
1515100377.098695
1515100377.0987258
1515100378.1794708
1515100378.1797552
1515100379.2001648
1515100379.2001936
1515100380.4542134
1515100380.4681008
1515100382.1425014
1515100382.1428363
1515100383.6745245
1515100383.6745534
1515100384.5785487
1515100386.0185125
1515100386.0185494
1515100388.314367
1515100388.3147163
1515100389.8836439
1515100389.8836722
1515100391.5997198
1515100391.5997562
1515100392.9873774
1515100392.9876907
1515100394.501105
1515100394.50114
1515100395.9605362
1515100395.9605622
1515100397.2411392
1515100397.2411733
1515100398.3981545
1515100398.398344
1515100399.952782
1515100399.9528084
1515100401.264372
1515100401.2644007
1515100402.6296046
1515100402.6296325
1515100405.5432737
1515100405.5433016
1515100407.5621653
1515100407.5633326
1515100409.6040485
1515100409.6040769
1515100411.1311991
1515100411.1312306
1515100412.3778522
1515100412.3778803
1515100413.7283294
1515100413.728609
1515100415.2372117
1515100415.237242
1515100416.812253
1515100416.8127024
1515100418.1181145
1515100418.1181464
1515100419.5150547
1515100419.5151339
1515100420.924341
1515100420.9243712
1515100422.313723
1515100422.3137531
1515100424.0608146
1515100424.0608585
1515100425.1518738
1515100425.1519022
1515100426.518469
1515100426.5187676
1515100428.0563421
1515100428.0563717
1515100429.4537141
1515100429.4537454
1515100430.4883199
1515100430.4883542
1515100432.375151
1515100432.3754613
1515100433.6909637
1515100433.690993
1515100434.8770838
1515100434.877361
1515100436.3385377
1515100436.3385663
1515100438.0149698
1515100438.0153923
1515100439.7482755
1515100439.7487144
1515100441.0803163
1515100441.0803442
1515100442.1747377
1515100442.174768
1515100443.407559
1515100443.4075882
1515100444.871197
1515100444.8712232
1515100446.4372046
1515100446.4372358
1515100448.1493766
1515100448.1494055
1515100449.592181
1515100449.59226
1515100451.204793
1515100451.204818
1515100452.8886101
1515100452.8889115
1515100454.3888013
1515100454.388836
1515100455.9977736
1515100455.9980738
1515100458.0974286
1515100458.0974617
1515100459.7754018
1515100459.7757053
1515100461.2170117
1515100461.217041
1515100462.465159
1515100462.4651926
1515100463.7531514
1515100463.75318
1515100464.819938
1515100464.82035
1515100465.6722362
1515100465.6722646
1515100466.7054012
1515100466.7054288
1515100467.9375029
1515100467.9375322
1515100468.8768494
1515100468.8771927
1515100469.6035933
1515100469.6036258
1515100470.467293
1515100470.467321
1515100471.145249
1515100471.1452775
1515100471.7874186
1515100471.78745
1515100472.6617703
1515100472.6618042
1515100473.2210047
1515100473.2210374
1515100473.9732955
1515100473.9736557
1515100474.9138346
1515100474.913864
1515100475.6107955
1515100475.6108387
1515100476.2438889
1515100476.243918
1515100476.8791206
1515100476.8874464
1515100477.4986365
1515100477.498678
1515100477.9844615
1515100477.9844923
1515100478.3733072
1515100478.373337
1515100478.7141967
1515100478.7142255
1515100479.0314114
1515100479.0314982
1515100479.2339408