
1515081078.5516877
1515081084.2880378
1515081084.28807
1515081084.2880807
1515081084.2880898
1515081084.2880993
1515081084.288108
1515081084.2881167
1515081086.0753994
1515081086.0754342
1515081086.0754468
1515081086.0754576
1515081086.0754678
1515081086.075478
1515081086.075488
1515081088.6914628
1515081088.6916053
1515081088.6916764
1515081088.6917355
1515081088.6917925
1515081088.6918478
1515081088.6919332
1515081091.4171174
1515081091.4171584
1515081091.4171736
1515081091.4171865
1515081091.4172013
1515081091.417214
1515081091.417229
1515081093.7699487
1515081093.770328
1515081093.7703466
1515081093.7703564
1515081093.7703652
1515081093.7703738
1515081093.7703822
1515081095.2743683
1515081095.2744021
1515081095.274414
1515081095.2744224
1515081095.2744305
1515081095.274438
1515081095.2744455
1515081097.1899245
1515081097.1899633
1515081097.1899736
1515081097.1899815
1515081097.1899915
1515081097.1899993
1515081097.1900067
1515081098.738991
1515081098.7393644
1515081098.739385
1515081098.7393963
1515081098.7394063
1515081098.7394164
1515081098.739426
1515081100.6827626
1515081100.682789
1515081100.6828024
1515081100.682813
1515081100.6828225
1515081100.6828322
1515081100.682842
1515081102.3901844
1515081102.3902447
1515081102.3902633
1515081102.390279
1515081102.3902943
1515081102.390309
1515081102.390324
1515081104.219932
1515081104.2199688
1515081104.2199836
1515081104.2199953
1515081104.220006
1515081104.2200165
1515081104.220027
1515081106.315057
1515081106.3151016
1515081106.3151128
1515081106.3151217
1515081106.3151302
1515081106.3151388
1515081106.3151472
1515081107.9165337
1515081107.9165652
1515081107.9165766
1515081107.9165864
1515081107.9165967
1515081107.9166057
1515081107.916615
1515081109.183548
1515081109.1835818
1515081109.183592
1515081109.1836002
1515081109.1836083
1515081109.1836162
1515081109.1836238
1515081110.7202168
1515081110.7205212
1515081110.720538
1515081110.7205465
1515081110.7205544
1515081110.720562
1515081110.7205696
1515081111.9924557
1515081111.9928997
1515081111.9929209
1515081111.9929335
1515081111.9929445
1515081111.9929547
1515081111.992965
1515081113.202463
1515081113.2024865
1515081113.202496
1515081113.202504
1515081113.2025118
1515081113.2025194
1515081113.202527
1515081114.717359
1515081114.7173905
1515081114.717403
1515081114.7174134
1515081114.7174242
1515081114.7174344
1515081114.7174447
1515081116.1590323
1515081116.1590652
1515081116.1590774
1515081116.1590874
1515081116.1590972
1515081116.1591067
1515081116.1591165
1515081117.3698728
1515081117.3705132
1515081117.3705351
1515081117.3705468
1515081117.3705568
1515081117.3705664
1515081117.3705754
1515081118.6095686
1515081118.6096036
1515081118.6096134
1515081118.6096222
1515081118.6096308
1515081118.609639
1515081118.6096473
1515081119.7513552
1515081119.751398
1515081119.751416
1515081119.7514312
1515081119.751446
1515081119.7514603
1515081119.7514746
1515081120.8855004
1515081120.8855448
1515081120.8855624
1515081120.8855777
1515081120.8855925
1515081120.8856072
1515081120.885622
1515081122.0062473
1515081122.0062845
1515081122.0062964
1515081122.006336
1515081122.0063462
1515081122.006356
1515081122.0063655
1515081122.8107555
1515081122.8107858
1515081122.8107955
1515081122.8108037
1515081122.8108115
1515081122.8108203
1515081122.8108282
1515081123.494767
1515081123.4948063
1515081123.4948187
1515081123.4948287
1515081123.4948385
1515081123.494848
1515081123.4948575
1515081124.06932
1515081124.0693572
1515081124.0693717
1515081124.0693839
1515081124.0693953
1515081124.0694067
1515081124.0694184