
1515081078.5519874
1515081084.8147657
1515081084.8147988
1515081084.8148093
1515081084.8148181
1515081084.8148274
1515081084.8148358
1515081084.814844
1515081086.10916
1515081086.109192
1515081086.1092038
1515081086.109214
1515081086.1092234
1515081086.1092327
1515081086.1092417
1515081088.128174
1515081088.128249
1515081088.1282704
1515081088.1282864
1515081088.1283019
1515081088.1283166
1515081088.128332
1515081090.140806
1515081090.1408396
1515081090.1408541
1515081090.1408663
1515081090.1408787
1515081090.1408904
1515081090.140902
1515081091.9834692
1515081091.9835017
1515081091.9835143
1515081091.983525
1515081091.9835353
1515081091.9835453
1515081091.9835558
1515081093.6170871
1515081093.6171167
1515081093.617126
1515081093.617134
1515081093.6171422
1515081093.6171503
1515081093.6171582
1515081094.9643416
1515081094.964373
1515081094.964384
1515081094.9644449
1515081094.9644632
1515081094.9644725
1515081094.9644816
1515081096.5039277
1515081096.5045333
1515081096.5045571
1515081096.5045695
1515081096.5045803
1515081096.5045907
1515081096.5046206
1515081098.412296
1515081098.4123247
1515081098.4123356
1515081098.4123435
1515081098.4123514
1515081098.412359
1515081098.4123666
1515081100.2483528
1515081100.2483902
1515081100.248403
1515081100.2484148
1515081100.2484255
1515081100.2484362
1515081100.2484465
1515081102.064821
1515081102.0651326
1515081102.0651984
1515081102.06525
1515081102.065297
1515081102.065343
1515081102.0653887
1515081104.012621
1515081104.0126534
1515081104.0126655
1515081104.0126755
1515081104.0126848
1515081104.0126936
1515081104.0127027
1515081105.6059601
1515081105.6072266
1515081105.6072388
1515081105.6072474
1515081105.6072593
1515081105.6072674
1515081105.6072752
1515081106.8868394
1515081106.8868783
1515081106.8868906
1515081106.8869011
1515081106.8869112
1515081106.8869212
1515081106.886931
1515081108.08528
1515081108.085322
1515081108.0853388
1515081108.085354
1515081108.0853684
1515081108.0853827
1515081108.085397
1515081109.477727
1515081109.4777634
1515081109.4777775
1515081109.4777894
1515081109.4778004
1515081109.4778118
1515081109.4778228
1515081110.8239427
1515081110.8239827
1515081110.8239982
1515081110.8240116
1515081110.8240242
1515081110.8240368
1515081110.824049
1515081112.1700017
1515081112.170044
1515081112.1700618
1515081112.170077
1515081112.1700916
1515081112.170106
1515081112.1701202
1515081113.680308
1515081113.6803846
1515081113.6804366
1515081113.6804833
1515081113.6805317
1515081113.6805792
1515081113.6806242
1515081115.0486505
1515081115.0486887
1515081115.0487
1515081115.0487106
1515081115.04872
1515081115.0487292
1515081115.0487382
1515081116.2675953
1515081116.2676187
1515081116.2676282
1515081116.267636
1515081116.2676437
1515081116.2676513
1515081116.267659
1515081117.5315673
1515081117.5321596
1515081117.5321908
1515081117.5322082
1515081117.5322237
1515081117.5322394
1515081117.5322545
1515081118.784853
1515081118.7852998
1515081118.785321
1515081118.7853322
1515081118.7853422
1515081118.7853522
1515081118.785362
1515081120.0250213
1515081120.0253255
1515081120.0253415
1515081120.0253541
1515081120.0253618
1515081120.0253694
1515081120.025377
1515081121.1814797
1515081121.1815093
1515081121.1815188
1515081121.181527
1515081121.1815345
1515081121.181543
1515081121.181551
1515081122.2137632
1515081122.213801
1515081122.2138116
1515081122.2138202
1515081122.2138286
1515081122.213837
1515081122.213845
1515081123.0407994
1515081123.0408885
1515081123.0409076
1515081123.0409212
1515081123.0409346
1515081123.0409474