
1515081078.5674431
1515081086.6630487
1515081086.6631758
1515081086.6632605
1515081086.6633384
1515081086.6634147
1515081086.6634896
1515081086.6635635
1515081089.3746905
1515081089.3747194
1515081089.3747296
1515081089.374738
1515081089.3747463
1515081089.3747542
1515081089.374762
1515081091.5973232
1515081091.597367
1515081091.5973806
1515081091.597391
1515081091.5974004
1515081091.59741
1515081091.5974193
1515081093.6987395
1515081093.6987624
1515081093.6987717
1515081093.6987798
1515081093.698788
1515081093.6987956
1515081093.6988032
1515081095.5408149
1515081095.540859
1515081095.5408769
1515081095.5408924
1515081095.5409071
1515081095.5409217
1515081095.5409362
1515081097.6618264
1515081097.661855
1515081097.6618643
1515081097.6618726
1515081097.6618803
1515081097.6618881
1515081097.661896
1515081100.0063462
1515081100.006377
1515081100.006389
1515081100.0064147
1515081100.0064278
1515081100.0064378
1515081100.0064478
1515081102.0282812
1515081102.0285358
1515081102.0285513
1515081102.0285604
1515081102.0285683
1515081102.0285764
1515081102.0285842
1515081104.0181253
1515081104.018152
1515081104.0181649
1515081104.018174
1515081104.0181825
1515081104.0181913
1515081104.0182002
1515081105.2788763
1515081105.2789042
1515081105.2789137
1515081105.2789218
1515081105.2789297
1515081105.2789373
1515081105.278945
1515081106.6595595
1515081106.659589
1515081106.659601
1515081106.6596103
1515081106.659619
1515081106.6596277
1515081106.6596363
1515081107.9772503
1515081107.97728
1515081107.9772894
1515081107.9772978
1515081107.977306
1515081107.977314
1515081107.9773219
1515081109.2317076
1515081109.231743
1515081109.231755
1515081109.2317653
1515081109.2317758
1515081109.2317855
1515081109.2317953
1515081110.8539283
1515081110.85396
1515081110.853971
1515081110.8539808
1515081110.85399
1515081110.8539991
1515081110.8540082
1515081112.4596524
1515081112.4596922
1515081112.45971
1515081112.4597251
1515081112.45974
1515081112.4597542
1515081112.4597685
1515081113.9940264
1515081113.9940627
1515081113.9940736
1515081113.9940827
1515081113.9940917
1515081113.9941006
1515081113.9941099
1515081115.382738
1515081115.3827758
1515081115.3827937
1515081115.3828087
1515081115.3828235
1515081115.382838
1515081115.3828526
1515081116.7522254
1515081116.7523172
1515081116.7523773
1515081116.7524335
1515081116.7524886
1515081116.7525425
1515081116.7525954
1515081118.4974298
1515081118.497469
1515081118.4974828
1515081118.4974947
1515081118.4975064
1515081118.497518
1515081118.4975297
1515081119.863006
1515081119.8630393
1515081119.8630521
1515081119.8630629
1515081119.8630733
1515081119.8630838
1515081119.8630939
1515081121.1030319
1515081121.103071
1515081121.1030817
1515081121.1030917
1515081121.103101
1515081121.10311
1515081121.1031194
1515081122.0956762
1515081122.09571
1515081122.0957208
1515081122.09573
1515081122.0957386
1515081122.0957475
1515081122.0957587
1515081122.9276106
1515081122.9276483
1515081122.927661
1515081122.927672
1515081122.9276824
1515081122.9276927
1515081122.9277031
1515081123.8806798
1515081123.8807235
1515081123.8807414
1515081123.8807566
1515081123.880771
1515081123.8807852
1515081123.8807995
1515081124.4248953
1515081124.424925
1515081124.4249368
1515081124.424947
1515081124.4249568
1515081124.4249675
1515081124.4249773
1515081124.7353733
1515081124.7354023
1515081124.735412
1515081124.73542
1515081124.7354276
1515081124.7354352
1515081124.7354429
1515081125.1450658
1515081125.1450958
1515081125.145106
1515081125.145115
1515081125.1451235
1515081125.1451318
1515081125.1451402
1515081125.444017
1515081125.4440486
1515081125.4440596
1515081125.4440684
1515081125.444077
1515081125.4440858
1515081125.4440942
1515081125.7752056
1515081125.775293
1515081125.77535
1515081125.7754016
1515081125.7754524
1515081125.775506
1515081125.775583
1515081126.0888383
1515081126.0888684
1515081126.088878
1515081126.0888863
1515081126.0888946
1515081126.0889025
1515081126.0889106
1515081126.397473
1515081126.397507
1515081126.397518
1515081126.3975277
1515081126.3975375
1515081126.3975468
1515081126.397556
1515081126.7011056
1515081126.7011352
1515081126.7011445
1515081126.7011526
1515081126.7011602
1515081126.701168
1515081126.7011757