
1515081078.5814254
1515081084.7092004
1515081084.7092319
1515081084.7092426
1515081084.7092514
1515081084.7092605
1515081084.7092688
1515081084.7092772
1515081085.8695905
1515081085.8696306
1515081085.8696446
1515081085.869657
1515081085.8696687
1515081085.8696804
1515081085.869692
1515081086.9592261
1515081086.9618642
1515081086.9618871
1515081086.9618976
1515081086.961907
1515081086.9619164
1515081086.961926
1515081089.179367
1515081089.1794019
1515081089.1794186
1515081089.1794295
1515081089.1794405
1515081089.1794505
1515081089.1794603
1515081091.7257023
1515081091.72573
1515081091.7257402
1515081091.7257493
1515081091.7257576
1515081091.7257662
1515081091.7257745
1515081093.667716
1515081093.6677406
1515081093.6677504
1515081093.667759
1515081093.6677673
1515081093.6677754
1515081093.6677833
1515081094.9079244
1515081094.9079525
1515081094.9079638
1515081094.9079738
1515081094.9079838
1515081094.907993
1515081094.9080026
1515081096.0668786
1515081096.0669236
1515081096.066938
1515081096.0669498
1515081096.0669615
1515081096.0669727
1515081096.0669842
1515081097.205492
1515081097.205527
1515081097.205545
1515081097.2055564
1515081097.2055671
1515081097.2055774
1515081097.2055879
1515081098.3499808
1515081098.3500493
1515081098.3500614
1515081098.350071
1515081098.3500798
1515081098.3500886
1515081098.3500972
1515081099.833763
1515081099.8341997
1515081099.8342276
1515081099.8342447
1515081099.8342605
1515081099.8342755
1515081099.83429
1515081100.946866
1515081100.946892
1515081100.9469018
1515081100.9469104
1515081100.9469185
1515081100.9469264
1515081100.9469345
1515081102.1212215
1515081102.1215444
1515081102.1215615
1515081102.1215703
1515081102.121581
1515081102.121589
1515081102.1215968
1515081103.782322
1515081103.7823443
1515081103.7823539
1515081103.7823617
1515081103.7823696
1515081103.7823777
1515081103.7823853
1515081106.1471295
1515081106.147161
1515081106.1472101
1515081106.1472213
1515081106.1472304
1515081106.147239
1515081106.1472478
1515081108.5614448
1515081108.56148
1515081108.5614905
1515081108.5614994
1515081108.5615082
1515081108.5615168
1515081108.5615253
1515081110.093898
1515081110.0939295
1515081110.0939412
1515081110.0939512
1515081110.0939615
1515081110.093971
1515081110.0939806
1515081111.2093468
1515081111.209482
1515081111.2095907
1515081111.2096903
1515081111.2098
1515081111.2099087
1515081111.2099783
1515081112.625589
1515081112.6256201
1515081112.62563
1515081112.6256378
1515081112.6256456
1515081112.6256533
1515081112.625661
1515081113.7191877
1515081113.7194784
1515081113.7194939
1515081113.719503
1515081113.7195113
1515081113.7195194
1515081113.7195272
1515081114.7061877
1515081114.706221
1515081114.7062318
1515081114.7062418
1515081114.7062514
1515081114.7062607
1515081114.7062702
1515081116.028119
1515081116.0281518
1515081116.0281634
1515081116.0281737
1515081116.0281827
1515081116.0281918
1515081116.0282013
1515081117.2006588
1515081117.201873
1515081117.2018921
1515081117.2019022
1515081117.2019112
1515081117.20192
1515081117.2019286
1515081118.3974724
1515081118.3975034
1515081118.3975146
1515081118.397524
1515081118.3975334
1515081118.3975427
1515081118.397552
1515081119.3090081
1515081119.3090472
1515081119.3090608
1515081119.3090777
1515081119.3091257
1515081119.3091452
1515081119.3091574
1515081119.8089764
1515081119.8090324
1515081119.8090503
1515081119.8090656