
1515081078.573289
1515081084.9709647
1515081084.9710126
1515081084.9710274
1515081084.9710398
1515081084.9710524
1515081084.9710639
1515081084.9710753
1515081086.3756433
1515081086.375678
1515081086.3756907
1515081086.3757012
1515081086.375711
1515081086.3757207
1515081086.3757305
1515081088.4612644
1515081088.4613092
1515081088.461328
1515081088.4613392
1515081088.4613495
1515081088.4613602
1515081088.4613707
1515081090.3847833
1515081090.3848097
1515081090.3848214
1515081090.3848312
1515081090.3848412
1515081090.3848505
1515081090.3848598
1515081092.4089515
1515081092.4089851
1515081092.4089983
1515081092.4090092
1515081092.40902
1515081092.4090302
1515081092.4090405
1515081095.0731816
1515081095.0732203
1515081095.073231
1515081095.0732396
1515081095.0732474
1515081095.0732555
1515081095.0732632
1515081097.328346
1515081097.3283737
1515081097.3283837
1515081097.3283918
1515081097.3284013
1515081097.3284092
1515081097.328417
1515081098.940368
1515081098.9404013
1515081098.9404123
1515081098.940421
1515081098.9404302
1515081098.940439
1515081098.9404478
1515081100.646753
1515081100.6467865
1515081100.6467998
1515081100.6468096
1515081100.6468194
1515081100.6468287
1515081100.6468377
1515081102.367316
1515081102.3674645
1515081102.3675926
1515081102.3677096
1515081102.367793
1515081102.3678486
1515081102.3679261
1515081104.265383
1515081104.2654161
1515081104.2654295
1515081104.265439
1515081104.265469
1515081104.2654827
1515081104.2654917
1515081105.9576004
1515081105.9576452
1515081105.9576573
1515081105.9576669
1515081105.9576762
1515081105.9576852
1515081105.9576945
1515081108.033119
1515081108.033153
1515081108.0331633
1515081108.0331721
1515081108.033181
1515081108.0331893
1515081108.0331979
1515081109.9284425
1515081109.9284785
1515081109.928492
1515081109.9285042
1515081109.9285164
1515081109.9285288
1515081109.9285407
1515081111.2552814
1515081111.2555811
1515081111.2555985
1515081111.2556088
1515081111.255618
1515081111.2556274
1515081111.2556365
1515081112.6672878
1515081112.6673257
1515081112.6673427
1515081112.6673565
1515081112.6673698
1515081112.6673832
1515081112.6673965
1515081113.938898
1515081113.939323
1515081113.9393485
1515081113.9393644
1515081113.939379
1515081113.9393928
1515081113.9394066
1515081115.2796774
1515081115.2797153
1515081115.2797263
1515081115.279735
1515081115.279744
1515081115.2797523
1515081115.2797606
1515081116.522061
1515081116.5220976
1515081116.522111
1515081116.5221224
1515081116.5221372
1515081116.5221481
1515081116.5221586
1515081117.667408
1515081117.6674478
1515081117.6674623
1515081117.667475
1515081117.6674871
1515081117.6674988
1515081117.6675105
1515081118.7802217
1515081118.780264
1515081118.7802765
1515081118.7802875
1515081118.780298
1515081118.7803082
1515081118.7803187
1515081119.9621007
1515081119.9621303
1515081119.9621408
1515081119.9621496
1515081119.9621584
1515081119.9621668
1515081119.9621754
1515081121.245886
1515081121.2459257
1515081121.245937
1515081121.2459466
1515081121.245956
1515081121.2459652
1515081121.2459743
1515081122.2424355
1515081122.242469
1515081122.2424822
1515081122.2424934
1515081122.242504
1515081122.2425141
1515081122.242537
1515081123.1491945
1515081123.1492324
1515081123.1492465
1515081123.1492586
1515081123.1492705
1515081123.1492858
1515081123.1492977
1515081123.9277327
1515081123.9277635
1515081123.9277737
1515081123.9277823
1515081123.9277909
1515081123.9277992
1515081123.9278076
1515081124.4110956
1515081124.4111333
1515081124.4111457
1515081124.4111557
1515081124.4111655
1515081124.4111753
1515081124.411185
1515081124.6125934
1515081124.6126308
1515081124.6126459