
1515081078.5880113
1515081085.9691682
1515081085.9691992
1515081085.96921
1515081085.969219
1515081085.9692285
1515081085.9692369
1515081085.969245
1515081087.7142136
1515081087.71425
1515081087.7142644
1515081087.7142766
1515081087.7142882
1515081087.7142997
1515081087.7143111
1515081089.3586626
1515081089.3587015
1515081089.3587148
1515081089.358725
1515081089.3587348
1515081089.3587446
1515081089.3587544
1515081090.8947992
1515081090.894839
1515081090.89485
1515081090.8948584
1515081090.8948677
1515081090.894876
1515081090.8948843
1515081092.7830236
1515081092.7830548
1515081092.7830667
1515081092.783077
1515081092.7830868
1515081092.7830966
1515081092.7831063
1515081094.5262978
1515081094.5275843
1515081094.5276067
1515081094.527619
1515081094.5276299
1515081094.5276403
1515081094.527651
1515081096.266638
1515081096.2666748
1515081096.266686
1515081096.2666953
1515081096.2667046
1515081096.2667134
1515081096.266722
1515081097.9326272
1515081097.9326696
1515081097.932683
1515081097.9326947
1515081097.9327059
1515081097.932717
1515081097.9327283
1515081099.4219422
1515081099.421972
1515081099.421985
1515081099.4219944
1515081099.4220037
1515081099.422013
1515081099.4220223
1515081100.9735384
1515081100.973567
1515081100.9735775
1515081100.9735868
1515081100.9735954
1515081100.973604
1515081100.9736125
1515081103.1060584
1515081103.106086
1515081103.1060982
1515081103.1061068
1515081103.1061144
1515081103.1061223
1515081103.1061296
1515081104.9874556
1515081104.987483
1515081104.9874938
1515081104.9875026
1515081104.9875112
1515081104.9875195
1515081104.9875278
1515081106.5704567
1515081106.5704918
1515081106.5705037
1515081106.5705135
1515081106.5710273
1515081106.5710578
1515081106.5710688
1515081108.3189974
1515081108.3190253
1515081108.319035
1515081108.3190434
1515081108.319051
1515081108.3190587
1515081108.319066
1515081109.6244261
1515081109.6244576
1515081109.6244678
1515081109.6244767
1515081109.6244853
1515081109.6244936
1515081109.624502
1515081110.9990382
1515081110.9990666
1515081110.9990776
1515081110.9990866
1515081110.9990954
1515081110.999104
1515081110.9991126
1515081112.483676
1515081112.4837043
1515081112.4837155
1515081112.4837255
1515081112.4837348
1515081112.4837441
1515081112.4837537
1515081113.9081757
1515081113.9082677
1515081113.908282
1515081113.9082944
1515081113.9083061
1515081113.9083183
1515081113.90833
1515081115.384714
1515081115.3847435
1515081115.384789
1515081115.3848011
1515081115.3848116
1515081115.3848214
1515081115.3848314
1515081116.980285
1515081116.9803166
1515081116.980328
1515081116.9803374
1515081116.9803464
1515081116.9803555
1515081116.9803646
1515081118.3675897
1515081118.3676312
1515081118.367644
1515081118.3676553
1515081118.367666
1515081118.3676767
1515081118.3676872
1515081119.5981767
1515081119.5982215
1515081119.5982368
1515081119.59825
1515081119.598263
1515081119.5982754
1515081119.5982876
1515081120.4643216
1515081120.4646974
1515081120.464718
1515081120.4647315
1515081120.4647436
1515081120.4647558
1515081120.464768
1515081121.2725794
1515081121.2726152
1515081121.2726283
1515081121.27264
1515081121.2726507
1515081121.2726617
1515081121.2726722
1515081122.141457
1515081122.141481
1515081122.1414905
1515081122.1414986
1515081122.1415067
1515081122.1415153
1515081122.1415255
1515081122.98138
1515081122.9814165
1515081122.9814308
1515081122.9814432
1515081122.981455
1515081122.9814668
1515081122.9814785
1515081123.7607806
1515081123.7612476
1515081123.7612696
1515081123.761282
1515081123.7612927
1515081123.761303
1515081123.7613134
1515081124.2059934
1515081124.2060351
1515081124.2060494
1515081124.2060616
1515081124.2060735
1515081124.206085
1515081124.2060966
1515081124.627427
1515081124.6274621
1515081124.6274748
1515081124.6274858
1515081124.6274962
1515081124.6275074
1515081124.6275182
1515081125.032921
1515081125.0329561
1515081125.032969
1515081125.0329795
1515081125.0329897
1515081125.0329998
1515081125.0330095
1515081125.1847327
1515081125.1847663
1515081125.1847801