
1515081078.5672054
1515081085.953109
1515081085.9531438
1515081085.953156
1515081085.953166
1515081085.9531767
1515081085.953186
1515081085.9531953
1515081086.9569175
1515081086.9572058
1515081086.9572213
1515081086.95723
1515081086.957238
1515081086.9572456
1515081086.957253
1515081087.9555628
1515081087.955608
1515081087.9556222
1515081087.9556322
1515081087.9556417
1515081087.9556508
1515081087.95566
1515081088.909735
1515081088.9102082
1515081088.9102318
1515081088.910245
1515081088.9102578
1515081088.9102688
1515081088.9102798
1515081090.338349
1515081090.3384142
1515081090.3384347
1515081090.3384497
1515081090.338464
1515081090.3384783
1515081090.3384929
1515081091.544945
1515081091.5449984
1515081091.545012
1515081091.5450237
1515081091.545035
1515081091.5450459
1515081091.5450566
1515081092.7881784
1515081092.7892988
1515081092.7893279
1515081092.789345
1515081092.7893622
1515081092.7893772
1515081092.7893922
1515081094.125426
1515081094.1254642
1515081094.1254761
1515081094.1254864
1515081094.1254969
1515081094.1255066
1515081094.1255167
1515081095.5460775
1515081095.5461013
1515081095.5461128
1515081095.5461211
1515081095.5461292
1515081095.546137
1515081095.546145
1515081097.1176214
1515081097.1176465
1515081097.117656
1515081097.1176639
1515081097.1176717
1515081097.117679
1515081097.1176865
1515081098.582065
1515081098.5821018
1515081098.5821154
1515081098.5821261
1515081098.5821364
1515081098.5821464
1515081098.5821567
1515081100.2999768
1515081100.3003395
1515081100.3003583
1515081100.3003695
1515081100.3003802
1515081100.3003907
1515081100.3004012
1515081102.081536
1515081102.0848162
1515081102.0848465
1515081102.0848606
1515081102.0848742
1515081102.0848863
1515081102.0849025
1515081103.7652135
1515081103.7652402
1515081103.7652514
1515081103.7652607
1515081103.76527
1515081103.7652788
1515081103.7652879
1515081105.3841004
1515081105.3844898
1515081105.38451
1515081105.3845212
1515081105.3845313
1515081105.384541
1515081105.3845508
1515081107.2036834
1515081107.2037127
1515081107.203724
1515081107.2037332
1515081107.2037423
1515081107.2037513
1515081107.2037601
1515081108.7422314
1515081108.7426133
1515081108.7426336
1515081108.742645
1515081108.742655
1515081108.7426648
1515081108.7426746
1515081109.736696
1515081109.7367234
1515081109.7367327
1515081109.7367408
1515081109.7367485
1515081109.7367587
1515081109.736766
1515081110.9395773
1515081110.9401262
1515081110.9401484
1515081110.9401608
1515081110.9401717
1515081110.9401822
1515081110.9401927
1515081112.5136232
1515081112.5136585
1515081112.5136693
1515081112.5136786
1515081112.5136871
1515081112.5136957
1515081112.5137043
1515081114.223626
1515081114.2236562
1515081114.223667
1515081114.2236757
1515081114.2236843
1515081114.2236931
1515081114.2237015
1515081115.6708026
1515081115.6708362
1515081115.670848
1515081115.6708577
1515081115.670867
1515081115.670876
1515081115.6708853
1515081117.2077215
1515081117.208291
1515081117.2083116
1515081117.2083225
1515081117.2083323
1515081117.2083414
1515081117.2083504
1515081118.6140804
1515081118.6141102
1515081118.6141207
1515081118.6141293
1515081118.6141376
1515081118.614146
1515081118.614154
1515081119.7978375
1515081119.7978733
1515081119.7978852
1515081119.7978952
1515081119.7979052
1515081119.7979157
1515081119.7979252
1515081120.6949682
1515081120.694998
1515081120.695011
1515081120.695022
1515081120.695033
1515081120.695044
1515081120.6950545
1515081121.4131265
1515081121.4131675
1515081121.4131842
1515081121.4131994
1515081121.4132135
1515081121.413227
1515081121.413241
1515081121.8918266
1515081121.8918793
1515081121.8919218