
1515081078.5833123
1515081085.7031305
1515081085.7031796
1515081085.7031977
1515081085.703213
1515081085.703228
1515081085.7032425
1515081085.703257
1515081086.9826813
1515081086.9829895
1515081086.9830072
1515081086.983017
1515081086.9830258
1515081086.9830341
1515081086.9830425
1515081088.7868907
1515081088.787001
1515081088.7870622
1515081088.787113
1515081088.7871602
1515081088.7872064
1515081088.7872524
1515081091.1640313
1515081091.1640656
1515081091.1640773
1515081091.164087
1515081091.1640973
1515081091.1641066
1515081091.164116
1515081093.0191283
1515081093.0191762
1515081093.0191932
1515081093.0192041
1515081093.0192149
1515081093.019225
1515081093.0192351
1515081094.8391926
1515081094.8392215
1515081094.8392308
1515081094.839239
1515081094.8392467
1515081094.8392546
1515081094.839262
1515081096.1959805
1515081096.1960127
1515081096.196024
1515081096.1960337
1515081096.1960435
1515081096.196053
1515081096.1960623
1515081097.417134
1515081097.417165
1515081097.4171746
1515081097.417183
1515081097.4171908
1515081097.417199
1515081097.4172065
1515081098.715608
1515081098.7159863
1515081098.716007
1515081098.716018
1515081098.716028
1515081098.716037
1515081098.7160466
1515081100.10573
1515081100.105763
1515081100.1057796
1515081100.105794
1515081100.1058075
1515081100.105821
1515081100.1058342
1515081101.3598344
1515081101.3599234
1515081101.3599594
1515081101.361675
1515081101.3616998
1515081101.361713
1515081101.3617249
1515081102.6140847
1515081102.6141224
1515081102.6141376
1515081102.6141505
1515081102.6141632
1515081102.6141756
1515081102.614188
1515081103.8822286
1515081103.8822634
1515081103.8822753
1515081103.8822856
1515081103.8822968
1515081103.8823066
1515081103.8823164
1515081105.5155244
1515081105.515569
1515081105.5155854
1515081105.5155997
1515081105.5156136
1515081105.5156271
1515081105.5156405
1515081106.6310976
1515081106.632262
1515081106.6322901
1515081106.6323018
1515081106.632312
1515081106.6323214
1515081106.6323307
1515081107.557632
1515081107.5576706
1515081107.5576823
1515081107.5576925
1515081107.5577018
1515081107.5577114
1515081107.5577204
1515081108.4988499
1515081108.4988825
1515081108.498892
1515081108.4989
1515081108.498908
1515081108.4989157
1515081108.4989238
1515081109.3640952
1515081109.3641343
1515081109.364148
1515081109.3641596
1515081109.3641713
1515081109.3641827
1515081109.364194
1515081110.2403216
1515081110.2403574
1515081110.2403712
1515081110.2403834
1515081110.2403953
1515081110.2404072
1515081110.2404191
1515081111.0854235
1515081111.085853
1515081111.0859263
1515081111.0860133
1515081111.086094
1515081111.0861459
1515081111.0862033
1515081112.1831477
1515081112.1831753
1515081112.1831863
1515081112.183195
1515081112.183204
1515081112.1832123
1515081112.1832206
1515081113.634825
1515081113.634867
1515081113.6348782
1515081113.634889
1515081113.634898
1515081113.634907
1515081113.634916
1515081115.3426623
1515081115.3426914
1515081115.342702
1515081115.342711
1515081115.3427196
1515081115.3427281
1515081115.3427362
1515081116.718376
1515081116.7188394
1515081116.7188659
1515081116.718881
1515081116.7188945
1515081116.7189076
1515081116.7189202
1515081117.7793412
1515081117.7793758
1515081117.7793872
1515081117.7793968
1515081117.7794063
1515081117.7794166
1515081117.779426
1515081118.1662617
1515081118.1663187