
1515081078.5824153
1515081086.1561003
1515081086.1561334
1515081086.1561444
1515081086.1561537
1515081086.1561637
1515081086.1561725
1515081086.156181
1515081088.5373747
1515081088.537403
1515081088.5374131
1515081088.5374215
1515081088.5374296
1515081088.5374374
1515081088.5374458
1515081089.4380267
1515081089.4384546
1515081089.438475
1515081089.438485
1515081089.4384935
1515081089.4385023
1515081089.438511
1515081090.4111185
1515081090.4111452
1515081090.4111555
1515081090.4111648
1515081090.411174
1515081090.4111829
1515081090.4111915
1515081091.6935582
1515081091.6935902
1515081091.6936023
1515081091.6936119
1515081091.6936214
1515081091.6936305
1515081091.6936398
1515081092.6501558
1515081092.6503153
1515081092.6503816
1515081092.650459
1515081092.6505206
1515081092.650577
1515081092.6506326
1515081093.8699634
1515081093.8699944
1515081093.870004
1515081093.8700128
1515081093.8700223
1515081093.8700306
1515081093.870039
1515081095.7171347
1515081095.7179005
1515081095.7179284
1515081095.7179432
1515081095.717957
1515081095.7179697
1515081095.7179825
1515081097.9449008
1515081097.9449477
1515081097.94496
1515081097.94497
1515081097.944979
1515081097.9449883
1515081097.9449973
1515081099.6956813
1515081099.695719
1515081099.6957328
1515081099.6957448
1515081099.6957564
1515081099.695768
1515081099.6957796
1515081101.3077886
1515081101.308245
1515081101.3082688
1515081101.3082824
1515081101.3082948
1515081101.308307
1515081101.3083189
1515081102.8750188
1515081102.8750534
1515081102.8750658
1515081102.8750763
1515081102.875086
1515081102.8750956
1515081102.8751054
1515081104.5296025
1515081104.5296383
1515081104.5296504
1515081104.5296607
1515081104.5296712
1515081104.529681
1515081104.5296905
1515081105.7526624
1515081105.7526906
1515081105.7526999
1515081105.752708
1515081105.7527158
1515081105.7527237
1515081105.7527313
1515081106.952845
1515081106.9528763
1515081106.9528873
1515081106.9528968
1515081106.952906
1515081106.9529147
1515081106.9529235
1515081108.0514674
1515081108.0515099
1515081108.0515268
1515081108.051541
1515081108.0515547
1515081108.0515683
1515081108.0515819
1515081109.0847712
1515081109.0848036
1515081109.0848143
1515081109.0848238
1515081109.084833
1515081109.0848415
1515081109.08485
1515081110.1019266
1515081110.1019576
1515081110.1019704
1515081110.1019812
1515081110.1019917
1515081110.102002
1515081110.1020124
1515081111.3472993
1515081111.3473327
1515081111.3473427
1515081111.3473513
1515081111.3473594
1515081111.3473673
1515081111.3473754
1515081112.654136
1515081112.654164
1515081112.6541746
1515081112.6541831
1515081112.6541915
1515081112.6542
1515081112.6542084
1515081113.8700156
1515081113.8700502
1515081113.8700624
1515081113.8700747
1515081113.8700848
1515081113.8700948
1515081113.8701046
1515081114.7843158
1515081114.7843595
1515081114.7843757
1515081114.7843897
1515081114.7844036
1515081114.7844172
1515081114.7844307
1515081115.8042994
1515081115.80433
1515081115.8043418
1515081115.8043513
1515081115.8043609
1515081115.8043702
1515081115.8043795
1515081117.16875
1515081117.1687782
1515081117.168788
1515081117.168796
1515081117.168804
1515081117.1688118
1515081117.1688197
1515081118.457848
1515081118.4578786
1515081118.4578896
1515081118.4578989
1515081118.4579077
1515081118.4579175
1515081118.4579263
1515081120.000203
1515081120.0004923
1515081120.000508
1515081120.0005171
1515081120.000525
1515081120.000533
1515081120.0005407
1515081121.0349758
1515081121.0350242
1515081121.0350368
1515081121.035048
1515081121.0350583