
1515081078.5425403
1515081084.2713134
1515081084.2713544
1515081084.2713692
1515081084.2713814
1515081084.2713947
1515081084.2714067
1515081084.2714186
1515081085.8442965
1515081085.8443367
1515081085.8443506
1515081085.8443623
1515081085.8443732
1515081085.8443842
1515081085.844395
1515081086.6478734
1515081086.6479802
1515081086.649577
1515081086.6496391
1515081086.6497116
1515081086.6497607
1515081086.649807
1515081087.6231666
1515081087.6232066
1515081087.6232228
1515081087.623237
1515081087.6232512
1515081087.6232648
1515081087.6232781
1515081088.509748
1515081088.509808
1515081088.5098383
1515081088.5098662
1515081088.5098913
1515081088.5099158
1515081088.5099401
1515081089.3257432
1515081089.3261983
1515081089.326221
1515081089.3262324
1515081089.326243
1515081089.326253
1515081089.3262625
1515081090.6524506
1515081090.6525486
1515081090.6525707
1515081090.6525877
1515081090.654606
1515081090.6546261
1515081090.654641
1515081092.0056083
1515081092.0056393
1515081092.005652
1515081092.0056627
1515081092.005673
1515081092.0056832
1515081092.0056937
1515081093.6586308
1515081093.65867
1515081093.658682
1515081093.6586902
1515081093.6586978
1515081093.6587055
1515081093.658713
1515081094.9870596
1515081094.987106
1515081094.987128
1515081094.9871376
1515081094.9871454
1515081094.987153
1515081094.9871604
1515081096.4779358
1515081096.478006
1515081096.478022
1515081096.478034
1515081096.478045
1515081096.4780555
1515081096.478066
1515081098.1187932
1515081098.1188262
1515081098.1188374
1515081098.1188474
1515081098.1188567
1515081098.1188686
1515081098.1188784
1515081100.086316
1515081100.086359
1515081100.086373
1515081100.086385
1515081100.0864086
1515081100.0864215
1515081100.0864334
1515081101.9849887
1515081101.9850187
1515081101.9850297
1515081101.985039
1515081101.9850478
1515081101.9850566
1515081101.9850652
1515081103.7782772
1515081103.7783227
1515081103.7783337
1515081103.7783432
1515081103.7783523
1515081103.778361
1515081103.7783701
1515081105.5502408
1515081105.5502772
1515081105.5502915
1515081105.5503035
1515081105.5503154
1515081105.5503266
1515081105.5503378
1515081107.2625396
1515081107.2625835
1515081107.2625978
1515081107.2626097
1515081107.2626219
1515081107.2626338
1515081107.2626455
1515081108.6039593
1515081108.6039917
1515081108.6040008
1515081108.6040084
1515081108.604016
1515081108.6040235
1515081108.604031
1515081109.7488296
1515081109.7488773
1515081109.7488928
1515081109.7489061
1515081109.7489185
1515081109.748931
1515081109.7489433
1515081110.9703674
1515081110.9704084
1515081110.9704208
1515081110.9704304
1515081110.9704397
1515081110.970449
1515081110.970458
1515081112.3134377
1515081112.3134818
1515081112.313498
1515081112.3135118
1515081112.3135257
1515081112.313539
1515081112.3135524
1515081113.201614
1515081113.201646
1515081113.201657
1515081113.2016659
1515081113.2016752
1515081113.201684
1515081113.2016926
1515081114.224803
1515081114.2251887
1515081114.2252119
1515081114.2252254
1515081114.2252378
1515081114.2252498
1515081114.2252614
1515081115.3730183
1515081115.373063
1515081115.3730795
1515081115.3730936
1515081115.3731072
1515081115.3731205
1515081115.3731341
1515081116.2650611
1515081116.2650983
1515081116.2651134
1515081116.265127
1515081116.2651396
1515081116.265155
1515081116.2651677
1515081117.0976326
1515081117.0976605
1515081117.0976696
1515081117.097678
1515081117.0976858
1515081117.0976934
1515081117.097701
1515081117.9671938
1515081117.9672277
1515081117.9672394
1515081117.9672492
1515081117.9672582
1515081117.9672673
1515081117.967276
1515081118.7982085
1515081118.7982364
1515081118.7982464
1515081118.798255
1515081118.7982633
1515081118.7982717
1515081118.7982802
1515081119.923325
1515081119.92369
1515081119.9237108
1515081119.923724
1515081119.9237351
1515081119.9237504
1515081119.9237616
1515081120.1257997