
1515081078.5672538
1515081084.656117
1515081084.6561592
1515081084.6561742
1515081084.656186
1515081084.6561995
1515081084.6562114
1515081084.656223
1515081086.5491648
1515081086.549209
1515081086.549227
1515081086.5492423
1515081086.5492568
1515081086.5492713
1515081086.5492861
1515081088.8693159
1515081088.869809
1515081088.869827
1515081088.8698366
1515081088.8698452
1515081088.8698535
1515081088.869865
1515081089.8977387
1515081089.89778
1515081089.897794
1515081089.8978064
1515081089.897819
1515081089.8978307
1515081089.8978424
1515081090.9302325
1515081090.930264
1515081090.9302762
1515081090.930287
1515081090.930297
1515081090.9303071
1515081090.9303176
1515081092.1311092
1515081092.1311421
1515081092.1311533
1515081092.1311631
1515081092.131173
1515081092.1311822
1515081092.1311917
1515081093.176241
1515081093.1766033
1515081093.176624
1515081093.1766362
1515081093.1766486
1515081093.1766593
1515081093.1766698
1515081093.9915967
1515081093.9919584
1515081093.9919746
1515081093.9919834
1515081093.9919915
1515081093.9919991
1515081093.992007
1515081095.2676783
1515081095.2677064
1515081095.2677176
1515081095.2677515
1515081095.26776
1515081095.2677674
1515081095.2677753
1515081096.9121006
1515081096.912611
1515081096.9126358
1515081096.91265
1515081096.9126625
1515081096.9126747
1515081096.9126868
1515081098.450923
1515081098.4509516
1515081098.4509628
1515081098.4509706
1515081098.4509783
1515081098.450986
1515081098.4509935
1515081100.013448
1515081100.0134788
1515081100.0134897
1515081100.0134993
1515081100.0135083
1515081100.0135174
1515081100.0135262
1515081101.8520076
1515081101.8520498
1515081101.8520658
1515081101.8520787
1515081101.8520951
1515081101.852108
1515081101.8521206
1515081103.4070158
1515081103.4070477
1515081103.4070585
1515081103.4070678
1515081103.4070766
1515081103.4070852
1515081103.4070935
1515081104.8128054
1515081104.8128495
1515081104.8128676
1515081104.8128827
1515081104.8128972
1515081104.8129115
1515081104.812926
1515081106.203414
1515081106.2038777
1515081106.2039304
1515081106.2039459
1515081106.203959
1515081106.2039716
1515081106.2039843
1515081107.2599733
1515081107.2600012
1515081107.260011
1515081107.2600193
1515081107.2600274
1515081107.260035
1515081107.260043
1515081108.274952
1515081108.2749794
1515081108.2749894
1515081108.2749975
1515081108.275005
1515081108.2750127
1515081108.2750206
1515081109.8792746
1515081109.8793092
1515081109.8793225
1515081109.8793333
1515081109.8793437
1515081109.879354
1515081109.8793645
1515081111.0595508
1515081111.0596704
1515081111.059735
1515081111.0597928
1515081111.0598488
1515081111.0599325
1515081111.0599928
1515081112.3810654
1515081112.3814585
1515081112.381479
1515081112.3814907
1515081112.381502
1515081112.3815124
1515081112.3815227
1515081113.6440773
1515081113.6441143
1515081113.6441264
1515081113.6441367
1515081113.6441462
1515081113.644156
1515081113.6441655
1515081114.9296708
1515081114.929709
1515081114.9297206
1515081114.929731
1515081114.9297407
1515081114.9297502
1515081114.9297602
1515081116.0823677
1515081116.0824127
1515081116.0824265
1515081116.0824366
1515081116.0824463
1515081116.082456
1515081116.0824656
1515081117.2435973
1515081117.2436242
1515081117.243634
1515081117.2436423
1515081117.2436502
1515081117.243659
1515081117.2436671
1515081118.8196807
1515081118.8207247
1515081118.820749
1515081118.8207617
1515081118.8207726
1515081118.8214154
1515081118.8214293
1515081119.890567
1515081119.890598
1515081119.8906076
1515081119.890616
1515081119.8906238
1515081119.890632
1515081119.8906398
1515081121.13565
1515081121.1356795
1515081121.1356907
1515081121.1357002
1515081121.135709
1515081121.1357205
1515081121.1357303
1515081122.1270385
1515081122.1270673
1515081122.127077
1515081122.1270854
1515081122.1270936
1515081122.1271043
1515081122.1271124
1515081122.215138