
1515081078.5736113
1515081086.3301916
1515081086.330223
1515081086.3302324
1515081086.3302407
1515081086.3302498
1515081086.3302574
1515081086.3302648
1515081088.5447142
1515081088.5447388
1515081088.5447483
1515081088.5447567
1515081088.5447643
1515081088.5447717
1515081088.5447793
1515081090.1162553
1515081090.1165898
1515081090.1166105
1515081090.116622
1515081090.1166322
1515081090.1166422
1515081090.1166523
1515081092.216452
1515081092.2164872
1515081092.2164972
1515081092.2165055
1515081092.216514
1515081092.2165215
1515081092.2165291
1515081093.4180613
1515081093.4180956
1515081093.4181073
1515081093.4181178
1515081093.4181275
1515081093.4181373
1515081093.4181473
1515081094.024946
1515081094.0249712
1515081094.0249808
1515081094.0249887
1515081094.0249965
1515081094.0250041
1515081094.0250115
1515081094.801416
1515081094.8014538
1515081094.8014688
1515081094.8014817
1515081094.8014967
1515081094.8015091
1515081094.8015213
1515081096.1993701
1515081096.1999326
1515081096.1999555
1515081096.1999688
1515081096.1999807
1515081096.1999931
1515081096.2000053
1515081097.092887
1515081097.092915
1515081097.092929
1515081097.0929387
1515081097.092951
1515081097.093297
1515081097.0936408
1515081098.3087573
1515081098.308798
1515081098.3088129
1515081098.3088255
1515081098.3088374
1515081098.308849
1515081098.3088605
1515081099.412877
1515081099.412913
1515081099.4129295
1515081099.4129434
1515081099.4129565
1515081099.4129694
1515081099.4129822
1515081100.6743433
1515081100.6743705
1515081100.6743815
1515081100.6743908
1515081100.674411
1515081100.67442
1515081100.6744285
1515081101.9315133
1515081101.9321206
1515081101.932174
1515081101.932203
1515081101.932247
1515081101.9322584
1515081101.9322689
1515081103.264982
1515081103.26501
1515081103.26502
1515081103.265028
1515081103.2650363
1515081103.2650442
1515081103.265052
1515081104.604588
1515081104.6046255
1515081104.604638
1515081104.6046486
1515081104.604659
1515081104.604669
1515081104.6046793
1515081105.6873884
1515081105.687685
1515081105.6877012
1515081105.6877105
1515081105.6877186
1515081105.6877265
1515081105.6877341
1515081107.1745908
1515081107.1746247
1515081107.1746366
1515081107.1746469
1515081107.1746569
1515081107.1746664
1515081107.1746762
1515081108.4457903
1515081108.4458258
1515081108.445837
1515081108.4458466
1515081108.4458556
1515081108.4458642
1515081108.4458728
1515081109.4286873
1515081109.4287207
1515081109.4287326
1515081109.4287426
1515081109.4287524
1515081109.4287622
1515081109.4287717
1515081110.5663013
1515081110.566338
1515081110.5663517
1515081110.566364
1515081110.5663757
1515081110.5663877
1515081110.5664117
1515081111.3543882
1515081111.354429
1515081111.3544397
1515081111.3544483
1515081111.354457
1515081111.3544652
1515081111.3544736
1515081112.5478191
1515081112.5491245
1515081112.5491426
1515081112.549152
1515081112.54916
1515081112.5491676
1515081112.5491753
1515081113.6472487
1515081113.647276
1515081113.6472862
1515081113.6472955
1515081113.6473045
1515081113.6473134
1515081113.647322
1515081114.6465023
1515081114.6465416
1515081114.6465533
1515081114.6465633
1515081114.6465726
1515081114.646582
1515081114.646591
1515081115.152685
1515081115.1527305
1515081115.1527488