
1515081078.5865982
1515081085.6116676
1515081085.6117027
1515081085.6117141
1515081085.611723
1515081085.6117325
1515081085.611741
1515081085.6117496
1515081086.614384
1515081086.6144238
1515081086.6144342
1515081086.6144423
1515081086.6144505
1515081086.6144583
1515081086.6144662
1515081087.9276228
1515081087.9276752
1515081087.92769
1515081087.9277012
1515081087.927712
1515081087.9277222
1515081087.9277327
1515081089.0093045
1515081089.0093403
1515081089.009352
1515081089.0093617
1515081089.0093882
1515081089.0093994
1515081089.009409
1515081090.3794334
1515081090.379472
1515081090.379487
1515081090.3795002
1515081090.379513
1515081090.3795254
1515081090.379538
1515081091.9634686
1515081091.963505
1515081091.9635186
1515081091.96353
1515081091.963541
1515081091.9635522
1515081091.9635634
1515081093.9859712
1515081093.9863522
1515081093.9863715
1515081093.986383
1515081093.9864094
1515081093.9864213
1515081093.9864314
1515081095.5969796
1515081095.597014
1515081095.597025
1515081095.5970347
1515081095.597044
1515081095.5970533
1515081095.5970623
1515081096.3811965
1515081096.381559
1515081096.3815799
1515081096.381593
1515081096.3816051
1515081096.3816175
1515081096.3816297
1515081097.0904038
1515081097.0904486
1515081097.090459
1515081097.0904675
1515081097.0904758
1515081097.0904837
1515081097.0904915
1515081097.7018764
1515081097.701903
1515081097.7019129
1515081097.701921
1515081097.7019286
1515081097.701936
1515081097.7019434
1515081098.332858
1515081098.3328843
1515081098.3328936
1515081098.3329017
1515081098.3329093
1515081098.3329172
1515081098.3329246
1515081098.8252187
1515081098.8252509
1515081098.8252635
1515081098.8252745
1515081098.825288
1515081098.8252983
1515081098.8253086
1515081099.4426246
1515081099.4426541
1515081099.4426677
1515081099.442679
1515081099.4426897
1515081099.4427006
1515081099.4427114
1515081099.9458902
1515081099.9459214
1515081099.945934
1515081099.9459448
1515081099.9459555
1515081099.9459655
1515081099.9459755
1515081100.476116
1515081100.4761462
1515081100.4761581
1515081100.476168
1515081100.4761772
1515081100.4761865
1515081100.4761958
1515081100.992462
1515081100.9927611
1515081100.9927773
1515081100.992787
1515081100.9927955
1515081100.992804
1515081100.9928124
1515081101.5873055
1515081101.5873392
1515081101.5873537
1515081101.5873659
1515081101.5885134
1515081101.5885382
1515081101.5885506
1515081102.037656
1515081102.0377474
1515081102.037798
1515081102.0378447
1515081102.0378895
1515081102.037934
1515081102.0379786
1515081102.6328082
1515081102.63284
1515081102.6328511
1515081102.6328607
1515081102.63287
1515081102.6328795
1515081102.6328888
1515081103.2082448
1515081103.208281
1515081103.208292
1515081103.2083018
1515081103.208311
1515081103.2083201
1515081103.2083297
1515081103.7652066
1515081103.7652385
1515081103.765249
1515081103.7652576
1515081103.7652662
1515081103.7652748
1515081103.7652829
1515081104.353571
1515081104.3536055
1515081104.3536186
1515081104.3536296
1515081104.3536403
1515081104.3536506
1515081104.3536608
1515081104.9574494
1515081104.957482
1515081104.9574933
1515081104.957503
1515081104.9575124
1515081104.9575214
1515081104.9575307
1515081105.5399218
1515081105.5399582
1515081105.5399725
1515081105.5399847
1515081105.5400147
1515081105.5400283
1515081105.54004
1515081106.076591
1515081106.0766766
1515081106.0767345
1515081106.076787
1515081106.0768375
1515081106.0768862
1515081106.0769358
1515081106.6704652
1515081106.6704879
1515081106.6704972
1515081106.670505
1515081106.6705127
1515081106.67052
1515081106.6705275
1515081107.1762478
1515081107.1762726
1515081107.1762817
1515081107.1762898
1515081107.1762972
1515081107.176305
1515081107.1763127
1515081108.0042548
1515081108.0045946
1515081108.0046144
1515081108.0046256
1515081108.0046356
1515081108.004646
1515081108.0046558
1515081108.9769628
1515081108.9769921
1515081108.9770029
1515081108.9770122
1515081108.9770207
1515081108.9770296
1515081108.9770381
1515081109.3040266
1515081109.3040655