
1515081078.5489116
1515081085.4501603
1515081085.450202
1515081085.4502156
1515081085.4502268
1515081085.4502397
1515081085.4502501
1515081085.4502606
1515081086.259743
1515081086.2597816
1515081086.2597942
1515081086.2598054
1515081086.259816
1515081086.2598262
1515081086.2598362
1515081086.9627807
1515081086.963258
1515081086.9632862
1515081086.9633026
1515081086.9633183
1515081086.9633336
1515081086.9633486
1515081087.8296971
1515081087.8297365
1515081087.8297517
1515081087.829765
1515081087.8297794
1515081087.829792
1515081087.8298047
1515081088.474919
1515081088.4750154
1515081088.475029
1515081088.4750395
1515081088.4750493
1515081088.475059
1515081088.4750688
1515081089.2373633
1515081089.2373936
1515081089.237404
1515081089.2374127
1515081089.237421
1515081089.2374296
1515081089.237438
1515081089.8205411
1515081089.8210845
1515081089.821118
1515081089.8211331
1515081089.821148
1515081089.821162
1515081089.8211792
1515081090.4432843
1515081090.443317
1515081090.4433272
1515081090.443336
1515081090.4433444
1515081090.443353
1515081090.4433613
1515081091.3055875
1515081091.305645
1515081091.3056629
1515081091.305676
1515081091.3056884
1515081091.305701
1515081091.3057134
1515081091.7976086
1515081091.7976396
1515081091.79765
1515081091.7976592
1515081091.797668
1515081091.7976766
1515081091.7976851
1515081092.2059915
1515081092.206036
1515081092.2060509
1515081092.2060611
1515081092.2060707
1515081092.20608
1515081092.2060893
1515081092.7206182
1515081092.7206953
1515081092.7212768
1515081092.7213476
1515081092.7213979
1515081092.7214458
1515081092.7214925
1515081093.1299882
1515081093.1300263
1515081093.130036
1515081093.1300442
1515081093.1300547
1515081093.1300626
1515081093.1300702
1515081093.69587
1515081093.6959145
1515081093.6959248
1515081093.695933
1515081093.695941
1515081093.6959488
1515081093.6959562
1515081094.189139
1515081094.1891847
1515081094.1891987
1515081094.1892102
1515081094.1892211
1515081094.1892323
1515081094.1892433
1515081094.8973546
1515081094.8977458
1515081094.8977652
1515081094.897776
1515081094.8977854
1515081094.8977947
1515081094.8978043
1515081095.4229267
1515081095.4229665
1515081095.422982
1515081095.422996
1515081095.4230094
1515081095.423023
1515081095.423036
1515081096.1140523
1515081096.1140957
1515081096.114114
1515081096.1141295
1515081096.1141443
1515081096.1141589
1515081096.1141734
1515081096.726759
1515081096.7267919
1515081096.7268033
1515081096.7268128
1515081096.7268224
1515081096.7268314
1515081096.7268407
1515081097.3842323
1515081097.3842733
1515081097.3842876
1515081097.3843002
1515081097.3843126
1515081097.384325
1515081097.3843374
1515081098.2256215
1515081098.225687
1515081098.2257037
1515081098.2257159
1515081098.2257268
1515081098.2257378
1515081098.2257488
1515081099.1260884
1515081099.1264582
1515081099.1264803
1515081099.1264932
1515081099.1265047
1515081099.1265156
1515081099.1265266
1515081100.252438
1515081100.2527475
1515081100.2527635
1515081100.2527726
1515081100.252781
1515081100.252789
1515081100.2527971
1515081101.5760589
1515081101.5760884
1515081101.5760984
1515081101.5761068
1515081101.576115
1515081101.5761228
1515081101.5761309
1515081102.5610847
1515081102.561349
1515081102.5613644
1515081102.5613732
1515081102.5613813
1515081102.5613904
1515081102.5613983
1515081103.7794006
1515081103.7794259
1515081103.779436
1515081103.7794452
1515081103.7794535
1515081103.7794616
1515081103.7794695
1515081105.1578984
1515081105.1582167
1515081105.1582348
1515081105.1582444
1515081105.158253
1515081105.1582613
1515081105.15827
1515081106.6629865
1515081106.6630123
1515081106.6630237
1515081106.6630332
1515081106.6630423
1515081106.6630511
1515081106.6630602
1515081107.9541776
1515081107.9542162
1515081107.9542315
1515081107.9542444
1515081107.9542572
1515081107.9542708
1515081107.954284
1515081109.0297415
1515081109.029778
1515081109.0297914
1515081109.0298028
1515081109.0298135
1515081109.0298245
1515081109.0298352