
1515081078.5477927
1515081086.015815
1515081086.015852
1515081086.015866
1515081086.0158772
1515081086.0159168
1515081086.0159285
1515081086.0159397
1515081087.5590284
1515081087.5590622
1515081087.5590746
1515081087.5590854
1515081087.5590956
1515081087.5591056
1515081087.559116
1515081088.9108474
1515081088.91088
1515081088.9108956
1515081088.910904
1515081088.9109118
1515081088.9109194
1515081088.910927
1515081090.84076
1515081090.8407922
1515081090.8408053
1515081090.840816
1515081090.8408275
1515081090.8408377
1515081090.840848
1515081092.837081
1515081092.8374045
1515081092.8374207
1515081092.8374295
1515081092.8374379
1515081092.8374455
1515081092.8374531
1515081094.2294054
1515081094.2294352
1515081094.2294457
1515081094.2294545
1515081094.229463
1515081094.2294714
1515081094.2294796
1515081095.8955388
1515081095.8955717
1515081095.8955834
1515081095.8955932
1515081095.8956048
1515081095.8956146
1515081095.895684
1515081098.826022
1515081098.8260646
1515081098.8260832
1515081098.8260992
1515081098.826114
1515081098.826129
1515081098.8261437
1515081100.985808
1515081100.9858332
1515081100.9858463
1515081100.9858558
1515081100.9858644
1515081100.9858727
1515081100.9858816
1515081102.542298
1515081102.5423348
1515081102.5423498
1515081102.5423627
1515081102.542375
1515081102.542387
1515081102.5424135
1515081104.428767
1515081104.4287994
1515081104.4288135
1515081104.4288237
1515081104.4288335
1515081104.4288433
1515081104.428853
1515081105.9082174
1515081105.9082515
1515081105.9082627
1515081105.9082723
1515081105.9082816
1515081105.9082906
1515081105.9082997
1515081107.8335884
1515081107.833626
1515081107.83364
1515081107.833653
1515081107.833667
1515081107.8336794
1515081107.8336916
1515081109.170329
1515081109.1703596
1515081109.1703696
1515081109.1703784
1515081109.1703868
1515081109.1704047
1515081109.1704142
1515081110.94133
1515081110.9413548
1515081110.9413652
1515081110.9413743
1515081110.941383
1515081110.9413915
1515081110.9414003
1515081112.578726
1515081112.5787601
1515081112.5787733
1515081112.578784
1515081112.5787945
1515081112.5788047
1515081112.578815
1515081113.9179373
1515081113.9183917
1515081113.9184668
1515081113.9184842
1515081113.9184992
1515081113.918514
1515081113.9185288
1515081115.1534262
1515081115.1534626
1515081115.1535058
1515081115.1535177
1515081115.1535282
1515081115.1535387
1515081115.153549
1515081116.3294988
1515081116.3295333
1515081116.3295474
1515081116.3295593
1515081116.329571
1515081116.3295827
1515081116.3295941
1515081117.269026
1515081117.269596
1515081117.269614
1515081117.269623
1515081117.269631
1515081117.2696385
1515081117.269646
1515081118.4641845
1515081118.4642117
1515081118.464223
1515081118.4642324
1515081118.4642417
1515081118.464251
1515081118.4642599
1515081119.6948018
1515081119.6948946
1515081119.6949534
1515081119.6950042
1515081119.6950536
1515081119.6951022
1515081119.6951525
1515081120.689353
1515081120.6893818
1515081120.689392
1515081120.6894011
1515081120.6894097
1515081120.689418
1515081120.6894262
1515081121.4934223
1515081121.4934673
1515081121.4934828
1515081121.4934955
1515081121.493508
1515081121.4935203
1515081121.4935324
1515081122.2515345
1515081122.2515707
1515081122.2515862
1515081122.251599
1515081122.2516115
1515081122.2516248
1515081122.2516372
1515081123.0231576
1515081123.0235548
1515081123.0235744
1515081123.023585
1515081123.0235946
1515081123.0236042
1515081123.0236135
1515081123.8303406
1515081123.830384
1515081123.8304186
1515081123.830434
1515081123.8304465
1515081123.8304589
1515081123.830471