
1515060225.699127
1515060226.7107255
1515060226.710764
1515060226.7107782
1515060226.7112176
1515060226.7113423
1515060226.7114265
1515060226.9700124
1515060226.9701505
1515060226.9702277
1515060227.3109944
1515060227.3110986
1515060227.3111553
1515060227.7391362
1515060227.7392333
1515060227.739287
1515060228.0931697
1515060228.0932941
1515060228.0933716
1515060228.9459844
1515060228.9461105
1515060228.9461896
1515060229.9770389
1515060229.9770665
1515060229.9770865
1515060230.3181348
1515060230.3181732
1515060230.318187
1515060230.725611
1515060230.725639
1515060230.7256494
1515060231.2057538
1515060231.2057767
1515060231.2057862
1515060231.731859
1515060231.731904
1515060231.7319186
1515060232.1329832
1515060232.1330109
1515060232.1330202
1515060232.5106037
1515060232.510626
1515060232.5106354
1515060233.1366303
1515060233.1366577
1515060233.1366675
1515060233.7154748
1515060233.7155118
1515060233.7155252
1515060234.1210897
1515060234.121122
1515060234.1211321
1515060234.5275664
1515060234.5275905
1515060234.5276
1515060235.0351677
1515060235.0351923
1515060235.0352018
1515060235.5322895
1515060235.5323188
1515060235.5323284
1515060236.0765624
1515060236.0765896
1515060236.0765994
1515060236.4617066
1515060236.4617455
1515060236.4618018
1515060236.8353815
1515060236.8354125
1515060236.8354216
1515060237.255591
1515060237.255622
1515060237.2556326
1515060237.7221613
1515060237.7221951
1515060237.7222075
1515060238.145218
1515060238.1452405
1515060238.1452503
1515060238.5578444
1515060238.5578735
1515060238.5588806
1515060239.0144918
1515060239.014538
1515060239.0145507
1515060239.4851127
1515060239.4851468
1515060239.4851608
1515060239.9751863
1515060239.9752188
1515060239.9752302
1515060240.2765784
1515060240.2766023
1515060240.276612
1515060240.631601
1515060240.6316304
1515060240.6316411
1515060241.0457325
1515060241.0457654
1515060241.045776
1515060241.561736
1515060241.5617635
1515060241.5617743
1515060242.1319945
1515060242.13202
1515060242.1320298
1515060242.6582615
1515060242.6582973
1515060242.6583068
1515060243.145376
1515060243.1454651
1515060243.145512
1515060243.7100964
1515060243.710127
1515060243.7101378
1515060244.2933068
1515060244.293346
1515060244.2933586
1515060244.7099266
1515060244.7099502
1515060244.70996
1515060245.0655446
1515060245.065569
1515060245.0655787
1515060245.4222834
1515060245.4223096
1515060245.422319
1515060245.885226
1515060245.8852477
1515060245.8852572
1515060246.3629556
1515060246.3629858
1515060246.3629956
1515060246.8203726
1515060246.8203988
1515060246.82041
1515060247.2519414
1515060247.251965
1515060247.2519732
1515060247.4918797
1515060247.491917
1515060247.4919262
1515060247.855734
1515060247.8557856
1515060247.855797
1515060248.3186178
1515060248.318674
1515060248.318686
1515060248.7490523
1515060248.7490826
1515060248.7490926
1515060249.1009314
1515060249.1009629
1515060249.1009746
1515060249.484475
1515060249.4845033
1515060249.4845152
1515060249.8805203
1515060249.8805487
1515060249.8805585
1515060250.284445
1515060250.284473
1515060250.2844822
1515060250.6617017
1515060250.6619563
1515060250.6619723
1515060251.017004
1515060251.017068
1515060251.017081
1515060251.3280566
1515060251.3280902
1515060251.3280997
1515060251.6201103
1515060251.6201384
1515060251.620149
1515060251.9520085
1515060251.9529016
1515060251.952922
1515060252.2433822
1515060252.2434158
1515060252.2434278
1515060252.5073512
1515060252.5073855
1515060252.5073962
1515060252.7323515
1515060252.7323842
1515060252.7323964
1515060252.9293158
1515060252.929346
1515060252.9293563
1515060253.1460521
1515060253.1460812
1515060253.1460905
1515060253.3505225
1515060253.3505542
1515060253.3505635
1515060253.5921352
1515060253.5921788
1515060253.5921962
1515060253.8293734
1515060253.8294063
1515060253.829419
1515060254.0293176
1515060254.0293434
1515060254.0293527
1515060254.2307017
1515060254.2307339
1515060254.2307448
1515060254.3825507
1515060254.3825784
1515060254.3825881
1515060254.6238663
1515060254.6239283
1515060254.6239417
1515060254.790166
1515060254.7901993
1515060254.7902093
1515060254.990704
1515060254.9907427
1515060254.9907553
1515060255.1492174
1515060255.1492498
1515060255.1492605
1515060255.2657835
1515060255.265821