
1515060225.6790972
1515060226.32927
1515060226.3293016
1515060226.3293126
1515060226.5889175
1515060226.5889509
1515060226.5889611
1515060226.9218934
1515060226.9219327
1515060226.9219522
1515060227.29338
1515060227.293409
1515060227.29342
1515060227.727683
1515060227.7277143
1515060227.7277253
1515060228.0264447
1515060228.0264904
1515060228.0265026
1515060228.2708585
1515060228.270898
1515060228.2709157
1515060228.5106866
1515060228.5107205
1515060228.5107322
1515060228.715131
1515060228.7151701
1515060228.715182
1515060228.9372332
1515060228.9372869
1515060228.9373035
1515060230.1947134
1515060230.1947443
1515060230.1947556
1515060230.509918
1515060230.5099552
1515060230.5099726
1515060230.7486432
1515060230.7486677
1515060230.7486775
1515060231.0427613
1515060231.0427942
1515060231.0428064
1515060231.336012
1515060231.336053
1515060231.3361096
1515060231.6582935
1515060231.6583416
1515060231.658363
1515060231.879131
1515060231.8791761
1515060231.8791966
1515060232.1339386
1515060232.1339636
1515060232.1339746
1515060232.4439478
1515060232.443984
1515060232.443994
1515060232.6987314
1515060232.6991487
1515060232.6991699
1515060232.9556375
1515060232.9556932
1515060232.9557083
1515060233.1798337
1515060233.1798608
1515060233.17987
1515060233.5137103
1515060233.5137377
1515060233.5137482
1515060233.8414936
1515060233.8415225
1515060233.8415322
1515060234.09358
1515060234.0936198
1515060234.0936308
1515060234.40034
1515060234.401705
1515060234.401723
1515060234.6678696
1515060234.6694245
1515060234.6694493
1515060234.9247456
1515060234.9247782
1515060234.9247882
1515060235.2226956
1515060235.2227223
1515060235.2227318
1515060235.5980284
1515060235.598072
1515060235.5980902
1515060235.9748838
1515060235.9749131
1515060235.9749265
1515060236.2788668
1515060236.2788908
1515060236.2789009
1515060236.6466227
1515060236.6466496
1515060236.646659
1515060237.001158
1515060237.001186
1515060237.0011983
1515060237.5122082
1515060237.512231
1515060237.5122406
1515060238.034663
1515060238.0346951
1515060238.0347064
1515060238.466282
1515060238.4663131
1515060238.4663231
1515060238.8769014
1515060238.8769286
1515060238.876938
1515060239.2755892
1515060239.2756202
1515060239.275632
1515060239.6566777
1515060239.656708
1515060239.6567178
1515060240.0772684
1515060240.0773003
1515060240.07731
1515060240.506273
1515060240.506323
1515060240.506337
1515060240.9817424
1515060240.981777
1515060240.981787
1515060241.3964186
1515060241.3964503
1515060241.3964627
1515060241.8287148
1515060241.8287485
1515060241.8287623
1515060242.1812594
1515060242.181283
1515060242.1812923
1515060242.684188
1515060242.6842132
1515060242.6842227
1515060243.1902916
1515060243.1903222
1515060243.1903317
1515060243.721018
1515060243.7210422
1515060243.7210526
1515060244.326861
1515060244.3268902
1515060244.3269007
1515060244.7680984
1515060244.7681615
1515060244.7681732
1515060245.2842085
1515060245.2845376
1515060245.2845533
1515060245.8224134
1515060245.822445
1515060245.8224564
1515060246.2975376
1515060246.2975652
1515060246.297575
1515060246.72243
1515060246.722458
1515060246.7224672
1515060247.1402626
1515060247.1402857
1515060247.1402938
1515060247.5326474
1515060247.532671
1515060247.5326796
1515060248.0175376
1515060248.0175798
1515060248.017591
1515060248.478346
1515060248.4783752
1515060248.4783852
1515060248.888873
1515060248.8889062
1515060248.8889172
1515060249.305378
1515060249.3054051
1515060249.3054152
1515060249.687322
1515060249.6873534
1515060249.687379
1515060250.1464486
1515060250.1464827
1515060250.1464953
1515060250.4411132
1515060250.441451
1515060250.4414675
1515060250.7440395
1515060250.744069
1515060250.7440789
1515060250.9017494