
1515060225.6706688
1515060230.2615287
1515060230.2615602
1515060230.2615702
1515060230.5646653
1515060230.564694
1515060230.5647035
1515060230.8247871
1515060230.8248184
1515060230.8248308
1515060231.140607
1515060231.140637
1515060231.1406476
1515060231.490697
1515060231.4907286
1515060231.4907417
1515060231.7515752
1515060231.751614
1515060231.7516243
1515060232.0660198
1515060232.0660484
1515060232.066058
1515060232.4427109
1515060232.4427562
1515060232.442773
1515060232.728203
1515060232.7282343
1515060232.7282457
1515060233.0736039
1515060233.0736423
1515060233.0736518
1515060233.4843948
1515060233.4844248
1515060233.4844396
1515060233.9391322
1515060233.9391613
1515060233.939173
1515060234.4177058
1515060234.4177349
1515060234.4177454
1515060234.7300253
1515060234.7300546
1515060234.7300646
1515060235.121539
1515060235.1215758
1515060235.12159
1515060235.5391304
1515060235.5391603
1515060235.5391707
1515060236.2724056
1515060236.2724338
1515060236.2724433
1515060236.6363575
1515060236.6363902
1515060236.6364
1515060236.977451
1515060236.9774914
1515060236.9775023
1515060237.2883554
1515060237.288383
1515060237.2883925
1515060237.680287
1515060237.680326
1515060237.6803377
1515060238.0738134
1515060238.0738447
1515060238.0738566
1515060238.4450357
1515060238.445061
1515060238.4450707
1515060238.7907414
1515060238.790767
1515060238.7907765
1515060239.116853
1515060239.116881
1515060239.1168907
1515060239.5619245
1515060239.561955
1515060239.5619648
1515060240.082857
1515060240.082894
1515060240.0829046
1515060240.5321386
1515060240.5321643
1515060240.5321739
1515060241.0144968
1515060241.0145273
1515060241.0145383
1515060241.5493183
1515060241.5493522
1515060241.5493627
1515060242.1504128
1515060242.1504374
1515060242.1504474
1515060242.7066913
1515060242.706717
1515060242.7067268
1515060243.3537953
1515060243.3538303
1515060243.3538418
1515060243.6822488
1515060243.6822772
1515060243.6822875
1515060244.0646563
1515060244.0646915
1515060244.0647035
1515060244.4175115
1515060244.4175487
1515060244.4175603
1515060244.9221537
1515060244.9222028
1515060244.9222133
1515060245.2831461
1515060245.2834747
1515060245.283491
1515060245.6549547
1515060245.654993
1515060245.6550074
1515060245.9445643
1515060245.9445908
1515060245.9446003
1515060246.2618406
1515060246.261886
1515060246.261897
1515060246.4798656
1515060246.4799163
1515060246.4799266
1515060246.8386877
1515060246.8387122
1515060246.8387215
1515060247.1773272
1515060247.177356
1515060247.1773665
1515060247.4389374
1515060247.4392915
1515060247.439304
1515060247.6890056
1515060247.6893208
1515060247.6893365
1515060247.9773884
1515060247.9774344
1515060247.9774468
1515060248.3426347
1515060248.3426633
1515060248.3426735
1515060248.6055849
1515060248.6056154
1515060248.6056254
1515060248.8988335
1515060248.8988636
1515060248.8988745
1515060249.1776338
1515060249.1776688
1515060249.1776814
1515060249.4405258
1515060249.440559
1515060249.4405687
1515060249.7792013
1515060249.7792299
1515060249.7792397
1515060250.1545134
1515060250.16113
1515060250.161154
1515060250.464445
1515060250.4644756
1515060250.464489
1515060250.7340224
1515060250.7340555
1515060250.7340684
1515060250.9885643
1515060250.988594
1515060250.9886038
1515060251.2506523
1515060251.2506876
1515060251.2507
1515060251.5236282
1515060251.5236628
1515060251.5236735
1515060251.6906428
1515060251.6906796