
1515060225.688416
1515060230.1226535
1515060230.1226978
1515060230.1227174
1515060230.6747131
1515060230.6747425
1515060230.6747525
1515060231.1855586
1515060231.185587
1515060231.185598
1515060232.002215
1515060232.0022454
1515060232.0022573
1515060232.4470966
1515060232.447124
1515060232.4471364
1515060232.9634387
1515060232.9634857
1515060232.9635084
1515060233.4741642
1515060233.4742084
1515060233.4742255
1515060233.9690168
1515060233.9690437
1515060233.9690533
1515060234.4927144
1515060234.4927514
1515060234.492763
1515060235.0050452
1515060235.0050735
1515060235.005083
1515060235.4746208
1515060235.474661
1515060235.4746737
1515060235.7964773
1515060235.796517
1515060235.7965298
1515060236.2385397
1515060236.2391949
1515060236.2392151
1515060236.7218423
1515060236.7218683
1515060236.7218778
1515060237.2217398
1515060237.2217724
1515060237.221782
1515060237.685254
1515060237.6852858
1515060237.6852977
1515060238.0891187
1515060238.0891464
1515060238.0891564
1515060238.5034585
1515060238.5034864
1515060238.5034962
1515060238.9917488
1515060238.991784
1515060238.9917939
1515060239.5588355
1515060239.5588706
1515060239.558883
1515060240.1703746
1515060240.1704266
1515060240.17044
1515060240.6789134
1515060240.6789443
1515060240.6789556
1515060241.0968974
1515060241.0969257
1515060241.0969355
1515060241.5825932
1515060241.5826247
1515060241.5826342
1515060242.1594975
1515060242.1595266
1515060242.1595361
1515060242.7000666
1515060242.700103
1515060242.7001138
1515060243.054299
1515060243.0543275
1515060243.0543375
1515060243.4424613
1515060243.442496
1515060243.4425097
1515060243.9232216
1515060243.9232595
1515060243.923273
1515060244.351354
1515060244.3513901
1515060244.3514004
1515060244.727148
1515060244.7271793
1515060244.7271893
1515060245.0303574
1515060245.0304174
1515060245.0304334
1515060245.4383817
1515060245.4384215
1515060245.4384325
1515060245.8624566
1515060245.8624942
1515060245.862504
1515060246.3148406
1515060246.3148808
1515060246.3148942
1515060246.6837175
1515060246.6837654
1515060246.683779
1515060246.9824243
1515060246.9824536
1515060246.9824631
1515060247.4619014
1515060247.4619274
1515060247.4619367
1515060247.9917789
1515060247.9918246
1515060247.991839
1515060248.4311488
1515060248.4311874
1515060248.4312034
1515060248.776849
1515060248.7768784
1515060248.7768886
1515060249.0967479
1515060249.0967784
1515060249.0967898
1515060249.448302
1515060249.4483283
1515060249.448338
1515060249.8842413
1515060249.8842638
1515060249.884273
1515060250.3163178
1515060250.3163464
1515060250.3163583
1515060250.6928113
1515060250.6928442
1515060250.6928537
1515060251.027331
1515060251.0273643
1515060251.0273745
1515060251.4359317
1515060251.4359636
1515060251.4359734
1515060251.7589827
1515060251.7590153
1515060251.759025
1515060252.0944798
1515060252.0945108
1515060252.0945203
1515060252.4290195
1515060252.4290466
1515060252.4290564
1515060252.6953127
1515060252.6953542
1515060252.695368
1515060252.9844933
1515060252.9845333
1515060252.9845474
1515060253.2605457
1515060253.2605937
1515060253.260606
1515060253.5233424
1515060253.5233736
1515060253.5233836
1515060253.7852907
1515060253.7853181
1515060253.785328
1515060254.0087435
1515060254.0087795
1515060254.0087943
1515060254.2698834
1515060254.2699099
1515060254.2699208
1515060254.4234707
1515060254.4235125
1515060254.4235246
1515060254.6765766
1515060254.6766124
1515060254.6766224
1515060254.8485565
1515060254.8485887
1515060254.8486
1515060255.0422418
1515060255.0422688
1515060255.04228
1515060255.187927
1515060255.1879656
1515060255.187976
1515060255.33133
1515060255.3313577
1515060255.331367
1515060255.4727795
1515060255.4728074
1515060255.4728172
1515060255.617369
1515060255.6173985
1515060255.6174083
1515060255.779553
1515060255.7796378
1515060255.7796938
1515060255.9592602
1515060255.9593081
1515060255.9593213
1515060256.0211444