
1515060225.688937
1515060226.8425264
1515060226.8425574
1515060226.8425672
1515060226.842921
1515060226.843013
1515060226.8430839
1515060227.200941
1515060227.2010686
1515060227.2011483
1515060227.6818304
1515060227.6819274
1515060227.6819816
1515060228.0664282
1515060228.0665221
1515060228.066582
1515060228.4567697
1515060228.4569361
1515060228.457016
1515060228.85696
1515060228.8570397
1515060228.8570945
1515060229.610082
1515060229.610119
1515060229.6101372
1515060230.1190436
1515060230.1191008
1515060230.1191182
1515060230.6064303
1515060230.606458
1515060230.6064672
1515060231.1311405
1515060231.1311684
1515060231.131178
1515060231.6810663
1515060231.6811028
1515060231.6811185
1515060232.1468577
1515060232.1468892
1515060232.1468997
1515060232.5561216
1515060232.5561492
1515060232.5561588
1515060233.0593452
1515060233.0593686
1515060233.0593777
1515060233.551489
1515060233.5515242
1515060233.5515363
1515060234.0455441
1515060234.0455735
1515060234.045583
1515060234.4992301
1515060234.499257
1515060234.4992666
1515060235.0138607
1515060235.0138838
1515060235.0138936
1515060235.5142617
1515060235.514297
1515060235.514309
1515060236.0756516
1515060236.075686
1515060236.0756962
1515060236.551569
1515060236.551599
1515060236.5516107
1515060236.9577
1515060236.957728
1515060236.957738
1515060237.4593396
1515060237.4593735
1515060237.4593825
1515060237.9658267
1515060237.9658601
1515060237.9658697
1515060238.3521059
1515060238.352155
1515060238.3521652
1515060238.7636938
1515060238.763721
1515060238.7637305
1515060239.146287
1515060239.1463132
1515060239.1463232
1515060239.572624
1515060239.572652
1515060239.5726616
1515060240.0988173
1515060240.0989015
1515060240.0989544
1515060240.5252957
1515060240.5253243
1515060240.5253363
1515060241.0005078
1515060241.0005336
1515060241.0005434
1515060241.5759008
1515060241.57593
1515060241.5759404
1515060242.138702
1515060242.1387289
1515060242.1387389
1515060242.5466075
1515060242.5466404
1515060242.5466504
1515060242.968055
1515060242.968088
1515060242.9680972
1515060243.2901068
1515060243.2901866
1515060243.2902203
1515060243.7311
1515060243.731128
1515060243.731138
1515060244.272869
1515060244.2728972
1515060244.272909
1515060244.6839921
1515060244.68402
1515060244.6840298
1515060245.0461214
1515060245.0461526
1515060245.0461657
1515060245.3679085
1515060245.3679385
1515060245.3679488
1515060245.8777082
1515060245.8777375
1515060245.8777468
1515060246.359347
1515060246.3593836
1515060246.3593953
1515060246.8031402
1515060246.8031678
1515060246.803177
1515060247.3151226
1515060247.3151615
1515060247.315177
1515060247.7389815
1515060247.7390103
1515060247.7390218
1515060248.3004687
1515060248.3004956
1515060248.300505
1515060248.8476496
1515060248.8476784
1515060248.8476906
1515060249.341227
1515060249.3412557
1515060249.3413165
1515060249.7942011
1515060249.7942328
1515060249.794243
1515060250.2523355
1515060250.2523634
1515060250.2523732
1515060250.6320708
1515060250.6321464
1515060250.6321986
1515060250.9716134
1515060250.9716377
1515060250.9716475
1515060251.353082
1515060251.3531125
1515060251.3531237
1515060251.6682386
1515060251.6682742
1515060251.6682858
1515060252.0058217
1515060252.005852
1515060252.0058632
1515060252.3077006
1515060252.3077323
1515060252.3077574
1515060252.60726
1515060252.6072886
1515060252.6072984
1515060252.893609
1515060252.8936439
1515060252.8936536
1515060253.1257467
1515060253.1257713
1515060253.1257944
1515060253.3760457
1515060253.3760734
1515060253.376083
1515060253.6121213
1515060253.6121485
1515060253.612158
1515060253.8550668
1515060253.8553808
1515060253.8553994
1515060254.1349416
1515060254.1349745
1515060254.1349869
1515060254.2377775