
1515060225.6829855
1515060226.237844
1515060226.2378817
1515060226.2378945
1515060226.8462222
1515060226.8462667
1515060226.8462842
1515060227.2554114
1515060227.2554514
1515060227.2554667
1515060227.627837
1515060227.6278718
1515060227.6279116
1515060227.7935138
1515060227.7935393
1515060227.793554
1515060228.0637956
1515060228.063821
1515060228.0638306
1515060228.240269
1515060228.2402961
1515060228.2403061
1515060228.5097234
1515060228.5097477
1515060228.5097573
1515060228.7996907
1515060228.799727
1515060228.7997532
1515060229.050477
1515060229.05051
1515060229.0505223
1515060229.9746146
1515060229.974644
1515060229.9746547
1515060230.323516
1515060230.3235402
1515060230.323552
1515060230.7282002
1515060230.7282228
1515060230.7282329
1515060231.1668012
1515060231.1668289
1515060231.1668384
1515060231.9693725
1515060231.9694076
1515060231.9694211
1515060232.267442
1515060232.2674716
1515060232.2674813
1515060232.5420425
1515060232.5420723
1515060232.5420847
1515060232.796083
1515060232.7961264
1515060232.7961469
1515060233.0522761
1515060233.0523045
1515060233.0523145
1515060233.3690152
1515060233.3690696
1515060233.3690836
1515060233.576083
1515060233.5761216
1515060233.5761404
1515060233.8898718
1515060233.8899002
1515060233.8899102
1515060234.1570337
1515060234.1570616
1515060234.1570709
1515060234.5032966
1515060234.5033345
1515060234.503346
1515060234.8669658
1515060234.8672757
1515060234.8672955
1515060235.1899858
1515060235.1900132
1515060235.1900232
1515060235.5380518
1515060235.5380743
1515060235.5380836
1515060235.9395196
1515060235.9395616
1515060235.939577
1515060236.243667
1515060236.2436993
1515060236.2437098
1515060236.6667697
1515060236.6667988
1515060236.6668081
1515060237.043168
1515060237.0432003
1515060237.0432103
1515060237.511214
1515060237.5112448
1515060237.5112565
1515060238.0544968
1515060238.054531
1515060238.0545404
1515060238.5234911
1515060238.5235279
1515060238.5235422
1515060238.975137
1515060238.9751697
1515060238.9751794
1515060239.4222279
1515060239.4222653
1515060239.4222753
1515060239.794037
1515060239.794066
1515060239.794076
1515060240.1145163
1515060240.1145427
1515060240.1145525
1515060240.454963
1515060240.454992
1515060240.4550014
1515060240.8091156
1515060240.8091638
1515060240.8091745
1515060241.1069381
1515060241.1069646
1515060241.1069746
1515060241.4450774
1515060241.4451091
1515060241.4451196
1515060241.7504056
1515060241.7504404
1515060241.7504508
1515060242.115225
1515060242.115266
1515060242.1152756
1515060242.546591
1515060242.546619
1515060242.5466301
1515060243.011083
1515060243.011114
1515060243.0111253
1515060243.4066913
1515060243.406715
1515060243.4067254
1515060243.9788077
1515060243.9788482
1515060243.978863
1515060244.4614034
1515060244.461437
1515060244.4614468
1515060244.8682761
1515060244.868555
1515060244.868571
1515060245.3104436
1515060245.3104835
1515060245.3104944
1515060245.8680458
1515060245.8680701
1515060245.86808
1515060246.3884664
1515060246.3884923
1515060246.3885016
1515060246.8453557
1515060246.845394
1515060246.845412
1515060247.4406822
1515060247.4407187
1515060247.4407358
1515060247.803126
1515060247.8032138
1515060247.8032675
1515060248.1891847
1515060248.1892228
1515060248.1892352
1515060248.512444
1515060248.5124867
1515060248.5125003
1515060248.960625
1515060248.96066
1515060248.9606755
1515060249.381355
1515060249.3813837
1515060249.3813944
1515060249.7804554
1515060249.780478
1515060249.7804875
1515060250.227696
1515060250.227758
1515060250.227773
1515060250.5977423
1515060250.5978127
1515060250.597833
1515060250.9510195
1515060250.9510553
1515060250.9510694
1515060251.2745187
1515060251.2745504
1515060251.2745636
1515060251.6033804
1515060251.603415
1515060251.6034245
1515060251.9624395
1515060251.96247
1515060251.9624832
1515060252.3174899
1515060252.3175182
1515060252.3175282
1515060252.6336327
1515060252.6336684
1515060252.633681
1515060252.7216456