
1515060225.6928046
1515060226.5800076
1515060226.5800388
1515060226.5800486
1515060226.5804045
1515060226.5805
1515060226.5805533
1515060226.8855658
1515060226.885673
1515060226.8857293
1515060227.2689223
1515060227.2690132
1515060227.2690663
1515060227.4438388
1515060227.4439728
1515060227.4440374
1515060227.770037
1515060227.77019
1515060227.770286
1515060228.0492225
1515060228.0493615
1515060228.0494242
1515060228.4883804
1515060228.4885361
1515060228.4886239
1515060228.822834
1515060228.8229868
1515060228.8230972
1515060229.4359357
1515060229.4361026
1515060229.4362185
1515060229.5977547
1515060229.5977833
1515060229.5977938
1515060229.9012682
1515060229.9013138
1515060229.90133
1515060230.1987917
1515060230.1988215
1515060230.1988328
1515060230.5682282
1515060230.5682566
1515060230.5682733
1515060230.8483608
1515060230.8483884
1515060230.848398
1515060231.2098289
1515060231.2098515
1515060231.209861
1515060231.7059653
1515060231.7059946
1515060231.7060053
1515060232.182989
1515060232.1830163
1515060232.183026
1515060232.6428096
1515060232.6429844
1515060232.6430588
1515060233.1115236
1515060233.111552
1515060233.1115618
1515060233.6034276
1515060233.606781
1515060233.6068232
1515060234.1687489
1515060234.168777
1515060234.1687894
1515060234.5452662
1515060234.5452955
1515060234.545306
1515060234.978211
1515060234.9782372
1515060234.9782465
1515060235.519824
1515060235.5198503
1515060235.5198612
1515060236.0190678
1515060236.0190954
1515060236.0191052
1515060236.3193436
1515060236.3193715
1515060236.319381
1515060236.7183654
1515060236.718397
1515060236.7184064
1515060237.0912042
1515060237.091231
1515060237.091241
1515060237.5046244
1515060237.5046587
1515060237.5046692
1515060237.9972749
1515060237.9972978
1515060237.9973068
1515060238.2584038
1515060238.2584314
1515060238.2584414
1515060238.5709825
1515060238.5710092
1515060238.5710208
1515060238.9542315
1515060238.9542668
1515060238.9542806
1515060239.2818933
1515060239.2819157
1515060239.2819252
1515060239.6038098
1515060239.6038358
1515060239.603846
1515060240.02236
1515060240.0224504
1515060240.022516
1515060240.3313992
1515060240.3314292
1515060240.3314388
1515060240.6185338
1515060240.6185744
1515060240.6186094
1515060240.9483297
1515060240.9483654
1515060240.9483798
1515060241.1929226
1515060241.192956
1515060241.1929665
1515060241.5416374
1515060241.5422575
1515060241.5422692
1515060241.9353592
1515060241.9356587
1515060241.9356742
1515060242.1745732
1515060242.1746001
1515060242.1746097
1515060242.5069637
1515060242.5069933
1515060242.5070043
1515060242.8256052
1515060242.8256378
1515060242.825651
1515060243.3727486
1515060243.372775
1515060243.3727863
1515060243.7604132
1515060243.7604535
1515060243.7604725
1515060244.183676
1515060244.1837122
1515060244.1837292
1515060244.4997036
1515060244.501206
1515060244.5012193
1515060244.8559935
1515060244.8560207
1515060244.85603
1515060245.2948313
1515060245.2948585
1515060245.2948682
1515060245.8649735
1515060245.8649952
1515060245.8650048
1515060246.4055104
1515060246.4055355
1515060246.4055452
1515060246.850136
1515060246.8501577
1515060246.8501673
1515060247.4015028
1515060247.40153
1515060247.4015393
1515060247.783928
1515060247.7839625
1515060247.783977
1515060248.2834165
1515060248.283445
1515060248.2834554
1515060248.843349
1515060248.8433774
1515060248.8433874
1515060249.3220084
1515060249.322041
1515060249.3220503
1515060249.8196857
1515060249.8197122
1515060249.8197222
1515060250.1699896
1515060250.1700194