
1515060225.6685162
1515060230.1507394
1515060230.1507742
1515060230.1507857
1515060230.6022768
1515060230.602317
1515060230.6023302
1515060231.064119
1515060231.0641458
1515060231.0641584
1515060231.3963401
1515060231.3963723
1515060231.3963833
1515060231.8276749
1515060231.827713
1515060231.8277228
1515060232.2111375
1515060232.2111642
1515060232.211174
1515060232.6237016
1515060232.6237895
1515060232.6238422
1515060232.9982393
1515060232.9982743
1515060232.998287
1515060233.4506283
1515060233.4506617
1515060233.450673
1515060233.898884
1515060233.8989074
1515060233.8989172
1515060234.4421918
1515060234.4422245
1515060234.4422364
1515060234.8544092
1515060234.8544466
1515060234.8544586
1515060235.2831972
1515060235.2832367
1515060235.2832503
1515060235.6709235
1515060235.671232
1515060235.6712487
1515060236.109285
1515060236.1093097
1515060236.1093194
1515060236.516685
1515060236.5167227
1515060236.5167367
1515060236.9099054
1515060236.9099343
1515060236.9099438
1515060237.3325808
1515060237.3326275
1515060237.3326387
1515060237.760984
1515060237.7610354
1515060237.761047
1515060238.127149
1515060238.1271815
1515060238.1271915
1515060238.5409539
1515060238.54098
1515060238.5409899
1515060238.9919856
1515060238.9920158
1515060238.9920278
1515060239.5118048
1515060239.5118766
1515060239.5119069
1515060240.0255437
1515060240.0255733
1515060240.0255833
1515060240.5021565
1515060240.502187
1515060240.5021975
1515060241.0473237
1515060241.0473495
1515060241.0473592
1515060241.598211
1515060241.5982354
1515060241.5982451
1515060242.3036816
1515060242.3037193
1515060242.303732
1515060242.6049507
1515060242.6049943
1515060242.605011
1515060242.903872
1515060242.9039385
1515060242.903951
1515060243.1180131
1515060243.1180422
1515060243.1180518
1515060243.402521
1515060243.4025488
1515060243.4025583
1515060243.770382
1515060243.7704098
1515060243.7704198
1515060244.107338
1515060244.1073704
1515060244.1073825
1515060244.4893858
1515060244.4894176
1515060244.4894278
1515060244.8633857
1515060244.8634162
1515060244.8634257
1515060245.2840533
1515060245.284083
1515060245.2840948
1515060245.7908065
1515060245.7908378
1515060245.7908487
1515060246.1516483
1515060246.1516826
1515060246.151695
1515060246.4306557
1515060246.4306803
1515060246.4313142
1515060246.7600076
1515060246.7600386
1515060246.7600486
1515060247.0638075
1515060247.063841
1515060247.0638516
1515060247.4790244
1515060247.4790497
1515060247.4790585
1515060247.8967392
1515060247.8967721
1515060247.8967845
1515060248.2543151
1515060248.2543488
1515060248.2543619
1515060248.559824
1515060248.559852
1515060248.559862
1515060248.9321694
1515060248.9321992
1515060248.9322088
1515060249.3414352
1515060249.3414607
1515060249.3414717
1515060249.7189302
1515060249.7195992
1515060249.7196155
1515060250.180975
1515060250.1810002
1515060250.1810102
1515060250.5157585
1515060250.5157917
1515060250.5158036
1515060250.8689344
1515060250.8689618
1515060250.8689713
1515060251.1711595
1515060251.1712358
1515060251.1712518
1515060251.4781382
1515060251.4781723
1515060251.478182
1515060251.7607176
1515060251.760757
1515060251.7607687
1515060252.0611193
1515060252.0611548
1515060252.061169
1515060252.3423793
1515060252.342409
1515060252.3424199
1515060252.8472168
1515060252.8472502
1515060252.847263
1515060253.1075857
1515060253.1076272
1515060253.1076386
1515060253.3777375
1515060253.377763
1515060253.377772
1515060253.6542094
1515060253.6543097
1515060253.6543767
1515060253.7610042