
1515060225.6721544
1515060226.8875182
1515060226.8875484
1515060226.8875587
1515060226.8879347
1515060226.888031
1515060226.8880835
1515060227.2546659
1515060227.2547896
1515060227.254857
1515060227.7117634
1515060227.711869
1515060227.7119458
1515060227.892541
1515060227.8926558
1515060227.89272
1515060228.1839077
1515060228.1840289
1515060228.1841044
1515060228.46877
1515060228.4689233
1515060228.4690123
1515060228.868721
1515060228.8688314
1515060228.868912
1515060229.5985136
1515060229.5985386
1515060229.5985496
1515060229.9549725
1515060229.955021
1515060229.9550354
1515060230.3099308
1515060230.3099592
1515060230.309969
1515060230.7127717
1515060230.7128005
1515060230.7128108
1515060231.2049816
1515060231.2050111
1515060231.205021
1515060231.9150732
1515060231.915124
1515060231.9151454
1515060232.5009704
1515060232.5010056
1515060232.5010192
1515060233.0253208
1515060233.025349
1515060233.0253587
1515060233.5374637
1515060233.5374918
1515060233.5375016
1515060234.016883
1515060234.0169117
1515060234.016922
1515060234.4431155
1515060234.4431388
1515060234.4431486
1515060234.8895774
1515060234.8896017
1515060234.8896115
1515060235.2999136
1515060235.2999423
1515060235.2999518
1515060235.724455
1515060235.724906
1515060235.7249324
1515060236.267316
1515060236.2673385
1515060236.2673483
1515060236.7170923
1515060236.7171197
1515060236.717129
1515060237.1443563
1515060237.144384
1515060237.1443932
1515060237.5305843
1515060237.5306094
1515060237.5306199
1515060237.996027
1515060237.9960546
1515060237.9960644
1515060238.4311817
1515060238.4312136
1515060238.431223
1515060238.8269765
1515060238.8273032
1515060238.8273199
1515060239.2200158
1515060239.2200477
1515060239.2200575
1515060239.6046193
1515060239.6046455
1515060239.6046555
1515060240.0511138
1515060240.0511427
1515060240.0511532
1515060240.45362
1515060240.453648
1515060240.4536576
1515060240.7379596
1515060240.7379925
1515060240.7380023
1515060241.0484128
1515060241.0484385
1515060241.048448
1515060241.3753767
1515060241.375411
1515060241.375421
1515060241.8424053
1515060241.8424325
1515060241.8424444
1515060242.1462986
1515060242.1463206
1515060242.1463296
1515060242.512951
1515060242.5185292
1515060242.5185595
1515060242.8660994
1515060242.8661304
1515060242.8661416
1515060243.1325142
1515060243.1325436
1515060243.132556
1515060243.4413
1515060243.4413273
1515060243.4413376
1515060243.8456569
1515060243.845685
1515060243.8456948
1515060244.2309585
1515060244.2309864
1515060244.230996
1515060244.534339
1515060244.5343752
1515060244.5343914
1515060244.8771646
1515060244.8771865
1515060244.877196
1515060245.2851713
1515060245.2851932
1515060245.2852025
1515060245.7913458
1515060245.7913818
1515060245.7913957
1515060246.3249357
1515060246.3249626
1515060246.3249722
1515060246.8410182
1515060246.8410432
1515060246.8410523
1515060247.4970074
1515060247.4970288
1515060247.4970384
1515060248.0259528
1515060248.025982
1515060248.0259936
1515060248.5253184
1515060248.5253525
1515060248.5253627
1515060248.9484484
1515060248.948479
1515060248.9484887
1515060249.4522107
1515060249.4522388
1515060249.4522483
1515060249.9231598
1515060249.9231904
1515060249.9232032
1515060250.3429768
1515060250.343088
1515060250.3431692
1515060250.7484381
1515060250.74846
1515060250.7484725
1515060251.129046
1515060251.1290805
1515060251.1290903
1515060251.5420249
1515060251.5420518
1515060251.5420628
1515060251.938356
1515060251.9383912
1515060251.938403
1515060252.2687056
1515060252.268745
1515060252.268757
1515060252.5629277
1515060252.5629604
1515060252.5629725
1515060252.821831
1515060252.8218596
1515060252.8218694
1515060253.04148
1515060253.0415142
1515060253.0415242
1515060253.29921
1515060253.2992425
1515060253.2992547
1515060253.5530603
1515060253.553086
1515060253.5530956
1515060253.7234132
1515060253.7234402
1515060253.72345
1515060253.9009776
1515060253.9010084
1515060253.90102
1515060254.1556826
1515060254.1557136
1515060254.1557264
1515060254.3261175
1515060254.3261487
1515060254.326159
1515060254.472935
1515060254.4729776
1515060254.4729958
1515060254.6899166
1515060254.6899462
1515060254.6899576
1515060254.8525894
1515060254.852622
1515060254.8526325
1515060255.0292175
1515060255.029251
1515060255.029262
1515060255.083876