
1515060225.6887858
1515060230.2661388
1515060230.2661653
1515060230.2661753
1515060230.7988856
1515060230.7989206
1515060230.7989318
1515060231.2219625
1515060231.2219858
1515060231.2220013
1515060231.7097363
1515060231.7097652
1515060231.709779
1515060232.0770013
1515060232.07703
1515060232.0770404
1515060232.5100865
1515060232.5101204
1515060232.510134
1515060233.0071251
1515060233.007151
1515060233.0071607
1515060233.5458558
1515060233.545894
1515060233.5459058
1515060234.2171931
1515060234.2172215
1515060234.2172313
1515060234.5003335
1515060234.5003557
1515060234.500365
1515060234.8391562
1515060234.839605
1515060234.839628
1515060235.151108
1515060235.1511366
1515060235.1511493
1515060235.537806
1515060235.537829
1515060235.5378382
1515060235.9460843
1515060235.946455
1515060235.9464734
1515060236.2599852
1515060236.2600095
1515060236.2600188
1515060236.6149716
1515060236.615
1515060236.61501
1515060236.9109523
1515060236.9109814
1515060236.9109907
1515060237.2259283
1515060237.225971
1515060237.2259836
1515060237.5502026
1515060237.5502303
1515060237.5502398
1515060238.1419795
1515060238.1420069
1515060238.1420166
1515060238.4852386
1515060238.4852636
1515060238.4852731
1515060238.7957108
1515060238.7973
1515060238.797316
1515060239.0717938
1515060239.0718253
1515060239.071835
1515060239.496745
1515060239.4967759
1515060239.4968424
1515060239.98542
1515060239.9854414
1515060239.985451
1515060240.2754939
1515060240.2755356
1515060240.2755516
1515060240.5869117
1515060240.5869453
1515060240.5869555
1515060240.9610088
1515060240.96104
1515060240.9610538
1515060241.2699552
1515060241.2699869
1515060241.27
1515060241.6190321
1515060241.6191103
1515060241.6191618
1515060242.0893242
1515060242.0893705
1515060242.0893803
1515060242.4173284
1515060242.4173617
1515060242.417375
1515060242.7953875
1515060242.7954197
1515060242.7954302
1515060243.2011695
1515060243.2011943
1515060243.201204
1515060243.7177458
1515060243.7177713
1515060243.717781
1515060244.3664858
1515060244.3665104
1515060244.3665206
1515060244.810028
1515060244.810058
1515060244.810069
1515060245.1679072
1515060245.1679356
1515060245.1679451
1515060245.4676766
1515060245.4677014
1515060245.4677112
1515060245.906223
1515060245.9062536
1515060245.9062665
1515060246.3649867
1515060246.3650134
1515060246.3650231
1515060246.8116412
1515060246.8116684
1515060246.811679
1515060247.334184
1515060247.3342068
1515060247.3342245
1515060247.795777
1515060247.795812
1515060247.7958295
1515060248.3435524
1515060248.34358
1515060248.3435893
1515060248.818806
1515060248.8188338
1515060248.8188438
1515060249.1963627
1515060249.1963987
1515060249.1964095
1515060249.5270805
1515060249.5271208
1515060249.527137
1515060249.9216821
1515060249.9217124
1515060249.9217222
1515060250.2890863
1515060250.2891164
1515060250.2891266
1515060250.6088145
1515060250.6088383
1515060250.608848
1515060250.9453363
1515060250.9453714
1515060250.9453814
1515060251.2046242
1515060251.204655
1515060251.2046645
1515060251.542685
1515060251.542711
1515060251.5427203
1515060251.8489153
1515060251.8489547
1515060251.84897
1515060252.1005077
1515060252.1005378
1515060252.1005502
1515060252.3790445
1515060252.3790758
1515060252.37909
1515060252.6199899
1515060252.6200173
1515060252.620031
1515060252.8358157
1515060252.8358452
1515060252.835855
1515060253.0799725
1515060253.080003
1515060253.0800147
1515060253.2834196
1515060253.2834578
1515060253.2834697
1515060253.4793026
1515060253.4793339
1515060253.4793456
1515060253.6904845
1515060253.6905894
1515060253.6907148
1515060253.868264
1515060253.8682911
1515060253.868301
1515060254.1132894
1515060254.1133244
1515060254.1133342
1515060254.2475615
1515060254.2475996